 -3.00000e+00 1.06985e-29 
 -2.80000e+00 1.08380e-29 
 -2.60000e+00 1.09663e-29 
 -2.40000e+00 1.10819e-29 
 -2.20000e+00 1.11831e-29 
 -2.00000e+00 1.12687e-29 
 -1.80000e+00 1.13372e-29 
 -1.60000e+00 1.13875e-29 
 -1.40000e+00 1.14189e-29 
 -1.20000e+00 1.14305e-29 
 -1.00000e+00 1.14222e-29 
 -8.00000e-01 1.13940e-29 
 -6.00000e-01 1.13462e-29 
 -4.00000e-01 1.12796e-29 
 -2.00000e-01 1.11950e-29 
 3.88578e-16 1.10939e-29 
 2.00000e-01 1.09775e-29 
 4.00000e-01 1.08475e-29 
 6.00000e-01 1.07056e-29 
 8.00000e-01 1.05535e-29 
 1.00000e+00 1.03927e-29 
 1.20000e+00 1.02250e-29 
 1.40000e+00 1.00519e-29 
 1.60000e+00 9.87460e-30 
 1.80000e+00 9.69454e-30 
 2.00000e+00 9.51281e-30 
 2.20000e+00 9.33043e-30 
 2.40000e+00 9.14827e-30 
 2.60000e+00 8.96708e-30 
 2.80000e+00 8.78752e-30 
 3.00000e+00 8.61013e-30 
 3.20000e+00 8.43536e-30 
 3.40000e+00 8.26357e-30 
 3.60000e+00 8.09507e-30 
 3.80000e+00 7.93007e-30 
 4.00000e+00 7.76875e-30 
 4.20000e+00 7.61124e-30 
 4.40000e+00 7.45762e-30 
 4.60000e+00 7.30793e-30 
 4.80000e+00 7.16219e-30 
 5.00000e+00 7.02040e-30 
 5.20000e+00 6.88252e-30 
 5.40000e+00 6.74851e-30 
 5.60000e+00 6.61832e-30 
 5.80000e+00 6.49186e-30 
 6.00000e+00 6.36907e-30 
 6.20000e+00 6.24985e-30 
 6.40000e+00 6.13412e-30 
 6.60000e+00 6.02179e-30 
 6.80000e+00 5.91274e-30 
