 -3.00000e+00 1.06992e-29 
 -2.80000e+00 1.08388e-29 
 -2.60000e+00 1.09671e-29 
 -2.40000e+00 1.10827e-29 
 -2.20000e+00 1.11840e-29 
 -2.00000e+00 1.12696e-29 
 -1.80000e+00 1.13382e-29 
 -1.60000e+00 1.13886e-29 
 -1.40000e+00 1.14199e-29 
 -1.20000e+00 1.14316e-29 
 -1.00000e+00 1.14233e-29 
 -8.00000e-01 1.13951e-29 
 -6.00000e-01 1.13473e-29 
 -4.00000e-01 1.12806e-29 
 -2.00000e-01 1.11960e-29 
 3.88578e-16 1.10948e-29 
 2.00000e-01 1.09784e-29 
 4.00000e-01 1.08484e-29 
 6.00000e-01 1.07065e-29 
 8.00000e-01 1.05543e-29 
 1.00000e+00 1.03935e-29 
 1.20000e+00 1.02258e-29 
 1.40000e+00 1.00525e-29 
 1.60000e+00 9.87523e-30 
 1.80000e+00 9.69512e-30 
 2.00000e+00 9.51335e-30 
 2.20000e+00 9.33093e-30 
 2.40000e+00 9.14872e-30 
 2.60000e+00 8.96750e-30 
 2.80000e+00 8.78791e-30 
 3.00000e+00 8.61048e-30 
 3.20000e+00 8.43568e-30 
 3.40000e+00 8.26387e-30 
 3.60000e+00 8.09534e-30 
 3.80000e+00 7.93032e-30 
 4.00000e+00 7.76898e-30 
 4.20000e+00 7.61145e-30 
 4.40000e+00 7.45781e-30 
 4.60000e+00 7.30810e-30 
 4.80000e+00 7.16235e-30 
 5.00000e+00 7.02054e-30 
 5.20000e+00 6.88265e-30 
 5.40000e+00 6.74863e-30 
 5.60000e+00 6.61842e-30 
 5.80000e+00 6.49196e-30 
 6.00000e+00 6.36916e-30 
 6.20000e+00 6.24993e-30 
 6.40000e+00 6.13420e-30 
 6.60000e+00 6.02185e-30 
 6.80000e+00 5.91280e-30 
