 -3.00000e+00 1.71435e-29 
 -2.80000e+00 1.82391e-29 
 -2.60000e+00 1.94754e-29 
 -2.40000e+00 2.08780e-29 
 -2.20000e+00 2.24787e-29 
 -2.00000e+00 2.43166e-29 
 -1.80000e+00 2.64399e-29 
 -1.60000e+00 2.89074e-29 
 -1.40000e+00 3.17886e-29 
 -1.20000e+00 3.51622e-29 
 -1.00000e+00 3.91143e-29 
 -8.00000e-01 4.37421e-29 
 -6.00000e-01 4.91668e-29 
 -4.00000e-01 5.55643e-29 
 -2.00000e-01 6.31866e-29 
 3.88578e-16 7.14500e-29 
 2.00000e-01 7.48911e-29 
 4.00000e-01 6.91344e-29 
 6.00000e-01 6.09924e-29 
 8.00000e-01 5.41183e-29 
 1.00000e+00 4.84920e-29 
 1.20000e+00 4.37827e-29 
 1.40000e+00 3.97673e-29 
 1.60000e+00 3.62825e-29 
 1.80000e+00 3.32001e-29 
 2.00000e+00 3.04265e-29 
 2.20000e+00 2.79157e-29 
 2.40000e+00 2.56581e-29 
 2.60000e+00 2.36504e-29 
 2.80000e+00 2.18797e-29 
 3.00000e+00 2.03241e-29 
 3.20000e+00 1.89571e-29 
 3.40000e+00 1.77520e-29 
 3.60000e+00 1.66851e-29 
 3.80000e+00 1.57359e-29 
 4.00000e+00 1.48872e-29 
 4.20000e+00 1.41247e-29 
 4.40000e+00 1.34363e-29 
 4.60000e+00 1.28121e-29 
 4.80000e+00 1.22436e-29 
 5.00000e+00 1.17237e-29 
 5.20000e+00 1.12464e-29 
 5.40000e+00 1.08067e-29 
 5.60000e+00 1.04003e-29 
 5.80000e+00 1.00236e-29 
 6.00000e+00 9.67340e-30 
 6.20000e+00 9.34696e-30 
 6.40000e+00 9.04196e-30 
 6.60000e+00 8.75634e-30 
 6.80000e+00 8.48829e-30 
