 -3.00000e+00 1.06999e-29 
 -2.80000e+00 1.08394e-29 
 -2.60000e+00 1.09678e-29 
 -2.40000e+00 1.10833e-29 
 -2.20000e+00 1.11846e-29 
 -2.00000e+00 1.12701e-29 
 -1.80000e+00 1.13386e-29 
 -1.60000e+00 1.13890e-29 
 -1.40000e+00 1.14204e-29 
 -1.20000e+00 1.14320e-29 
 -1.00000e+00 1.14237e-29 
 -8.00000e-01 1.13955e-29 
 -6.00000e-01 1.13477e-29 
 -4.00000e-01 1.12810e-29 
 -2.00000e-01 1.11964e-29 
 3.88578e-16 1.10952e-29 
 2.00000e-01 1.09787e-29 
 4.00000e-01 1.08487e-29 
 6.00000e-01 1.07067e-29 
 8.00000e-01 1.05545e-29 
 1.00000e+00 1.03937e-29 
 1.20000e+00 1.02259e-29 
 1.40000e+00 1.00527e-29 
 1.60000e+00 9.87535e-30 
 1.80000e+00 9.69524e-30 
 2.00000e+00 9.51346e-30 
 2.20000e+00 9.33104e-30 
 2.40000e+00 9.14883e-30 
 2.60000e+00 8.96761e-30 
 2.80000e+00 8.78802e-30 
 3.00000e+00 8.61060e-30 
 3.20000e+00 8.43580e-30 
 3.40000e+00 8.26398e-30 
 3.60000e+00 8.09545e-30 
 3.80000e+00 7.93043e-30 
 4.00000e+00 7.76908e-30 
 4.20000e+00 7.61155e-30 
 4.40000e+00 7.45790e-30 
 4.60000e+00 7.30819e-30 
 4.80000e+00 7.16243e-30 
 5.00000e+00 7.02062e-30 
 5.20000e+00 6.88272e-30 
 5.40000e+00 6.74870e-30 
 5.60000e+00 6.61849e-30 
 5.80000e+00 6.49202e-30 
 6.00000e+00 6.36921e-30 
 6.20000e+00 6.24998e-30 
 6.40000e+00 6.13424e-30 
 6.60000e+00 6.02189e-30 
 6.80000e+00 5.91284e-30 
