 -3.00000e+00 8.53176e-29 
 -2.80000e+00 9.13732e-29 
 -2.60000e+00 9.83390e-29 
 -2.40000e+00 1.06431e-28 
 -2.20000e+00 1.15935e-28 
 -2.00000e+00 1.27235e-28 
 -1.80000e+00 1.40856e-28 
 -1.60000e+00 1.57527e-28 
 -1.40000e+00 1.78291e-28 
 -1.20000e+00 2.04669e-28 
 -1.00000e+00 2.39002e-28 
 -8.00000e-01 2.85539e-28 
 -6.00000e-01 3.54605e-28 
 -4.00000e-01 4.73640e-28 
 -2.00000e-01 6.98339e-28 
 3.88578e-16 1.52583e-27 
 2.00000e-01 6.98339e-28 
 4.00000e-01 4.73640e-28 
 6.00000e-01 3.54605e-28 
 8.00000e-01 2.85539e-28 
 1.00000e+00 2.39002e-28 
 1.20000e+00 2.04669e-28 
 1.40000e+00 1.78291e-28 
 1.60000e+00 1.57527e-28 
 1.80000e+00 1.40856e-28 
 2.00000e+00 1.27235e-28 
 2.20000e+00 1.15935e-28 
 2.40000e+00 1.06431e-28 
 2.60000e+00 9.83390e-29 
 2.80000e+00 9.13732e-29 
 3.00000e+00 8.53176e-29 
 3.20000e+00 8.00072e-29 
 3.40000e+00 7.53141e-29 
 3.60000e+00 7.11379e-29 
 3.80000e+00 6.73984e-29 
 4.00000e+00 6.40311e-29 
 4.20000e+00 6.09836e-29 
 4.40000e+00 5.82126e-29 
 4.60000e+00 5.56821e-29 
 4.80000e+00 5.33624e-29 
 5.00000e+00 5.12281e-29 
 5.20000e+00 4.92580e-29 
 5.40000e+00 4.74337e-29 
 5.60000e+00 4.57397e-29 
 5.80000e+00 4.41625e-29 
 6.00000e+00 4.26904e-29 
 6.20000e+00 4.13134e-29 
 6.40000e+00 4.00223e-29 
 6.60000e+00 3.88095e-29 
 6.80000e+00 3.76681e-29 
