 -3.00000e+00 8.53153e-29 
 -2.80000e+00 9.13725e-29 
 -2.60000e+00 9.83406e-29 
 -2.40000e+00 1.06435e-28 
 -2.20000e+00 1.15940e-28 
 -2.00000e+00 1.27240e-28 
 -1.80000e+00 1.40861e-28 
 -1.60000e+00 1.57538e-28 
 -1.40000e+00 1.78308e-28 
 -1.20000e+00 2.04686e-28 
 -1.00000e+00 2.39011e-28 
 -8.00000e-01 2.85547e-28 
 -6.00000e-01 3.54615e-28 
 -4.00000e-01 4.73652e-28 
 -2.00000e-01 6.98371e-28 
 3.88578e-16 1.52614e-27 
 2.00000e-01 6.98371e-28 
 4.00000e-01 4.73652e-28 
 6.00000e-01 3.54615e-28 
 8.00000e-01 2.85547e-28 
 1.00000e+00 2.39011e-28 
 1.20000e+00 2.04686e-28 
 1.40000e+00 1.78308e-28 
 1.60000e+00 1.57538e-28 
 1.80000e+00 1.40861e-28 
 2.00000e+00 1.27240e-28 
 2.20000e+00 1.15940e-28 
 2.40000e+00 1.06435e-28 
 2.60000e+00 9.83406e-29 
 2.80000e+00 9.13725e-29 
 3.00000e+00 8.53153e-29 
 3.20000e+00 8.00044e-29 
 3.40000e+00 7.53115e-29 
 3.60000e+00 7.11359e-29 
 3.80000e+00 6.73971e-29 
 4.00000e+00 6.40304e-29 
 4.20000e+00 6.09833e-29 
 4.40000e+00 5.82125e-29 
 4.60000e+00 5.56822e-29 
 4.80000e+00 5.33626e-29 
 5.00000e+00 5.12283e-29 
 5.20000e+00 4.92581e-29 
 5.40000e+00 4.74338e-29 
 5.60000e+00 4.57398e-29 
 5.80000e+00 4.41626e-29 
 6.00000e+00 4.26905e-29 
 6.20000e+00 4.13134e-29 
 6.40000e+00 4.00223e-29 
 6.60000e+00 3.88096e-29 
 6.80000e+00 3.76681e-29 
