 -3.00000e+00 1.71436e-29 
 -2.80000e+00 1.82392e-29 
 -2.60000e+00 1.94754e-29 
 -2.40000e+00 2.08781e-29 
 -2.20000e+00 2.24788e-29 
 -2.00000e+00 2.43166e-29 
 -1.80000e+00 2.64399e-29 
 -1.60000e+00 2.89074e-29 
 -1.40000e+00 3.17886e-29 
 -1.20000e+00 3.51622e-29 
 -1.00000e+00 3.91143e-29 
 -8.00000e-01 4.37422e-29 
 -6.00000e-01 4.91669e-29 
 -4.00000e-01 5.55645e-29 
 -2.00000e-01 6.31869e-29 
 3.88578e-16 7.14503e-29 
 2.00000e-01 7.48913e-29 
 4.00000e-01 6.91347e-29 
 6.00000e-01 6.09927e-29 
 8.00000e-01 5.41186e-29 
 1.00000e+00 4.84922e-29 
 1.20000e+00 4.37828e-29 
 1.40000e+00 3.97673e-29 
 1.60000e+00 3.62825e-29 
 1.80000e+00 3.32000e-29 
 2.00000e+00 3.04265e-29 
 2.20000e+00 2.79156e-29 
 2.40000e+00 2.56580e-29 
 2.60000e+00 2.36503e-29 
 2.80000e+00 2.18796e-29 
 3.00000e+00 2.03240e-29 
 3.20000e+00 1.89570e-29 
 3.40000e+00 1.77519e-29 
 3.60000e+00 1.66850e-29 
 3.80000e+00 1.57358e-29 
 4.00000e+00 1.48871e-29 
 4.20000e+00 1.41246e-29 
 4.40000e+00 1.34362e-29 
 4.60000e+00 1.28120e-29 
 4.80000e+00 1.22435e-29 
 5.00000e+00 1.17236e-29 
 5.20000e+00 1.12463e-29 
 5.40000e+00 1.08066e-29 
 5.60000e+00 1.04003e-29 
 5.80000e+00 1.00236e-29 
 6.00000e+00 9.67334e-30 
 6.20000e+00 9.34691e-30 
 6.40000e+00 9.04192e-30 
 6.60000e+00 8.75630e-30 
 6.80000e+00 8.48825e-30 
