0.000000000000e+00 3.745851739851e-06
1.000000000000e-01 4.260085625983e-06
2.000000000000e-01 5.280646158940e-06
3.000000000000e-01 6.288922000369e-06
4.000000000000e-01 7.281527893656e-06
5.000000000000e-01 8.247109792350e-06
6.000000000000e-01 9.185684313027e-06
7.000000000000e-01 1.009532251214e-05
8.000000000000e-01 1.096795984015e-05
9.000000000000e-01 1.180761815519e-05
1.000000000000e+00 1.261459096114e-05
1.100000000000e+00 1.338460141019e-05
1.200000000000e+00 1.412531281925e-05
1.300000000000e+00 1.483858247067e-05
1.400000000000e+00 1.552306012590e-05
1.500000000000e+00 1.618852032701e-05
1.600000000000e+00 1.683686639837e-05
1.700000000000e+00 1.746817478369e-05
1.800000000000e+00 1.809245904761e-05
1.900000000000e+00 1.871012934399e-05
2.000000000000e+00 1.932133826880e-05
2.100000000000e+00 1.993482419949e-05
2.200000000000e+00 2.054849580798e-05
2.300000000000e+00 2.116177133706e-05
2.400000000000e+00 2.178119786719e-05
2.500000000000e+00 2.240178913048e-05
2.600000000000e+00 2.302192771621e-05
2.700000000000e+00 2.364555596127e-05
2.800000000000e+00 2.426487558630e-05
2.900000000000e+00 2.487731420870e-05
3.000000000000e+00 2.548422214573e-05
3.100000000000e+00 2.607552401396e-05
3.200000000000e+00 2.664820530138e-05
3.300000000000e+00 2.720158021570e-05
3.400000000000e+00 2.772442309625e-05
3.500000000000e+00 2.821436867717e-05
3.600000000000e+00 2.866990322162e-05
3.700000000000e+00 2.908038050907e-05
3.800000000000e+00 2.944564838200e-05
3.900000000000e+00 2.976496897494e-05
4.000000000000e+00 3.003017332369e-05
4.100000000000e+00 3.024477252521e-05
4.200000000000e+00 3.041008180172e-05
4.300000000000e+00 3.052164887386e-05
4.400000000000e+00 3.058713295454e-05
4.500000000000e+00 3.061003115142e-05
4.600000000000e+00 3.058946122490e-05
4.700000000000e+00 3.053620615008e-05
4.800000000000e+00 3.045460823585e-05
4.900000000000e+00 3.034576941957e-05
5.000000000000e+00 3.022131352340e-05
5.100000000000e+00 3.008415918596e-05
5.200000000000e+00 2.993515507928e-05
5.300000000000e+00 2.978423325333e-05
5.400000000000e+00 2.963082785801e-05
5.500000000000e+00 2.947383871157e-05
5.600000000000e+00 2.931989827602e-05
5.700000000000e+00 2.916415254856e-05
5.800000000000e+00 2.900325478791e-05
5.900000000000e+00 2.884047137848e-05
6.000000000000e+00 2.866743184026e-05
6.100000000000e+00 2.847966035492e-05
6.200000000000e+00 2.827827030397e-05
6.300000000000e+00 2.805319493872e-05
6.400000000000e+00 2.780063878145e-05
6.500000000000e+00 2.752120665632e-05
6.600000000000e+00 2.720508444447e-05
6.700000000000e+00 2.685075822574e-05
6.800000000000e+00 2.645958752202e-05
6.900000000000e+00 2.602339656944e-05
7.000000000000e+00 2.554382697866e-05
7.100000000000e+00 2.502354192897e-05
7.200000000000e+00 2.445665902174e-05
7.300000000000e+00 2.384811870885e-05
7.400000000000e+00 2.320184058477e-05
7.500000000000e+00 2.251434101927e-05
7.600000000000e+00 2.179349207819e-05
7.700000000000e+00 2.104403382360e-05
7.800000000000e+00 2.026458851601e-05
7.900000000000e+00 1.946517825020e-05
8.000000000000e+00 1.865056177405e-05
8.100000000000e+00 1.782072971854e-05
8.200000000000e+00 1.698658885339e-05
8.300000000000e+00 1.615167666741e-05
8.400000000000e+00 1.531613277265e-05
8.500000000000e+00 1.449005681064e-05
8.600000000000e+00 1.367425484517e-05
8.700000000000e+00 1.286761701296e-05
8.800000000000e+00 1.207778075155e-05
8.900000000000e+00 1.130163306305e-05
9.000000000000e+00 1.053593432815e-05
9.100000000000e+00 9.785012382557e-06
9.200000000000e+00 9.041734916439e-06
9.300000000000e+00 8.301071043789e-06
9.400000000000e+00 7.564579596232e-06
9.500000000000e+00 6.822473000482e-06
9.600000000000e+00 6.069622537026e-06
9.700000000000e+00 5.306619247303e-06
9.800000000000e+00 4.523427347433e-06
9.900000000000e+00 3.717183305856e-06
1.000000000000e+01 2.889666545568e-06
1.010000000000e+01 2.032956328067e-06
1.020000000000e+01 1.148312336220e-06
1.030000000000e+01 2.400368895333e-07
1.040000000000e+01 -6.964654474594e-07
1.050000000000e+01 -1.655400391433e-06
1.060000000000e+01 -2.630138593731e-06
1.070000000000e+01 -3.622335403892e-06
1.080000000000e+01 -4.622826001363e-06
1.090000000000e+01 -5.624201251227e-06
1.100000000000e+01 -6.626707913541e-06
1.110000000000e+01 -7.619855349830e-06
1.120000000000e+01 -8.597486217507e-06
1.130000000000e+01 -9.560160659426e-06
1.140000000000e+01 -1.049799920557e-05
1.150000000000e+01 -1.140767959476e-05
1.160000000000e+01 -1.229118088539e-05
1.170000000000e+01 -1.314041048050e-05
1.180000000000e+01 -1.395556035009e-05
1.190000000000e+01 -1.474026976284e-05
1.200000000000e+01 -1.548857673834e-05
1.210000000000e+01 -1.620405948964e-05
1.220000000000e+01 -1.689161613368e-05
1.230000000000e+01 -1.754720731275e-05
1.240000000000e+01 -1.817717219864e-05
1.250000000000e+01 -1.878691499669e-05
1.260000000000e+01 -1.937378539779e-05
1.270000000000e+01 -1.994592405043e-05
1.280000000000e+01 -2.050822456588e-05
1.290000000000e+01 -2.105857957056e-05
1.300000000000e+01 -2.160562452616e-05
1.310000000000e+01 -2.215244616257e-05
1.320000000000e+01 -2.269633484062e-05
1.330000000000e+01 -2.324486812330e-05
1.340000000000e+01 -2.379795439805e-05
1.350000000000e+01 -2.435116014365e-05
1.360000000000e+01 -2.490967000060e-05
1.370000000000e+01 -2.546933915192e-05
1.380000000000e+01 -2.602355925500e-05
1.390000000000e+01 -2.657469680782e-05
1.400000000000e+01 -2.711483446777e-05
1.410000000000e+01 -2.763597460770e-05
1.420000000000e+01 -2.813857633138e-05
1.430000000000e+01 -2.861259663348e-05
1.440000000000e+01 -2.905063293248e-05
1.450000000000e+01 -2.945318957091e-05
1.460000000000e+01 -2.981054125648e-05
1.470000000000e+01 -3.011825496829e-05
1.480000000000e+01 -3.037888361349e-05
1.490000000000e+01 -3.058513142944e-05
1.500000000000e+01 -3.073712900173e-05
1.510000000000e+01 -3.084040995249e-05
1.520000000000e+01 -3.089087887032e-05
1.530000000000e+01 -3.089323900182e-05
1.540000000000e+01 -3.085532832509e-05
1.550000000000e+01 -3.077543141525e-05
1.560000000000e+01 -3.066131794981e-05
1.570000000000e+01 -3.052122095793e-05
1.580000000000e+01 -3.035402271031e-05
1.590000000000e+01 -3.016838533998e-05
1.600000000000e+01 -2.997078305816e-05
1.610000000000e+01 -2.975898838416e-05
1.620000000000e+01 -2.954074077077e-05
1.630000000000e+01 -2.931929047480e-05
1.640000000000e+01 -2.909043605765e-05
1.650000000000e+01 -2.886012110806e-05
1.660000000000e+01 -2.862795935253e-05
1.670000000000e+01 -2.838789219185e-05
1.680000000000e+01 -2.814408767555e-05
1.690000000000e+01 -2.789294830998e-05
1.700000000000e+01 -2.762732013115e-05
1.710000000000e+01 -2.735012424071e-05
1.720000000000e+01 -2.705541375475e-05
1.730000000000e+01 -2.673597277961e-05
1.740000000000e+01 -2.639421734504e-05
1.750000000000e+01 -2.602292982398e-05
1.760000000000e+01 -2.561599915366e-05
1.770000000000e+01 -2.517623423673e-05
1.780000000000e+01 -2.469641795934e-05
1.790000000000e+01 -2.417282469625e-05
1.800000000000e+01 -2.360966892724e-05
1.810000000000e+01 -2.300107750696e-05
1.820000000000e+01 -2.234688942135e-05
1.830000000000e+01 -2.165353513299e-05
1.840000000000e+01 -2.091746176096e-05
1.850000000000e+01 -2.014262291409e-05
1.860000000000e+01 -1.933769733591e-05
1.870000000000e+01 -1.850146621237e-05
1.880000000000e+01 -1.764137748190e-05
1.890000000000e+01 -1.676718646950e-05
1.900000000000e+01 -1.587878815016e-05
1.910000000000e+01 -1.498528346460e-05
1.920000000000e+01 -1.409532613231e-05
1.930000000000e+01 -1.320791009881e-05
1.940000000000e+01 -1.233141731792e-05
1.950000000000e+01 -1.147111504044e-05
1.960000000000e+01 -1.062332762324e-05
1.970000000000e+01 -9.793946905442e-06
1.980000000000e+01 -8.983591890687e-06
1.990000000000e+01 -8.185428456132e-06
2.000000000000e+01 -7.402565693890e-06
2.010000000000e+01 -6.631376504417e-06
2.020000000000e+01 -5.863007186892e-06
2.030000000000e+01 -5.099019099693e-06
2.040000000000e+01 -4.333336191075e-06
2.050000000000e+01 -3.557286153323e-06
2.060000000000e+01 -2.772849735590e-06
2.070000000000e+01 -1.973716030532e-06
2.080000000000e+01 -1.153575451172e-06
2.090000000000e+01 -3.164407649752e-07
2.100000000000e+01 5.426337793387e-07
2.110000000000e+01 1.426332363778e-06
2.120000000000e+01 2.328049649228e-06
2.130000000000e+01 3.250862846546e-06
2.140000000000e+01 4.193732108611e-06
2.150000000000e+01 5.147956464585e-06
2.160000000000e+01 6.115153282692e-06
2.170000000000e+01 7.091281100880e-06
2.180000000000e+01 8.066641902779e-06
2.190000000000e+01 9.042222796961e-06
2.200000000000e+01 1.001203562189e-05
2.210000000000e+01 1.096664009856e-05
2.220000000000e+01 1.190729147305e-05
2.230000000000e+01 1.282718113550e-05
2.240000000000e+01 1.371836595050e-05
2.250000000000e+01 1.458325578167e-05
2.260000000000e+01 1.541537984830e-05
2.270000000000e+01 1.620948501907e-05
2.280000000000e+01 1.696996462861e-05
2.290000000000e+01 1.769176083474e-05
2.300000000000e+01 1.837325451619e-05
2.310000000000e+01 1.902130475160e-05
2.320000000000e+01 1.963286584895e-05
2.330000000000e+01 2.021018349060e-05
2.340000000000e+01 2.076222787160e-05
2.350000000000e+01 2.128760011887e-05
2.360000000000e+01 2.179151100515e-05
2.370000000000e+01 2.228356556014e-05
2.380000000000e+01 2.276255849871e-05
2.390000000000e+01 2.323472932694e-05
2.400000000000e+01 2.370805543855e-05
2.410000000000e+01 2.417954395353e-05
2.420000000000e+01 2.465427101753e-05
2.430000000000e+01 2.513649378166e-05
2.440000000000e+01 2.561997651693e-05
2.450000000000e+01 2.610728255149e-05
2.460000000000e+01 2.659808027515e-05
2.470000000000e+01 2.708287542143e-05
2.480000000000e+01 2.756193198181e-05
2.490000000000e+01 2.803114411853e-05
2.500000000000e+01 2.847933142233e-05
2.510000000000e+01 2.890607908507e-05
2.520000000000e+01 2.930554192034e-05
2.530000000000e+01 2.966727345578e-05
2.540000000000e+01 2.999226798394e-05
2.550000000000e+01 3.027511512017e-05
2.560000000000e+01 3.050822690739e-05
2.570000000000e+01 3.069546042540e-05
2.580000000000e+01 3.083315371002e-05
2.590000000000e+01 3.091757560617e-05
2.600000000000e+01 3.095567011497e-05
2.610000000000e+01 3.094562378645e-05
2.620000000000e+01 3.088733096699e-05
2.630000000000e+01 3.078995961590e-05
2.640000000000e+01 3.065276186790e-05
2.650000000000e+01 3.047827310244e-05
2.660000000000e+01 3.027651018326e-05
2.670000000000e+01 3.004671606455e-05
2.680000000000e+01 2.979289400459e-05
2.690000000000e+01 2.952452563330e-05
2.700000000000e+01 2.923986970622e-05
2.710000000000e+01 2.894331754998e-05
2.720000000000e+01 2.864260415265e-05
2.730000000000e+01 2.833421068115e-05
2.740000000000e+01 2.802196127786e-05
2.750000000000e+01 2.771082450637e-05
2.760000000000e+01 2.739491903213e-05
2.770000000000e+01 2.707675818730e-05
2.780000000000e+01 2.675788383404e-05
2.790000000000e+01 2.642991706180e-05
2.800000000000e+01 2.609385787014e-05
2.810000000000e+01 2.574790832512e-05
2.820000000000e+01 2.538190236789e-05
2.830000000000e+01 2.499604186498e-05
2.840000000000e+01 2.458631814357e-05
2.850000000000e+01 2.414248655777e-05
2.860000000000e+01 2.366557189295e-05
2.870000000000e+01 2.315130495714e-05
2.880000000000e+01 2.259161951108e-05
2.890000000000e+01 2.199024003804e-05
2.900000000000e+01 2.134457092823e-05
2.910000000000e+01 2.065055220791e-05
2.920000000000e+01 1.991570759364e-05
2.930000000000e+01 1.914000228021e-05
2.940000000000e+01 1.832383462942e-05
2.950000000000e+01 1.747808125048e-05
2.960000000000e+01 1.660456425349e-05
2.970000000000e+01 1.570695137037e-05
2.980000000000e+01 1.479753446719e-05
2.990000000000e+01 1.387805276427e-05
3.000000000000e+01 1.295325486126e-05
3.010000000000e+01 1.203431205300e-05
3.020000000000e+01 1.112076158451e-05
3.030000000000e+01 1.021639698539e-05
3.040000000000e+01 9.329303586413e-06
3.050000000000e+01 8.455598706427e-06
3.060000000000e+01 7.597169789011e-06
3.070000000000e+01 6.758349406609e-06
3.080000000000e+01 5.931982054295e-06
3.090000000000e+01 5.118383472379e-06
3.100000000000e+01 4.318709412913e-06
3.110000000000e+01 3.523741734363e-06
3.120000000000e+01 2.733362179411e-06
3.130000000000e+01 1.946760439189e-06
3.140000000000e+01 1.154243992733e-06
3.150000000000e+01 3.565228325247e-07
3.160000000000e+01 -4.479582446566e-07
3.170000000000e+01 -1.267939995437e-06
3.180000000000e+01 -2.100905889475e-06
3.190000000000e+01 -2.948204169828e-06
3.200000000000e+01 -3.816528168152e-06
3.210000000000e+01 -4.700919399897e-06
3.220000000000e+01 -5.601834911998e-06
3.230000000000e+01 -6.523138842055e-06
3.240000000000e+01 -7.457125651041e-06
3.250000000000e+01 -8.402984381141e-06
3.260000000000e+01 -9.361397604618e-06
3.270000000000e+01 -1.032211792338e-05
3.280000000000e+01 -1.128325222109e-05
3.290000000000e+01 -1.224268213246e-05
3.300000000000e+01 -1.318863167916e-05
3.310000000000e+01 -1.411914083071e-05
3.320000000000e+01 -1.503058441167e-05
3.330000000000e+01 -1.591151337049e-05
3.340000000000e+01 -1.676161659571e-05
3.350000000000e+01 -1.757764523240e-05
3.360000000000e+01 -1.835063938176e-05
3.370000000000e+01 -1.908364358545e-05
3.380000000000e+01 -1.977539707393e-05
3.390000000000e+01 -2.042093411077e-05
3.400000000000e+01 -2.102737394669e-05
3.410000000000e+01 -2.159585075848e-05
3.420000000000e+01 -2.212542659837e-05
3.430000000000e+01 -2.262642240594e-05
3.440000000000e+01 -2.310121399875e-05
3.450000000000e+01 -2.355138539607e-05
3.460000000000e+01 -2.398824582248e-05
3.470000000000e+01 -2.441324081474e-05
3.480000000000e+01 -2.482823239307e-05
3.490000000000e+01 -2.524298255761e-05
3.500000000000e+01 -2.565595603699e-05
3.510000000000e+01 -2.606749653426e-05
3.520000000000e+01 -2.648411743901e-05
3.530000000000e+01 -2.690039651062e-05
3.540000000000e+01 -2.731464102967e-05
3.550000000000e+01 -2.772984347386e-05
3.560000000000e+01 -2.813724059616e-05
3.570000000000e+01 -2.853389233151e-05
3.580000000000e+01 -2.892019947585e-05
3.590000000000e+01 -2.928559068403e-05
3.600000000000e+01 -2.962734432032e-05
3.610000000000e+01 -2.994466919917e-05
3.620000000000e+01 -3.022692413683e-05
3.630000000000e+01 -3.047300038809e-05
3.640000000000e+01 -3.068212302707e-05
3.650000000000e+01 -3.084497203682e-05
3.660000000000e+01 -3.096297394204e-05
3.670000000000e+01 -3.103613531693e-05
3.680000000000e+01 -3.105737235511e-05
3.690000000000e+01 -3.103108490632e-05
3.700000000000e+01 -3.095843885487e-05
3.710000000000e+01 -3.083509797194e-05
3.720000000000e+01 -3.066845945459e-05
3.730000000000e+01 -3.046086190504e-05
3.740000000000e+01 -3.021077325818e-05
3.750000000000e+01 -2.992808787082e-05
3.760000000000e+01 -2.961579037675e-05
3.770000000000e+01 -2.927453584108e-05
3.780000000000e+01 -2.891548597275e-05
3.790000000000e+01 -2.854103934859e-05
3.800000000000e+01 -2.815266957178e-05
3.810000000000e+01 -2.776091327042e-05
3.820000000000e+01 -2.736586780803e-05
3.830000000000e+01 -2.696810506966e-05
3.840000000000e+01 -2.657557207246e-05
3.850000000000e+01 -2.618460415987e-05
3.860000000000e+01 -2.579365085041e-05
3.870000000000e+01 -2.540695113867e-05
3.880000000000e+01 -2.501676760485e-05
3.890000000000e+01 -2.461951748999e-05
3.900000000000e+01 -2.421612122186e-05
3.910000000000e+01 -2.379603572989e-05
3.920000000000e+01 -2.335520882873e-05
3.930000000000e+01 -2.289301356370e-05
3.940000000000e+01 -2.239850947386e-05
3.950000000000e+01 -2.186950281825e-05
3.960000000000e+01 -2.130603909737e-05
3.970000000000e+01 -2.069921928644e-05
3.980000000000e+01 -2.005061245075e-05
3.990000000000e+01 -1.936242247181e-05
4.000000000000e+01 -1.862915547928e-05
4.010000000000e+01 -1.785669462146e-05
4.020000000000e+01 -1.704945632828e-05
4.030000000000e+01 -1.620520542163e-05
4.040000000000e+01 -1.533320558289e-05
4.050000000000e+01 -1.443886304868e-05
4.060000000000e+01 -1.352194784544e-05
4.070000000000e+01 -1.259331058014e-05
4.080000000000e+01 -1.165761779835e-05
4.090000000000e+01 -1.071512344712e-05
4.100000000000e+01 -9.776468170564e-06
4.110000000000e+01 -8.844135064059e-06
4.120000000000e+01 -7.917746738479e-06
4.130000000000e+01 -7.006471566606e-06
4.140000000000e+01 -6.109816378432e-06
4.150000000000e+01 -5.226260479183e-06
4.160000000000e+01 -4.362836426789e-06
4.170000000000e+01 -3.515876617726e-06
4.180000000000e+01 -2.682677933857e-06
4.190000000000e+01 -1.867926945728e-06
4.200000000000e+01 -1.065037223059e-06
4.210000000000e+01 -2.704621518639e-07
4.220000000000e+01 5.132345162114e-07
4.230000000000e+01 1.294810850029e-06
4.240000000000e+01 2.077842275249e-06
4.250000000000e+01 2.861092534637e-06
4.260000000000e+01 3.654130685714e-06
4.270000000000e+01 4.459192913467e-06
4.280000000000e+01 5.275008376080e-06
4.290000000000e+01 6.110127356725e-06
4.300000000000e+01 6.963816116171e-06
4.310000000000e+01 7.833288835903e-06
4.320000000000e+01 8.724393266289e-06
4.330000000000e+01 9.632266669566e-06
4.340000000000e+01 1.055182143028e-05
4.350000000000e+01 1.148550950223e-05
4.360000000000e+01 1.242443954062e-05
4.370000000000e+01 1.336179821118e-05
4.380000000000e+01 1.429743582349e-05
4.390000000000e+01 1.522004019380e-05
4.400000000000e+01 1.612298357726e-05
4.410000000000e+01 1.700548657970e-05
4.420000000000e+01 1.785632848880e-05
4.430000000000e+01 1.867146581483e-05
4.440000000000e+01 1.945160530223e-05
4.450000000000e+01 2.018786724557e-05
4.460000000000e+01 2.088047964370e-05
4.470000000000e+01 2.153275421933e-05
4.480000000000e+01 2.213912107886e-05
4.490000000000e+01 2.270425164026e-05
4.500000000000e+01 2.323364648939e-05
4.510000000000e+01 2.372447850113e-05
4.520000000000e+01 2.418457510683e-05
4.530000000000e+01 2.462001806020e-05
4.540000000000e+01 2.502919786065e-05
4.550000000000e+01 2.542112637994e-05
4.560000000000e+01 2.580055943084e-05
4.570000000000e+01 2.616554648331e-05
4.580000000000e+01 2.652453417345e-05
4.590000000000e+01 2.687955540062e-05
4.600000000000e+01 2.722738289937e-05
4.610000000000e+01 2.757486301080e-05
4.620000000000e+01 2.792072098503e-05
4.630000000000e+01 2.826025758965e-05
4.640000000000e+01 2.859837473005e-05
4.650000000000e+01 2.893057216526e-05
4.660000000000e+01 2.925100419703e-05
4.670000000000e+01 2.956274488965e-05
4.680000000000e+01 2.985859820489e-05
4.690000000000e+01 3.013224623177e-05
4.700000000000e+01 3.038542059759e-05
4.710000000000e+01 3.060917636668e-05
4.720000000000e+01 3.079777342709e-05
4.730000000000e+01 3.095252428554e-05
4.740000000000e+01 3.106415282977e-05
4.750000000000e+01 3.112893171019e-05
4.760000000000e+01 3.114904787476e-05
4.770000000000e+01 3.111658466509e-05
4.780000000000e+01 3.103131476327e-05
4.790000000000e+01 3.089749531341e-05
4.800000000000e+01 3.070992271426e-05
4.810000000000e+01 3.047270632233e-05
4.820000000000e+01 3.019252494704e-05
4.830000000000e+01 2.986715689413e-05
4.840000000000e+01 2.950457128769e-05
4.850000000000e+01 2.911285901874e-05
4.860000000000e+01 2.869163797514e-05
4.870000000000e+01 2.825087708176e-05
4.880000000000e+01 2.779791551087e-05
4.890000000000e+01 2.733213169142e-05
4.900000000000e+01 2.686299439692e-05
4.910000000000e+01 2.639473062433e-05
4.920000000000e+01 2.592456307054e-05
4.930000000000e+01 2.545950516487e-05
4.940000000000e+01 2.499928512221e-05
4.950000000000e+01 2.453828009249e-05
4.960000000000e+01 2.408053536070e-05
4.970000000000e+01 2.362151722148e-05
4.980000000000e+01 2.315365004462e-05
4.990000000000e+01 2.267900104188e-05
5.000000000000e+01 2.219038498109e-05
5.010000000000e+01 2.168021928979e-05
5.020000000000e+01 2.115034439106e-05
5.030000000000e+01 2.059300012920e-05
5.040000000000e+01 2.000260438661e-05
5.050000000000e+01 1.938229866563e-05
5.060000000000e+01 1.872536531247e-05
5.070000000000e+01 1.802949700264e-05
5.080000000000e+01 1.729983268702e-05
5.090000000000e+01 1.653143702927e-05
5.100000000000e+01 1.572560669297e-05
5.110000000000e+01 1.488932873899e-05
5.120000000000e+01 1.401944344865e-05
5.130000000000e+01 1.312048400866e-05
5.140000000000e+01 1.220061021667e-05
5.150000000000e+01 1.125800694547e-05
5.160000000000e+01 1.029967974881e-05
5.170000000000e+01 9.334005700131e-06
5.180000000000e+01 8.359817126367e-06
5.190000000000e+01 7.385520755726e-06
5.200000000000e+01 6.418505906837e-06
5.210000000000e+01 5.457273090858e-06
5.220000000000e+01 4.510247113186e-06
5.230000000000e+01 3.582413481173e-06
5.240000000000e+01 2.670786300293e-06
5.250000000000e+01 1.782337976842e-06
5.260000000000e+01 9.183700799541e-07
5.270000000000e+01 7.354155720897e-08
5.280000000000e+01 -7.476065308363e-07
5.290000000000e+01 -1.547954147430e-06
5.300000000000e+01 -2.335120422659e-06
5.310000000000e+01 -3.106849151330e-06
5.320000000000e+01 -3.869389508141e-06
5.330000000000e+01 -4.631256720422e-06
5.340000000000e+01 -5.391049602664e-06
5.350000000000e+01 -6.156362943064e-06
5.360000000000e+01 -6.934289802781e-06
5.370000000000e+01 -7.722186824073e-06
5.380000000000e+01 -8.526612901061e-06
5.390000000000e+01 -9.351016366691e-06
5.400000000000e+01 -1.018987562993e-05
5.410000000000e+01 -1.104713938048e-05
5.420000000000e+01 -1.192158954557e-05
5.430000000000e+01 -1.280460307689e-05
5.440000000000e+01 -1.369749838559e-05
5.450000000000e+01 -1.459504390049e-05
5.460000000000e+01 -1.548686518507e-05
5.470000000000e+01 -1.637304323832e-05
5.480000000000e+01 -1.724621838073e-05
5.490000000000e+01 -1.809648332921e-05
5.500000000000e+01 -1.892459912533e-05
5.510000000000e+01 -1.972317887325e-05
5.520000000000e+01 -2.048480623769e-05
5.530000000000e+01 -2.121235143150e-05
5.540000000000e+01 -2.189980578881e-05
5.550000000000e+01 -2.254332604017e-05
5.560000000000e+01 -2.314830300908e-05
5.570000000000e+01 -2.371050064098e-05
5.580000000000e+01 -2.422969174312e-05
5.590000000000e+01 -2.471328920857e-05
5.600000000000e+01 -2.515846607358e-05
5.610000000000e+01 -2.556797682298e-05
5.620000000000e+01 -2.595027235963e-05
5.630000000000e+01 -2.630322746677e-05
5.640000000000e+01 -2.663164242150e-05
5.650000000000e+01 -2.694384825555e-05
5.660000000000e+01 -2.723758359698e-05
5.670000000000e+01 -2.751859034262e-05
5.680000000000e+01 -2.779381796472e-05
5.690000000000e+01 -2.805991855445e-05
5.700000000000e+01 -2.832232576304e-05
5.710000000000e+01 -2.858530399984e-05
5.720000000000e+01 -2.884347644231e-05
5.730000000000e+01 -2.910079866897e-05
5.740000000000e+01 -2.935784050540e-05
5.750000000000e+01 -2.960669199489e-05
5.760000000000e+01 -2.984926554555e-05
5.770000000000e+01 -3.008229254267e-05
5.780000000000e+01 -3.029582255385e-05
5.790000000000e+01 -3.049027345955e-05
5.800000000000e+01 -3.065964628332e-05
5.810000000000e+01 -3.079364390831e-05
5.820000000000e+01 -3.089285101685e-05
5.830000000000e+01 -3.095064773442e-05
5.840000000000e+01 -3.095877733879e-05
5.850000000000e+01 -3.092003611948e-05
5.860000000000e+01 -3.082936416172e-05
5.870000000000e+01 -3.068255518898e-05
5.880000000000e+01 -3.048592470062e-05
5.890000000000e+01 -3.023711661953e-05
5.900000000000e+01 -2.993660233834e-05
5.910000000000e+01 -2.959397546236e-05
5.920000000000e+01 -2.920911684421e-05
5.930000000000e+01 -2.878613837409e-05
5.940000000000e+01 -2.833616472329e-05
5.950000000000e+01 -2.785957748088e-05
5.960000000000e+01 -2.736205197572e-05
5.970000000000e+01 -2.685385420923e-05
5.980000000000e+01 -2.633387335381e-05
5.990000000000e+01 -2.580732757987e-05
6.000000000000e+01 -2.528169233865e-05
6.010000000000e+01 -2.475312121888e-05
6.020000000000e+01 -2.422527433842e-05
6.030000000000e+01 -2.370202920472e-05
6.040000000000e+01 -2.317673168619e-05
6.050000000000e+01 -2.265148975438e-05
6.060000000000e+01 -2.212686275557e-05
6.070000000000e+01 -2.159424290203e-05
6.080000000000e+01 -2.105491365566e-05
6.090000000000e+01 -2.050700442978e-05
6.100000000000e+01 -1.994120755006e-05
6.110000000000e+01 -1.935893112961e-05
6.120000000000e+01 -1.875692951206e-05
6.130000000000e+01 -1.812648552108e-05
6.140000000000e+01 -1.747005147867e-05
6.150000000000e+01 -1.678406980130e-05
6.160000000000e+01 -1.606165175912e-05
6.170000000000e+01 -1.530715408104e-05
6.180000000000e+01 -1.451775355831e-05
6.190000000000e+01 -1.368951477488e-05
6.200000000000e+01 -1.282938818282e-05
6.210000000000e+01 -1.193611045366e-05
6.220000000000e+01 -1.100940871985e-05
6.230000000000e+01 -1.005896669030e-05
6.240000000000e+01 -9.085232451073e-06
6.250000000000e+01 -8.091406941242e-06
6.260000000000e+01 -7.089048285844e-06
6.270000000000e+01 -6.079412775150e-06
6.280000000000e+01 -5.067839933467e-06
6.290000000000e+01 -4.065846570299e-06
6.300000000000e+01 -3.073684485784e-06
6.310000000000e+01 -2.096730476808e-06
6.320000000000e+01 -1.144105889320e-06
6.330000000000e+01 -2.131469335370e-07
6.340000000000e+01 6.926273574234e-07
6.350000000000e+01 1.568211584061e-06
6.360000000000e+01 2.420118309779e-06
6.370000000000e+01 3.247357040240e-06
6.380000000000e+01 4.049247798494e-06
6.390000000000e+01 4.835459242433e-06
6.400000000000e+01 5.606592715039e-06
6.410000000000e+01 6.364911296147e-06
6.420000000000e+01 7.121165614592e-06
6.430000000000e+01 7.875537588189e-06
6.440000000000e+01 8.631049391171e-06
6.450000000000e+01 9.397075462035e-06
6.460000000000e+01 1.017139851821e-05
6.470000000000e+01 1.095595711514e-05
6.480000000000e+01 1.175701033035e-05
6.490000000000e+01 1.256895934694e-05
6.500000000000e+01 1.339193783926e-05
6.510000000000e+01 1.422862389765e-05
6.520000000000e+01 1.507033918617e-05
6.530000000000e+01 1.591585042135e-05
6.540000000000e+01 1.676487462965e-05
6.550000000000e+01 1.760684963869e-05
6.560000000000e+01 1.844025261339e-05
6.570000000000e+01 1.926295214383e-05
6.580000000000e+01 2.006397080405e-05
6.590000000000e+01 2.084263956081e-05
6.600000000000e+01 2.159609268790e-05
6.610000000000e+01 2.231428388072e-05
6.620000000000e+01 2.299833807838e-05
6.630000000000e+01 2.364561000849e-05
6.640000000000e+01 2.424812514023e-05
6.650000000000e+01 2.480952141856e-05
6.660000000000e+01 2.532816418007e-05
6.670000000000e+01 2.579904893732e-05
6.680000000000e+01 2.622874456750e-05
6.690000000000e+01 2.661709105034e-05
6.700000000000e+01 2.696245832248e-05
6.710000000000e+01 2.727414939783e-05
6.720000000000e+01 2.755324720667e-05
6.730000000000e+01 2.780102109398e-05
6.740000000000e+01 2.802835968948e-05
6.750000000000e+01 2.823640551903e-05
6.760000000000e+01 2.842785359604e-05
6.770000000000e+01 2.861314967003e-05
6.780000000000e+01 2.879162917694e-05
6.790000000000e+01 2.896542435919e-05
6.800000000000e+01 2.914232860777e-05
6.810000000000e+01 2.931817932861e-05
6.820000000000e+01 2.949302179033e-05
6.830000000000e+01 2.967064456022e-05
6.840000000000e+01 2.984287203246e-05
6.850000000000e+01 3.000750065542e-05
6.860000000000e+01 3.016454269762e-05
6.870000000000e+01 3.030293805658e-05
6.880000000000e+01 3.041961946083e-05
6.890000000000e+01 3.051251248918e-05
6.900000000000e+01 3.057000562194e-05
6.910000000000e+01 3.059039077160e-05
6.920000000000e+01 3.057172485093e-05
6.930000000000e+01 3.050428166841e-05
6.940000000000e+01 3.038960645279e-05
6.950000000000e+01 3.022748067986e-05
6.960000000000e+01 3.001153575662e-05
6.970000000000e+01 2.974724638463e-05
6.980000000000e+01 2.943642143974e-05
6.990000000000e+01 2.907614292616e-05
7.000000000000e+01 2.867514275850e-05
7.010000000000e+01 2.823639722798e-05
7.020000000000e+01 2.775950009116e-05
7.030000000000e+01 2.725495733094e-05
7.040000000000e+01 2.672554043130e-05
7.050000000000e+01 2.617208186483e-05
7.060000000000e+01 2.560526741289e-05
7.070000000000e+01 2.502640784910e-05
7.080000000000e+01 2.443648717484e-05
7.090000000000e+01 2.384506983963e-05
7.100000000000e+01 2.325112848905e-05
7.110000000000e+01 2.265503539482e-05
7.120000000000e+01 2.206427892725e-05
7.130000000000e+01 2.147497770848e-05
7.140000000000e+01 2.088641628568e-05
7.150000000000e+01 2.030339039891e-05
7.160000000000e+01 1.971904145567e-05
7.170000000000e+01 1.913148059468e-05
7.180000000000e+01 1.854271904105e-05
7.190000000000e+01 1.794342884591e-05
7.200000000000e+01 1.733113344968e-05
7.210000000000e+01 1.670578038421e-05
7.220000000000e+01 1.605694070694e-05
7.230000000000e+01 1.538294771719e-05
7.240000000000e+01 1.468322423810e-05
7.250000000000e+01 1.394828821027e-05
7.260000000000e+01 1.317912492416e-05
7.270000000000e+01 1.237643003008e-05
7.280000000000e+01 1.153364902225e-05
7.290000000000e+01 1.065583246240e-05
7.300000000000e+01 9.746053056088e-06
7.310000000000e+01 8.801625268033e-06
7.320000000000e+01 7.831754456880e-06
7.330000000000e+01 6.841546685122e-06
7.340000000000e+01 5.831533612074e-06
7.350000000000e+01 4.813562780072e-06
7.360000000000e+01 3.792997932048e-06
7.370000000000e+01 2.771657910361e-06
7.380000000000e+01 1.761534608422e-06
7.390000000000e+01 7.659032889782e-07
7.400000000000e+01 -2.142926624956e-07
7.410000000000e+01 -1.169229083199e-06
7.420000000000e+01 -2.099445558296e-06
7.430000000000e+01 -3.006143627584e-06
7.440000000000e+01 -3.882796778861e-06
7.450000000000e+01 -4.734086279938e-06
7.460000000000e+01 -5.563213034291e-06
7.470000000000e+01 -6.366644957348e-06
7.480000000000e+01 -7.152174436770e-06
7.490000000000e+01 -7.923742853924e-06
7.500000000000e+01 -8.679585629947e-06
7.510000000000e+01 -9.428898326138e-06
7.520000000000e+01 -1.017476067040e-05
7.530000000000e+01 -1.091581082088e-05
7.540000000000e+01 -1.166102059677e-05
7.550000000000e+01 -1.241132351426e-05
7.560000000000e+01 -1.316478143607e-05
7.570000000000e+01 -1.392898237307e-05
7.580000000000e+01 -1.470197610041e-05
7.590000000000e+01 -1.548074646566e-05
7.600000000000e+01 -1.627080381554e-05
7.610000000000e+01 -1.706704957866e-05
7.620000000000e+01 -1.786526635062e-05
7.630000000000e+01 -1.866858926392e-05
7.640000000000e+01 -1.946894814688e-05
7.650000000000e+01 -2.026121376580e-05
7.660000000000e+01 -2.104635883241e-05
7.670000000000e+01 -2.181412066594e-05
7.680000000000e+01 -2.255935393601e-05
7.690000000000e+01 -2.328178756867e-05
7.700000000000e+01 -2.397047994360e-05
7.710000000000e+01 -2.462181113608e-05
7.720000000000e+01 -2.523580112661e-05
7.730000000000e+01 -2.580281109836e-05
7.740000000000e+01 -2.632249613025e-05
7.750000000000e+01 -2.679671429495e-05
7.760000000000e+01 -2.721881702149e-05
7.770000000000e+01 -2.759283550445e-05
7.780000000000e+01 -2.792313042485e-05
7.790000000000e+01 -2.820655897379e-05
7.800000000000e+01 -2.845121399813e-05
7.810000000000e+01 -2.866314653043e-05
7.820000000000e+01 -2.884168995210e-05
7.830000000000e+01 -2.899718184199e-05
7.840000000000e+01 -2.913528385181e-05
7.850000000000e+01 -2.925572507587e-05
7.860000000000e+01 -2.936854081150e-05
7.870000000000e+01 -2.947664210594e-05
7.880000000000e+01 -2.957814787951e-05
7.890000000000e+01 -2.968071707642e-05
7.900000000000e+01 -2.978304322796e-05
7.910000000000e+01 -2.988076542778e-05
7.920000000000e+01 -2.997845471762e-05
7.930000000000e+01 -3.007065343103e-05
7.940000000000e+01 -3.015114109457e-05
7.950000000000e+01 -3.022212170834e-05
7.960000000000e+01 -3.027536201200e-05
7.970000000000e+01 -3.030441363613e-05
7.980000000000e+01 -3.031060024546e-05
7.990000000000e+01 -3.028478760526e-05
8.000000000000e+01 -3.022207042353e-05
8.010000000000e+01 -3.012429108271e-05
8.020000000000e+01 -2.998299660786e-05
8.030000000000e+01 -2.979607007409e-05
8.040000000000e+01 -2.956668484863e-05
8.050000000000e+01 -2.928801858880e-05
8.060000000000e+01 -2.896129132160e-05
8.070000000000e+01 -2.859121253305e-05
8.080000000000e+01 -2.817298356583e-05
8.090000000000e+01 -2.771116237573e-05
8.100000000000e+01 -2.721176799024e-05
8.110000000000e+01 -2.667200660757e-05
8.120000000000e+01 -2.609933009986e-05
8.130000000000e+01 -2.550044753329e-05
8.140000000000e+01 -2.487409849197e-05
8.150000000000e+01 -2.422965369981e-05
8.160000000000e+01 -2.357338650798e-05
8.170000000000e+01 -2.290453131113e-05
8.180000000000e+01 -2.223282020590e-05
8.190000000000e+01 -2.156250092108e-05
8.200000000000e+01 -2.089185894635e-05
8.210000000000e+01 -2.022917271643e-05
8.220000000000e+01 -1.957508972923e-05
8.230000000000e+01 -1.892571642558e-05
8.240000000000e+01 -1.828655225018e-05
8.250000000000e+01 -1.765389493786e-05
8.260000000000e+01 -1.702146626482e-05
8.270000000000e+01 -1.639191216557e-05
8.280000000000e+01 -1.575787888880e-05
8.290000000000e+01 -1.511194642258e-05
8.300000000000e+01 -1.445527302490e-05
8.310000000000e+01 -1.377890119769e-05
8.320000000000e+01 -1.307657127093e-05
8.330000000000e+01 -1.235010686996e-05
8.340000000000e+01 -1.159144422334e-05
8.350000000000e+01 -1.079776907367e-05
8.360000000000e+01 -9.973341942832e-06
8.370000000000e+01 -9.112742693306e-06
8.380000000000e+01 -8.217746950015e-06
8.390000000000e+01 -7.295480414064e-06
8.400000000000e+01 -6.343418231317e-06
8.410000000000e+01 -5.367455748802e-06
8.420000000000e+01 -4.376500767190e-06
8.430000000000e+01 -3.369799342337e-06
8.440000000000e+01 -2.355691034342e-06
8.450000000000e+01 -1.342921359378e-06
8.460000000000e+01 -3.308186674412e-07
8.470000000000e+01 6.717921784606e-07
8.480000000000e+01 1.658183615688e-06
8.490000000000e+01 2.630304716272e-06
8.500000000000e+01 3.580292755700e-06
8.510000000000e+01 4.504564481614e-06
8.520000000000e+01 5.406930273654e-06
8.530000000000e+01 6.281158975719e-06
8.540000000000e+01 7.127122435147e-06
8.550000000000e+01 7.950372757021e-06
8.560000000000e+01 8.746371950194e-06
8.570000000000e+01 9.518180279166e-06
8.580000000000e+01 1.027253073599e-05
8.590000000000e+01 1.100625772592e-05
8.600000000000e+01 1.172494179971e-05
8.610000000000e+01 1.243560519612e-05
8.620000000000e+01 1.313577925320e-05
8.630000000000e+01 1.383247423813e-05
8.640000000000e+01 1.453173333718e-05
8.650000000000e+01 1.523070583732e-05
8.660000000000e+01 1.593632890275e-05
8.670000000000e+01 1.665212146526e-05
8.680000000000e+01 1.737357678539e-05
8.690000000000e+01 1.810599986206e-05
8.700000000000e+01 1.884905671609e-05
8.710000000000e+01 1.959572074778e-05
8.720000000000e+01 2.034875335275e-05
8.730000000000e+01 2.110359380338e-05
8.740000000000e+01 2.185094863067e-05
8.750000000000e+01 2.259139974609e-05
8.760000000000e+01 2.331720855768e-05
8.770000000000e+01 2.401843575307e-05
8.780000000000e+01 2.469513459460e-05
8.790000000000e+01 2.533858972746e-05
8.800000000000e+01 2.594065628729e-05
8.810000000000e+01 2.650301084412e-05
8.820000000000e+01 2.701831983922e-05
8.830000000000e+01 2.748236142198e-05
8.840000000000e+01 2.789991405795e-05
8.850000000000e+01 2.826638937331e-05
8.860000000000e+01 2.858227022329e-05
8.870000000000e+01 2.885541139049e-05
8.880000000000e+01 2.908375145760e-05
8.890000000000e+01 2.927162389207e-05
8.900000000000e+01 2.942845978142e-05
8.910000000000e+01 2.955324285166e-05
8.920000000000e+01 2.965225570117e-05
8.930000000000e+01 2.973433892853e-05
8.940000000000e+01 2.979771410552e-05
8.950000000000e+01 2.984867290129e-05
8.960000000000e+01 2.989363179788e-05
8.970000000000e+01 2.992882041723e-05
8.980000000000e+01 2.995932751228e-05
8.990000000000e+01 2.998822845543e-05
9.000000000000e+01 3.000947324767e-05
9.010000000000e+01 3.002663091688e-05
9.020000000000e+01 3.003941572590e-05
9.030000000000e+01 3.003996957606e-05
9.040000000000e+01 3.003064144068e-05
9.050000000000e+01 3.000832494747e-05
9.060000000000e+01 2.996423185556e-05
9.070000000000e+01 2.990009982073e-05
9.080000000000e+01 2.981085682637e-05
9.090000000000e+01 2.968789496967e-05
9.100000000000e+01 2.953317391334e-05
9.110000000000e+01 2.934079530632e-05
9.120000000000e+01 2.910366962363e-05
9.130000000000e+01 2.882503901718e-05
9.140000000000e+01 2.849955387702e-05
9.150000000000e+01 2.812307551234e-05
9.160000000000e+01 2.770118623440e-05
9.170000000000e+01 2.723033566280e-05
9.180000000000e+01 2.671038286225e-05
9.190000000000e+01 2.614973839497e-05
9.200000000000e+01 2.554713921959e-05
9.210000000000e+01 2.490645632367e-05
9.220000000000e+01 2.423825997925e-05
9.230000000000e+01 2.354281482860e-05
9.240000000000e+01 2.282667374972e-05
9.250000000000e+01 2.210065773043e-05
9.260000000000e+01 2.136470742374e-05
9.270000000000e+01 2.062580704247e-05
9.280000000000e+01 1.989256074360e-05
9.290000000000e+01 1.916252842752e-05
9.300000000000e+01 1.844100909691e-05
9.310000000000e+01 1.773251175038e-05
9.320000000000e+01 1.703109625860e-05
9.330000000000e+01 1.633946592869e-05
9.340000000000e+01 1.565765987101e-05
9.350000000000e+01 1.497672862996e-05
9.360000000000e+01 1.429747606282e-05
9.370000000000e+01 1.361669216551e-05
9.380000000000e+01 1.292428892781e-05
9.390000000000e+01 1.222096438678e-05
9.400000000000e+01 1.150231920694e-05
9.410000000000e+01 1.075943124401e-05
9.420000000000e+01 9.994744800614e-06
9.430000000000e+01 9.204504537934e-06
9.440000000000e+01 8.382675179371e-06
9.450000000000e+01 7.534478397286e-06
9.460000000000e+01 6.657704298876e-06
9.470000000000e+01 5.749846125235e-06
9.480000000000e+01 4.818856711857e-06
9.490000000000e+01 3.863997097373e-06
9.500000000000e+01 2.885996000427e-06
9.510000000000e+01 1.894720034120e-06
9.520000000000e+01 8.902455188104e-07
9.530000000000e+01 -1.242531259833e-07
9.540000000000e+01 -1.138142279416e-06
9.550000000000e+01 -2.151384644492e-06
9.560000000000e+01 -3.159341155778e-06
9.570000000000e+01 -4.151862635856e-06
9.580000000000e+01 -5.129876512833e-06
9.590000000000e+01 -6.088388917812e-06
9.600000000000e+01 -7.019058541245e-06
9.610000000000e+01 -7.924754088829e-06
9.620000000000e+01 -8.801301393616e-06
9.630000000000e+01 -9.643419839679e-06
9.640000000000e+01 -1.045672028489e-05
9.650000000000e+01 -1.123874806233e-05
9.660000000000e+01 -1.198802227132e-05
9.670000000000e+01 -1.271301375839e-05
9.680000000000e+01 -1.341305893441e-05
9.690000000000e+01 -1.409015931533e-05
9.700000000000e+01 -1.475461974102e-05
9.710000000000e+01 -1.540647026664e-05
9.720000000000e+01 -1.604966252207e-05
9.730000000000e+01 -1.669423790260e-05
9.740000000000e+01 -1.733895791657e-05
9.750000000000e+01 -1.798752851925e-05
9.760000000000e+01 -1.864734371469e-05
9.770000000000e+01 -1.931402403553e-05
9.780000000000e+01 -1.998924785750e-05
9.790000000000e+01 -2.067621830184e-05
9.800000000000e+01 -2.136670750010e-05
9.810000000000e+01 -2.205995702305e-05
9.820000000000e+01 -2.275504133756e-05
9.830000000000e+01 -2.344083554839e-05
9.840000000000e+01 -2.411530994369e-05
9.850000000000e+01 -2.477496789724e-05
9.860000000000e+01 -2.540797049485e-05
9.870000000000e+01 -2.601306792675e-05
9.880000000000e+01 -2.658634137995e-05
9.890000000000e+01 -2.711759386834e-05
9.900000000000e+01 -2.760818219402e-05
9.910000000000e+01 -2.805541612359e-05
9.920000000000e+01 -2.845227101792e-05
9.930000000000e+01 -2.880349061819e-05
9.940000000000e+01 -2.910815342161e-05
9.950000000000e+01 -2.936273205380e-05
9.960000000000e+01 -2.957496799392e-05
9.970000000000e+01 -2.974523586589e-05
9.980000000000e+01 -2.987290698640e-05
9.990000000000e+01 -2.996759671531e-05
1.000000000000e+02 -3.003000327873e-05
1.001000000000e+02 -3.006141135904e-05
1.002000000000e+02 -3.007197401792e-05
1.003000000000e+02 -3.006168635383e-05
1.004000000000e+02 -3.003272366455e-05
1.005000000000e+02 -2.999448472375e-05
1.006000000000e+02 -2.994532932797e-05
1.007000000000e+02 -2.988733640489e-05
1.008000000000e+02 -2.982794108552e-05
1.009000000000e+02 -2.976305118062e-05
1.010000000000e+02 -2.969375269657e-05
1.011000000000e+02 -2.962451748676e-05
1.012000000000e+02 -2.954830061831e-05
1.013000000000e+02 -2.946468685651e-05
1.014000000000e+02 -2.937478151449e-05
1.015000000000e+02 -2.926883477091e-05
1.016000000000e+02 -2.914526760704e-05
1.017000000000e+02 -2.900244280756e-05
1.018000000000e+02 -2.882923431100e-05
1.019000000000e+02 -2.862428270399e-05
1.020000000000e+02 -2.838487742368e-05
1.021000000000e+02 -2.810071592185e-05
1.022000000000e+02 -2.777265784617e-05
1.023000000000e+02 -2.739898159646e-05
1.024000000000e+02 -2.697242397470e-05
1.025000000000e+02 -2.649769273638e-05
1.026000000000e+02 -2.597544650682e-05
1.027000000000e+02 -2.540262237319e-05
1.028000000000e+02 -2.478805915648e-05
1.029000000000e+02 -2.413469870903e-05
1.030000000000e+02 -2.344318980824e-05
1.031000000000e+02 -2.272513721333e-05
1.032000000000e+02 -2.198418282519e-05
1.033000000000e+02 -2.122285873705e-05
1.034000000000e+02 -2.045313499263e-05
1.035000000000e+02 -1.967713380973e-05
1.036000000000e+02 -1.889712905187e-05
1.037000000000e+02 -1.812315929310e-05
1.038000000000e+02 -1.735411714920e-05
1.039000000000e+02 -1.659064030394e-05
1.040000000000e+02 -1.583958741319e-05
1.041000000000e+02 -1.509615273982e-05
1.042000000000e+02 -1.435921253308e-05
1.043000000000e+02 -1.363248370375e-05
1.044000000000e+02 -1.290820653878e-05
1.045000000000e+02 -1.218437102454e-05
1.046000000000e+02 -1.146244950594e-05
1.047000000000e+02 -1.073311986545e-05
1.048000000000e+02 -9.994735760072e-06
1.049000000000e+02 -9.247657103373e-06
1.050000000000e+02 -8.482450444934e-06
1.051000000000e+02 -7.698965962929e-06
1.052000000000e+02 -6.897444252101e-06
1.053000000000e+02 -6.069585577012e-06
1.054000000000e+02 -5.217604701148e-06
1.055000000000e+02 -4.342416730094e-06
1.056000000000e+02 -3.437874784806e-06
1.057000000000e+02 -2.509164179801e-06
1.058000000000e+02 -1.558445903887e-06
1.059000000000e+02 -5.824287648868e-07
1.060000000000e+02 4.105432243165e-07
1.061000000000e+02 1.416953221755e-06
1.062000000000e+02 2.437167479601e-06
1.063000000000e+02 3.460261597364e-06
1.064000000000e+02 4.482070331844e-06
1.065000000000e+02 5.500917027800e-06
1.066000000000e+02 6.504851185473e-06
1.067000000000e+02 7.490655331001e-06
1.068000000000e+02 8.456336617903e-06
1.069000000000e+02 9.391123676261e-06
1.070000000000e+02 1.029470363396e-05
1.071000000000e+02 1.116661847494e-05
1.072000000000e+02 1.199924152028e-05
1.073000000000e+02 1.279649745236e-05
1.074000000000e+02 1.356042158929e-05
1.075000000000e+02 1.428727543426e-05
1.076000000000e+02 1.498508142032e-05
1.077000000000e+02 1.565777934665e-05
1.078000000000e+02 1.630463100695e-05
1.079000000000e+02 1.693604115823e-05
1.080000000000e+02 1.755592232800e-05
1.081000000000e+02 1.816451551377e-05
1.082000000000e+02 1.877209467206e-05
1.083000000000e+02 1.938025518397e-05
1.084000000000e+02 1.998818108501e-05
1.085000000000e+02 2.060388973556e-05
1.086000000000e+02 2.122515714687e-05
1.087000000000e+02 2.184908717998e-05
1.088000000000e+02 2.248055698565e-05
1.089000000000e+02 2.311341756264e-05
1.090000000000e+02 2.374302180691e-05
1.091000000000e+02 2.437154127645e-05
1.092000000000e+02 2.499000008074e-05
1.093000000000e+02 2.559326750591e-05
1.094000000000e+02 2.618198930406e-05
1.095000000000e+02 2.674597508738e-05
1.096000000000e+02 2.728108937582e-05
1.097000000000e+02 2.778768050733e-05
1.098000000000e+02 2.825583675094e-05
1.099000000000e+02 2.868359297352e-05
1.100000000000e+02 2.907190278009e-05
1.101000000000e+02 2.941225701536e-05
1.102000000000e+02 2.970561038340e-05
1.103000000000e+02 2.995407539669e-05
1.104000000000e+02 3.015132217195e-05
1.105000000000e+02 3.030159610337e-05
1.106000000000e+02 3.040840096533e-05
1.107000000000e+02 3.046797970203e-05
1.108000000000e+02 3.048776357336e-05
1.109000000000e+02 3.047238891171e-05
1.110000000000e+02 3.042044252494e-05
1.111000000000e+02 3.034170055645e-05
1.112000000000e+02 3.024092655714e-05
1.113000000000e+02 3.011798777683e-05
1.114000000000e+02 2.998332890658e-05
1.115000000000e+02 2.984013016879e-05
1.116000000000e+02 2.968785158241e-05
1.117000000000e+02 2.953550820883e-05
1.118000000000e+02 2.938287752399e-05
1.119000000000e+02 2.922745732848e-05
1.120000000000e+02 2.907520539516e-05
1.121000000000e+02 2.892151690083e-05
1.122000000000e+02 2.876144336889e-05
1.123000000000e+02 2.859759486550e-05
1.124000000000e+02 2.842154519488e-05
1.125000000000e+02 2.822696374992e-05
1.126000000000e+02 2.801437635093e-05
1.127000000000e+02 2.777354324278e-05
1.128000000000e+02 2.749896727299e-05
1.129000000000e+02 2.719123707502e-05
1.130000000000e+02 2.684083488000e-05
1.131000000000e+02 2.644537546668e-05
1.132000000000e+02 2.600736680210e-05
1.133000000000e+02 2.551988340588e-05
1.134000000000e+02 2.498488528381e-05
1.135000000000e+02 2.440742281073e-05
1.136000000000e+02 2.378363550019e-05
1.137000000000e+02 2.311955684770e-05
1.138000000000e+02 2.242199981423e-05
1.139000000000e+02 2.168934535998e-05
1.140000000000e+02 2.093028879945e-05
1.141000000000e+02 2.015179822434e-05
1.142000000000e+02 1.935308754839e-05
1.143000000000e+02 1.854376246518e-05
1.144000000000e+02 1.772932114875e-05
1.145000000000e+02 1.690856388370e-05
1.146000000000e+02 1.609056940119e-05
1.147000000000e+02 1.527823627373e-05
1.148000000000e+02 1.446921573163e-05
1.149000000000e+02 1.367114409661e-05
1.150000000000e+02 1.288375646058e-05
1.151000000000e+02 1.210329388403e-05
1.152000000000e+02 1.133547171036e-05
1.153000000000e+02 1.057675403130e-05
1.154000000000e+02 9.822091138063e-06
1.155000000000e+02 9.075204952537e-06
1.156000000000e+02 8.329666477005e-06
1.157000000000e+02 7.579729835458e-06
1.158000000000e+02 6.827617064605e-06
1.159000000000e+02 6.065045878750e-06
1.160000000000e+02 5.286807127104e-06
1.161000000000e+02 4.494798913705e-06
1.162000000000e+02 3.680592135598e-06
1.163000000000e+02 2.841252694550e-06
1.164000000000e+02 1.979925146880e-06
1.165000000000e+02 1.089933498432e-06
1.166000000000e+02 1.722284241578e-07
1.167000000000e+02 -7.675959878006e-07
1.168000000000e+02 -1.733231577422e-06
1.169000000000e+02 -2.719245595289e-06
1.170000000000e+02 -3.717592819002e-06
1.171000000000e+02 -4.729147631001e-06
1.172000000000e+02 -5.744947370099e-06
1.173000000000e+02 -6.755988170280e-06
1.174000000000e+02 -7.761916104214e-06
1.175000000000e+02 -8.752458988377e-06
1.176000000000e+02 -9.720068525232e-06
1.177000000000e+02 -1.066535619291e-05
1.178000000000e+02 -1.157919981145e-05
1.179000000000e+02 -1.245768501560e-05
1.180000000000e+02 -1.330399344012e-05
1.181000000000e+02 -1.411168907328e-05
1.182000000000e+02 -1.488140069761e-05
1.183000000000e+02 -1.561907086045e-05
1.184000000000e+02 -1.632098146164e-05
1.185000000000e+02 -1.699165687590e-05
1.186000000000e+02 -1.763859354082e-05
1.187000000000e+02 -1.825960421693e-05
1.188000000000e+02 -1.886144051906e-05
1.189000000000e+02 -1.945127686629e-05
1.190000000000e+02 -2.002688780060e-05
1.191000000000e+02 -2.059545403754e-05
1.192000000000e+02 -2.116215192635e-05
1.193000000000e+02 -2.172353801185e-05
1.194000000000e+02 -2.228594088261e-05
1.195000000000e+02 -2.285154440752e-05
1.196000000000e+02 -2.341519227064e-05
1.197000000000e+02 -2.398173588531e-05
1.198000000000e+02 -2.455005013860e-05
1.199000000000e+02 -2.511333896652e-05
1.200000000000e+02 -2.567484164406e-05
1.201000000000e+02 -2.623029953732e-05
1.202000000000e+02 -2.677174795820e-05
1.203000000000e+02 -2.730106409849e-05
1.204000000000e+02 -2.781148090171e-05
1.205000000000e+02 -2.829475512027e-05
1.206000000000e+02 -2.875212240676e-05
1.207000000000e+02 -2.917548301223e-05
1.208000000000e+02 -2.955770692375e-05
1.209000000000e+02 -2.990061697959e-05
1.210000000000e+02 -3.019643897147e-05
1.211000000000e+02 -3.044084984893e-05
1.212000000000e+02 -3.063765654266e-05
1.213000000000e+02 -3.078104690022e-05
1.214000000000e+02 -3.087085882210e-05
1.215000000000e+02 -3.091371131800e-05
1.216000000000e+02 -3.090656559542e-05
1.217000000000e+02 -3.085364130625e-05
1.218000000000e+02 -3.076391901088e-05
1.219000000000e+02 -3.063654201511e-05
1.220000000000e+02 -3.047883239231e-05
1.221000000000e+02 -3.030029511247e-05
1.222000000000e+02 -3.010042218336e-05
1.223000000000e+02 -2.988731109900e-05
1.224000000000e+02 -2.966849069817e-05
1.225000000000e+02 -2.944166205718e-05
1.226000000000e+02 -2.921342889392e-05
1.227000000000e+02 -2.898736958112e-05
1.228000000000e+02 -2.875812265612e-05
1.229000000000e+02 -2.852968048857e-05
1.230000000000e+02 -2.830114658486e-05
1.231000000000e+02 -2.806437081753e-05
1.232000000000e+02 -2.782117407844e-05
1.233000000000e+02 -2.756721048478e-05
1.234000000000e+02 -2.729315152173e-05
1.235000000000e+02 -2.700017297301e-05
1.236000000000e+02 -2.668235441813e-05
1.237000000000e+02 -2.633126804511e-05
1.238000000000e+02 -2.594911632399e-05
1.239000000000e+02 -2.553017192530e-05
1.240000000000e+02 -2.506855565423e-05
1.241000000000e+02 -2.456854747392e-05
1.242000000000e+02 -2.402566524663e-05
1.243000000000e+02 -2.343737384186e-05
1.244000000000e+02 -2.281024457210e-05
1.245000000000e+02 -2.214133009803e-05
1.246000000000e+02 -2.143148166735e-05
1.247000000000e+02 -2.068915254471e-05
1.248000000000e+02 -1.991271713841e-05
1.249000000000e+02 -1.910597358549e-05
1.250000000000e+02 -1.827847513664e-05
1.251000000000e+02 -1.742938215810e-05
1.252000000000e+02 -1.656462772985e-05
1.253000000000e+02 -1.569375629479e-05
1.254000000000e+02 -1.481583544100e-05
1.255000000000e+02 -1.393770934251e-05
1.256000000000e+02 -1.306745663978e-05
1.257000000000e+02 -1.220285033575e-05
1.258000000000e+02 -1.135012808738e-05
1.259000000000e+02 -1.051433915312e-05
1.260000000000e+02 -9.690801571277e-06
1.261000000000e+02 -8.883841142117e-06
1.262000000000e+02 -8.094428577882e-06
1.263000000000e+02 -7.314994564389e-06
1.264000000000e+02 -6.547581288734e-06
1.265000000000e+02 -5.789230323462e-06
1.266000000000e+02 -5.030352661436e-06
1.267000000000e+02 -4.271686126840e-06
1.268000000000e+02 -3.507886847938e-06
1.269000000000e+02 -2.729445130552e-06
1.270000000000e+02 -1.937794890603e-06
1.271000000000e+02 -1.127543251255e-06
1.272000000000e+02 -2.917437611287e-07
1.273000000000e+02 5.654726794146e-07
1.274000000000e+02 1.447562222020e-06
1.275000000000e+02 2.357221500764e-06
1.276000000000e+02 3.286739853933e-06
1.277000000000e+02 4.236992449547e-06
1.278000000000e+02 5.206320376373e-06
1.279000000000e+02 6.184174204754e-06
1.280000000000e+02 7.169759128513e-06
1.281000000000e+02 8.158438705260e-06
1.282000000000e+02 9.138786271925e-06
1.283000000000e+02 1.011015424292e-05
1.284000000000e+02 1.106694131761e-05
1.285000000000e+02 1.199904115208e-05
1.286000000000e+02 1.290765628872e-05
1.287000000000e+02 1.378787497176e-05
1.288000000000e+02 1.463244647870e-05
1.289000000000e+02 1.544528302523e-05
1.290000000000e+02 1.622291857723e-05
1.291000000000e+02 1.696149845177e-05
1.292000000000e+02 1.766754966115e-05
1.293000000000e+02 1.833897723470e-05
1.294000000000e+02 1.897507885774e-05
1.295000000000e+02 1.958426820590e-05
1.296000000000e+02 2.016527688340e-05
1.297000000000e+02 2.071988709956e-05
1.298000000000e+02 2.125736727630e-05
1.299000000000e+02 2.177651034329e-05
1.300000000000e+02 2.228065867737e-05
1.301000000000e+02 2.277869901812e-05
1.302000000000e+02 2.326852870720e-05
1.303000000000e+02 2.375387294711e-05
1.304000000000e+02 2.424181553776e-05
1.305000000000e+02 2.472826482966e-05
1.306000000000e+02 2.521604066359e-05
1.307000000000e+02 2.570907405082e-05
1.308000000000e+02 2.620041757445e-05
1.309000000000e+02 2.669106918511e-05
1.310000000000e+02 2.718110425507e-05
1.311000000000e+02 2.766069348954e-05
1.312000000000e+02 2.812908939680e-05
1.313000000000e+02 2.858301802184e-05
1.314000000000e+02 2.901101007778e-05
1.315000000000e+02 2.941189852875e-05
1.316000000000e+02 2.978080708002e-05
1.317000000000e+02 3.010690586658e-05
1.318000000000e+02 3.039070525294e-05
1.319000000000e+02 3.062799071361e-05
1.320000000000e+02 3.081095234488e-05
1.321000000000e+02 3.094357600364e-05
1.322000000000e+02 3.102394573640e-05
1.323000000000e+02 3.104861526181e-05
1.324000000000e+02 3.102551761092e-05
1.325000000000e+02 3.095518850112e-05
1.326000000000e+02 3.083823364681e-05
1.327000000000e+02 3.068536191933e-05
1.328000000000e+02 3.049821878427e-05
1.329000000000e+02 3.027979082387e-05
1.330000000000e+02 3.004133741127e-05
1.331000000000e+02 2.978358898770e-05
1.332000000000e+02 2.950985935618e-05
1.333000000000e+02 2.922975355903e-05
1.334000000000e+02 2.894144744239e-05
1.335000000000e+02 2.864714109782e-05
1.336000000000e+02 2.835346416342e-05
1.337000000000e+02 2.805544369519e-05
1.338000000000e+02 2.775377846092e-05
1.339000000000e+02 2.745190195287e-05
1.340000000000e+02 2.714212931598e-05
1.341000000000e+02 2.682412663043e-05
1.342000000000e+02 2.649867624075e-05
1.343000000000e+02 2.615641280049e-05
1.344000000000e+02 2.579683099306e-05
1.345000000000e+02 2.541892891515e-05
1.346000000000e+02 2.501288774843e-05
1.347000000000e+02 2.457897728707e-05
1.348000000000e+02 2.411538824227e-05
1.349000000000e+02 2.361313551260e-05
1.350000000000e+02 2.307423649193e-05
1.351000000000e+02 2.249713634910e-05
1.352000000000e+02 2.187499402273e-05
1.353000000000e+02 2.121250698752e-05
1.354000000000e+02 2.050937953503e-05
1.355000000000e+02 1.976200157811e-05
1.356000000000e+02 1.897830500276e-05
1.357000000000e+02 1.815976452981e-05
1.358000000000e+02 1.730635405043e-05
1.359000000000e+02 1.642888962659e-05
1.360000000000e+02 1.553012502450e-05
1.361000000000e+02 1.461280414319e-05
1.362000000000e+02 1.368908934630e-05
1.363000000000e+02 1.276141624096e-05
1.364000000000e+02 1.183343651115e-05
1.365000000000e+02 1.091630535329e-05
1.366000000000e+02 1.001003821212e-05
1.367000000000e+02 9.117098367883e-06
1.368000000000e+02 8.245456275256e-06
1.369000000000e+02 7.391183341062e-06
1.370000000000e+02 6.554332412689e-06
1.371000000000e+02 5.738745193562e-06
1.372000000000e+02 4.936509175047e-06
1.373000000000e+02 4.145616213694e-06
1.374000000000e+02 3.366503170972e-06
1.375000000000e+02 2.588834246441e-06
1.376000000000e+02 1.810267405185e-06
1.377000000000e+02 1.029738539138e-06
1.378000000000e+02 2.368894649026e-07
1.379000000000e+02 -5.688048133656e-07
1.380000000000e+02 -1.387902520937e-06
1.381000000000e+02 -2.228674486225e-06
1.382000000000e+02 -3.088335604867e-06
1.383000000000e+02 -3.965791580352e-06
1.384000000000e+02 -4.866201057423e-06
1.385000000000e+02 -5.783193177128e-06
1.386000000000e+02 -6.714049014550e-06
1.387000000000e+02 -7.660953433428e-06
1.388000000000e+02 -8.614734430972e-06
1.389000000000e+02 -9.571911781518e-06
1.390000000000e+02 -1.053253456197e-05
1.391000000000e+02 -1.148592525854e-05
1.392000000000e+02 -1.242898068184e-05
1.393000000000e+02 -1.336063274744e-05
1.394000000000e+02 -1.427004936969e-05
1.395000000000e+02 -1.515556918623e-05
1.396000000000e+02 -1.601596926143e-05
1.397000000000e+02 -1.684151896099e-05
1.398000000000e+02 -1.763292323861e-05
1.399000000000e+02 -1.838968771774e-05
1.400000000000e+02 -1.910431417900e-05
1.401000000000e+02 -1.978060346635e-05
1.402000000000e+02 -2.041947469262e-05
1.403000000000e+02 -2.101645391778e-05
1.404000000000e+02 -2.157867991411e-05
1.405000000000e+02 -2.210859889157e-05
1.406000000000e+02 -2.260478231034e-05
1.407000000000e+02 -2.307703228269e-05
1.408000000000e+02 -2.352847210218e-05
1.409000000000e+02 -2.395966426381e-05
1.410000000000e+02 -2.438133690770e-05
1.411000000000e+02 -2.479551408469e-05
1.412000000000e+02 -2.520286952056e-05
1.413000000000e+02 -2.561274491685e-05
1.414000000000e+02 -2.602405634460e-05
1.415000000000e+02 -2.643575498647e-05
1.416000000000e+02 -2.685391893672e-05
1.417000000000e+02 -2.727317473470e-05
1.418000000000e+02 -2.769000142158e-05
1.419000000000e+02 -2.810671859793e-05
1.420000000000e+02 -2.851406704338e-05
1.421000000000e+02 -2.890690541036e-05
1.422000000000e+02 -2.928492004157e-05
1.423000000000e+02 -2.963686994315e-05
1.424000000000e+02 -2.995805448953e-05
1.425000000000e+02 -3.024760507684e-05
1.426000000000e+02 -3.049479243087e-05
1.427000000000e+02 -3.069755917288e-05
1.428000000000e+02 -3.085636871614e-05
1.429000000000e+02 -3.096293325020e-05
1.430000000000e+02 -3.101912308234e-05
1.431000000000e+02 -3.102753355904e-05
1.432000000000e+02 -3.098299360313e-05
1.433000000000e+02 -3.089123672465e-05
1.434000000000e+02 -3.075653816216e-05
1.435000000000e+02 -3.057634261003e-05
1.436000000000e+02 -3.035914453497e-05
1.437000000000e+02 -3.010968023888e-05
1.438000000000e+02 -2.982692397076e-05
1.439000000000e+02 -2.952064622279e-05
1.440000000000e+02 -2.919470395956e-05
1.441000000000e+02 -2.884850774320e-05
1.442000000000e+02 -2.849172894736e-05
1.443000000000e+02 -2.812625221212e-05
1.444000000000e+02 -2.775106292525e-05
1.445000000000e+02 -2.737460816694e-05
1.446000000000e+02 -2.699600470144e-05
1.447000000000e+02 -2.661318080712e-05
1.448000000000e+02 -2.623248466012e-05
1.449000000000e+02 -2.584978753927e-05
1.450000000000e+02 -2.546163418964e-05
1.451000000000e+02 -2.507181343063e-05
1.452000000000e+02 -2.467302438012e-05
1.453000000000e+02 -2.426070464352e-05
1.454000000000e+02 -2.383638110715e-05
1.455000000000e+02 -2.339053352185e-05
1.456000000000e+02 -2.291864913822e-05
1.457000000000e+02 -2.242123107126e-05
1.458000000000e+02 -2.188839424023e-05
1.459000000000e+02 -2.131755384307e-05
1.460000000000e+02 -2.071001125053e-05
1.461000000000e+02 -2.005769752975e-05
1.462000000000e+02 -1.936180005041e-05
1.463000000000e+02 -1.862592954416e-05
1.464000000000e+02 -1.784534689146e-05
1.465000000000e+02 -1.702581903023e-05
1.466000000000e+02 -1.617352808483e-05
1.467000000000e+02 -1.528710146858e-05
1.468000000000e+02 -1.437606494813e-05
1.469000000000e+02 -1.344785911791e-05
1.470000000000e+02 -1.250299989540e-05
1.471000000000e+02 -1.155260573396e-05
1.472000000000e+02 -1.060306563563e-05
1.473000000000e+02 -9.654615974761e-06
1.474000000000e+02 -8.717488610583e-06
1.475000000000e+02 -7.794863587990e-06
1.476000000000e+02 -6.885017040493e-06
1.477000000000e+02 -5.995639009842e-06
1.478000000000e+02 -5.125695689300e-06
1.479000000000e+02 -4.271103640385e-06
1.480000000000e+02 -3.436737863807e-06
1.481000000000e+02 -2.617775366875e-06
1.482000000000e+02 -1.808652107111e-06
1.483000000000e+02 -1.012290722977e-06
1.484000000000e+02 -2.214647448246e-07
1.485000000000e+02 5.693423184180e-07
1.486000000000e+02 1.357873005721e-06
1.487000000000e+02 2.152157673611e-06
1.488000000000e+02 2.956199659494e-06
1.489000000000e+02 3.767311152722e-06
1.490000000000e+02 4.593018655005e-06
1.491000000000e+02 5.434773143751e-06
1.492000000000e+02 6.288768263474e-06
1.493000000000e+02 7.161116332651e-06
1.494000000000e+02 8.050113249897e-06
1.495000000000e+02 8.950503229598e-06
1.496000000000e+02 9.866420586809e-06
1.497000000000e+02 1.079280811411e-05
1.498000000000e+02 1.172300462231e-05
1.499000000000e+02 1.265904883216e-05
1.500000000000e+02 1.359290011235e-05
1.501000000000e+02 1.451712687601e-05
1.502000000000e+02 1.543225502980e-05
1.503000000000e+02 1.632842920664e-05
1.504000000000e+02 1.719884374439e-05
1.505000000000e+02 1.804386935814e-05
1.506000000000e+02 1.885372049090e-05
1.507000000000e+02 1.962411686261e-05
1.508000000000e+02 2.035696848595e-05
1.509000000000e+02 2.104452871295e-05
1.510000000000e+02 2.168666218976e-05
1.511000000000e+02 2.228796421739e-05
1.512000000000e+02 2.284383494708e-05
1.513000000000e+02 2.335870644490e-05
1.514000000000e+02 2.383964486577e-05
1.515000000000e+02 2.428479131317e-05
1.516000000000e+02 2.470195818344e-05
1.517000000000e+02 2.509897676018e-05
1.518000000000e+02 2.547496851899e-05
1.519000000000e+02 2.583879707444e-05
1.520000000000e+02 2.619660469577e-05
1.521000000000e+02 2.654633416955e-05
1.522000000000e+02 2.689555103690e-05
1.523000000000e+02 2.724670101991e-05
1.524000000000e+02 2.759516195011e-05
1.525000000000e+02 2.794591511721e-05
1.526000000000e+02 2.829705445783e-05
1.527000000000e+02 2.864144105716e-05
1.528000000000e+02 2.898164717106e-05
1.529000000000e+02 2.931221591710e-05
1.530000000000e+02 2.962479174111e-05
1.531000000000e+02 2.992075503478e-05
1.532000000000e+02 3.019273105822e-05
1.533000000000e+02 3.043293597575e-05
1.534000000000e+02 3.064300134108e-05
1.535000000000e+02 3.081528039073e-05
1.536000000000e+02 3.094408229056e-05
1.537000000000e+02 3.103232945775e-05
1.538000000000e+02 3.107326981029e-05
1.539000000000e+02 3.106422741305e-05
1.540000000000e+02 3.100988444192e-05
1.541000000000e+02 3.090502544494e-05
1.542000000000e+02 3.075036512077e-05
1.543000000000e+02 3.055236066394e-05
1.544000000000e+02 3.030756886384e-05
1.545000000000e+02 3.002002246870e-05
1.546000000000e+02 2.969756774631e-05
1.547000000000e+02 2.933833520985e-05
1.548000000000e+02 2.894906427814e-05
1.549000000000e+02 2.853806692384e-05
1.550000000000e+02 2.810424619653e-05
1.551000000000e+02 2.765575549356e-05
1.552000000000e+02 2.719983443051e-05
1.553000000000e+02 2.673477058939e-05
1.554000000000e+02 2.626832313735e-05
1.555000000000e+02 2.580483759909e-05
1.556000000000e+02 2.534050132585e-05
1.557000000000e+02 2.488101199598e-05
1.558000000000e+02 2.442649546561e-05
1.559000000000e+02 2.397030242963e-05
1.560000000000e+02 2.351541083091e-05
1.561000000000e+02 2.305770390440e-05
1.562000000000e+02 2.258837531113e-05
1.563000000000e+02 2.210851683370e-05
1.564000000000e+02 2.161127690774e-05
1.565000000000e+02 2.108772663280e-05
1.566000000000e+02 2.053905298196e-05
1.567000000000e+02 1.995807546747e-05
1.568000000000e+02 1.933824971504e-05
1.569000000000e+02 1.868293057808e-05
1.570000000000e+02 1.798673775928e-05
1.571000000000e+02 1.724728941581e-05
1.572000000000e+02 1.647114379141e-05
1.573000000000e+02 1.565557967514e-05
1.574000000000e+02 1.480264808342e-05
1.575000000000e+02 1.392160694582e-05
1.576000000000e+02 1.301176432007e-05
1.577000000000e+02 1.207844843086e-05
1.578000000000e+02 1.113194137988e-05
1.579000000000e+02 1.017205249713e-05
1.580000000000e+02 9.205575231231e-06
1.581000000000e+02 8.241849741324e-06
1.582000000000e+02 7.279660719299e-06
1.583000000000e+02 6.325664803316e-06
1.584000000000e+02 5.386774539068e-06
1.585000000000e+02 4.459839909786e-06
1.586000000000e+02 3.550438175280e-06
1.587000000000e+02 2.662322014317e-06
1.588000000000e+02 1.790206183487e-06
1.589000000000e+02 9.382687879250e-07
1.590000000000e+02 1.069884534736e-07
1.591000000000e+02 -7.107464285806e-07
1.592000000000e+02 -1.512054094728e-06
1.593000000000e+02 -2.299399497355e-06
1.594000000000e+02 -3.081028529757e-06
1.595000000000e+02 -3.854874894195e-06
1.596000000000e+02 -4.625551810611e-06
1.597000000000e+02 -5.401301856820e-06
1.598000000000e+02 -6.179921647824e-06
1.599000000000e+02 -6.966843566954e-06
1.600000000000e+02 -7.768721369670e-06
1.601000000000e+02 -8.581875921114e-06
1.602000000000e+02 -9.410919086062e-06
1.603000000000e+02 -1.025925788558e-05
1.604000000000e+02 -1.112052591172e-05
1.605000000000e+02 -1.199721645583e-05
1.606000000000e+02 -1.288850689161e-05
1.607000000000e+02 -1.378503710985e-05
1.608000000000e+02 -1.468699243052e-05
1.609000000000e+02 -1.558969002983e-05
1.610000000000e+02 -1.648188577849e-05
1.611000000000e+02 -1.736268330126e-05
1.612000000000e+02 -1.822530800719e-05
1.613000000000e+02 -1.905891551543e-05
1.614000000000e+02 -1.986365826252e-05
1.615000000000e+02 -2.063306426081e-05
1.616000000000e+02 -2.135915690162e-05
1.617000000000e+02 -2.204505103387e-05
1.618000000000e+02 -2.268640746630e-05
1.619000000000e+02 -2.327959909952e-05
1.620000000000e+02 -2.383135102705e-05
1.621000000000e+02 -2.433985293583e-05
1.622000000000e+02 -2.480569905332e-05
1.623000000000e+02 -2.523828467170e-05
1.624000000000e+02 -2.563726597151e-05
1.625000000000e+02 -2.600599387873e-05
1.626000000000e+02 -2.635455487952e-05
1.627000000000e+02 -2.668230174674e-05
1.628000000000e+02 -2.699343941664e-05
1.629000000000e+02 -2.729670459441e-05
1.630000000000e+02 -2.758962725563e-05
1.631000000000e+02 -2.787580918615e-05
1.632000000000e+02 -2.816128992452e-05
1.633000000000e+02 -2.844107616049e-05
1.634000000000e+02 -2.871753256440e-05
1.635000000000e+02 -2.899353422883e-05
1.636000000000e+02 -2.926168021175e-05
1.637000000000e+02 -2.952314904981e-05
1.638000000000e+02 -2.977783083375e-05
1.639000000000e+02 -3.001655399001e-05
1.640000000000e+02 -3.023975799088e-05
1.641000000000e+02 -3.044492294452e-05
1.642000000000e+02 -3.062206660185e-05
1.643000000000e+02 -3.077161967418e-05
1.644000000000e+02 -3.088958067808e-05
1.645000000000e+02 -3.096644054103e-05
1.646000000000e+02 -3.100366821430e-05
1.647000000000e+02 -3.099707630334e-05
1.648000000000e+02 -3.093918626768e-05
1.649000000000e+02 -3.083373815658e-05
1.650000000000e+02 -3.067776666095e-05
1.651000000000e+02 -3.046726141693e-05
1.652000000000e+02 -3.020914352491e-05
1.653000000000e+02 -2.990257010833e-05
1.654000000000e+02 -2.954762751442e-05
1.655000000000e+02 -2.915431484272e-05
1.656000000000e+02 -2.872365578149e-05
1.657000000000e+02 -2.825911663556e-05
1.658000000000e+02 -2.777230880181e-05
1.659000000000e+02 -2.726457642501e-05
1.660000000000e+02 -2.674082873155e-05
1.661000000000e+02 -2.621186698723e-05
1.662000000000e+02 -2.567717436035e-05
1.663000000000e+02 -2.514082826144e-05
1.664000000000e+02 -2.461050261059e-05
1.665000000000e+02 -2.408215174653e-05
1.666000000000e+02 -2.355757637273e-05
1.667000000000e+02 -2.304021305858e-05
1.668000000000e+02 -2.252226884931e-05
1.669000000000e+02 -2.200337021144e-05
1.670000000000e+02 -2.148325928869e-05
1.671000000000e+02 -2.095175418116e-05
1.672000000000e+02 -2.040778104556e-05
1.673000000000e+02 -1.984912067863e-05
1.674000000000e+02 -1.926541682478e-05
1.675000000000e+02 -1.865684500972e-05
1.676000000000e+02 -1.802114371302e-05
1.677000000000e+02 -1.734980932630e-05
1.678000000000e+02 -1.664570745971e-05
1.679000000000e+02 -1.590777003024e-05
1.680000000000e+02 -1.513047743862e-05
1.681000000000e+02 -1.431982467615e-05
1.682000000000e+02 -1.347621141051e-05
1.683000000000e+02 -1.259726158423e-05
1.684000000000e+02 -1.169165633428e-05
1.685000000000e+02 -1.076083166187e-05
1.686000000000e+02 -9.805084644091e-06
1.687000000000e+02 -8.834849984023e-06
1.688000000000e+02 -7.851840729256e-06
1.689000000000e+02 -6.858253021915e-06
1.690000000000e+02 -5.865117098680e-06
1.691000000000e+02 -4.873506297645e-06
1.692000000000e+02 -3.886528344496e-06
1.693000000000e+02 -2.914468825361e-06
1.694000000000e+02 -1.956694287468e-06
1.695000000000e+02 -1.016042202880e-06
1.696000000000e+02 -1.006101574882e-07
1.697000000000e+02 7.930075864303e-07
1.698000000000e+02 1.663358996100e-06
1.699000000000e+02 2.505696692664e-06
1.700000000000e+02 3.326783065047e-06
1.701000000000e+02 4.127035013343e-06
1.702000000000e+02 4.905325205091e-06
1.703000000000e+02 5.671290170013e-06
1.704000000000e+02 6.426548448789e-06
1.705000000000e+02 7.172579787186e-06
1.706000000000e+02 7.920154548565e-06
1.707000000000e+02 8.670305297641e-06
1.708000000000e+02 9.425103359972e-06
1.709000000000e+02 1.019400017946e-05
1.710000000000e+02 1.097530376836e-05
1.711000000000e+02 1.176961867699e-05
1.712000000000e+02 1.258301023961e-05
1.713000000000e+02 1.340971085738e-05
1.714000000000e+02 1.424786412278e-05
1.715000000000e+02 1.509946677005e-05
1.716000000000e+02 1.595490629617e-05
1.717000000000e+02 1.681047766539e-05
1.718000000000e+02 1.766506348688e-05
1.719000000000e+02 1.850694467459e-05
1.720000000000e+02 1.933241094264e-05
1.721000000000e+02 2.013917815273e-05
1.722000000000e+02 2.091579160493e-05
1.723000000000e+02 2.166059439122e-05
1.724000000000e+02 2.237199515248e-05
1.725000000000e+02 2.304072837399e-05
1.726000000000e+02 2.366848565196e-05
1.727000000000e+02 2.425531930946e-05
1.728000000000e+02 2.479500415593e-05
1.729000000000e+02 2.529272420549e-05
1.730000000000e+02 2.575006350829e-05
1.731000000000e+02 2.616366930801e-05
1.732000000000e+02 2.654146026612e-05
1.733000000000e+02 2.688575931867e-05
1.734000000000e+02 2.719535370261e-05
1.735000000000e+02 2.747972841454e-05
1.736000000000e+02 2.774093327523e-05
1.737000000000e+02 2.797899012702e-05
1.738000000000e+02 2.820368673383e-05
1.739000000000e+02 2.841578096229e-05
1.740000000000e+02 2.861557079864e-05
1.741000000000e+02 2.881185373138e-05
1.742000000000e+02 2.900309536628e-05
1.743000000000e+02 2.918888784632e-05
1.744000000000e+02 2.937579968162e-05
1.745000000000e+02 2.955917031535e-05
1.746000000000e+02 2.973712244016e-05
1.747000000000e+02 2.991316318746e-05
1.748000000000e+02 3.007926819431e-05
1.749000000000e+02 3.023203742357e-05
1.750000000000e+02 3.037200874540e-05
1.751000000000e+02 3.048862499158e-05
1.752000000000e+02 3.057800602542e-05
1.753000000000e+02 3.063898321817e-05
1.754000000000e+02 3.066040739752e-05
1.755000000000e+02 3.063987816687e-05
1.756000000000e+02 3.057654021747e-05
1.757000000000e+02 3.046104537640e-05
1.758000000000e+02 3.029449772698e-05
1.759000000000e+02 3.007813143728e-05
1.760000000000e+02 2.980614819002e-05
1.761000000000e+02 2.948415323746e-05
1.762000000000e+02 2.911598870524e-05
1.763000000000e+02 2.869964481623e-05
1.764000000000e+02 2.824456850700e-05
1.765000000000e+02 2.775611988651e-05
1.766000000000e+02 2.723475508614e-05
1.767000000000e+02 2.669172183536e-05
1.768000000000e+02 2.613176589893e-05
1.769000000000e+02 2.555573353977e-05
1.770000000000e+02 2.497425593049e-05
1.771000000000e+02 2.438939698710e-05
1.772000000000e+02 2.380068918830e-05
1.773000000000e+02 2.321643084780e-05
1.774000000000e+02 2.263493807626e-05
1.775000000000e+02 2.205383679592e-05
1.776000000000e+02 2.147859415531e-05
1.777000000000e+02 2.090397058774e-05
1.778000000000e+02 2.032621231970e-05
1.779000000000e+02 1.974847414430e-05
1.780000000000e+02 1.916302271284e-05
1.781000000000e+02 1.856585942105e-05
1.782000000000e+02 1.795879695666e-05
1.783000000000e+02 1.733295850363e-05
1.784000000000e+02 1.668531025827e-05
1.785000000000e+02 1.601730254111e-05
1.786000000000e+02 1.532020513195e-05
1.787000000000e+02 1.459299988108e-05
1.788000000000e+02 1.383763655623e-05
1.789000000000e+02 1.304669584937e-05
1.790000000000e+02 1.222204652347e-05
1.791000000000e+02 1.136686545033e-05
1.792000000000e+02 1.047601871590e-05
1.793000000000e+02 9.554832037441e-06
1.794000000000e+02 8.608100151058e-06
1.795000000000e+02 7.633458540116e-06
1.796000000000e+02 6.639594618066e-06
1.797000000000e+02 5.632568349097e-06
1.798000000000e+02 4.612361207262e-06
1.799000000000e+02 3.589905596698e-06
1.800000000000e+02 2.571175961551e-06
1.801000000000e+02 1.557057805578e-06
1.802000000000e+02 5.586831283171e-07
1.803000000000e+02 -4.201015550645e-07
1.804000000000e+02 -1.379445922475e-06
1.805000000000e+02 -2.310254238477e-06
1.806000000000e+02 -3.212641780746e-06
1.807000000000e+02 -4.089223031276e-06
1.808000000000e+02 -4.934304931065e-06
1.809000000000e+02 -5.752575969791e-06
1.810000000000e+02 -6.549144812216e-06
1.811000000000e+02 -7.321509297722e-06
1.812000000000e+02 -8.077873407105e-06
1.813000000000e+02 -8.824318517457e-06
1.814000000000e+02 -9.559895179537e-06
1.815000000000e+02 -1.029406362391e-05
1.816000000000e+02 -1.103154524481e-05
1.817000000000e+02 -1.177082709131e-05
1.818000000000e+02 -1.252027011443e-05
1.819000000000e+02 -1.328125667777e-05
1.820000000000e+02 -1.405024936909e-05
1.821000000000e+02 -1.483309799941e-05
1.822000000000e+02 -1.562708060140e-05
1.823000000000e+02 -1.642645523696e-05
1.824000000000e+02 -1.723446983703e-05
1.825000000000e+02 -1.804485029979e-05
1.826000000000e+02 -1.885059865949e-05
1.827000000000e+02 -1.965323472696e-05
1.828000000000e+02 -2.044427157526e-05
1.829000000000e+02 -2.121689535495e-05
1.830000000000e+02 -2.197206901304e-05
1.831000000000e+02 -2.270056152292e-05
1.832000000000e+02 -2.339708651662e-05
1.833000000000e+02 -2.406304604044e-05
1.834000000000e+02 -2.468970462253e-05
1.835000000000e+02 -2.527431913394e-05
1.836000000000e+02 -2.581943964954e-05
1.837000000000e+02 -2.631779533469e-05
1.838000000000e+02 -2.676988211789e-05
1.839000000000e+02 -2.717983968903e-05
1.840000000000e+02 -2.754253696666e-05
1.841000000000e+02 -2.786200793475e-05
1.842000000000e+02 -2.814400887998e-05
1.843000000000e+02 -2.838569451698e-05
1.844000000000e+02 -2.859425074397e-05
1.845000000000e+02 -2.877634781345e-05
1.846000000000e+02 -2.893072910997e-05
1.847000000000e+02 -2.906641711140e-05
1.848000000000e+02 -2.918943027779e-05
1.849000000000e+02 -2.929857017220e-05
1.850000000000e+02 -2.940265780442e-05
1.851000000000e+02 -2.950503916624e-05
1.852000000000e+02 -2.960280912098e-05
1.853000000000e+02 -2.970261266566e-05
1.854000000000e+02 -2.980356277375e-05
1.855000000000e+02 -2.990002687140e-05
1.856000000000e+02 -2.999555199937e-05
1.857000000000e+02 -3.008482300322e-05
1.858000000000e+02 -3.015994816475e-05
1.859000000000e+02 -3.022204194084e-05
1.860000000000e+02 -3.026278613932e-05
1.861000000000e+02 -3.027393594247e-05
1.862000000000e+02 -3.025607854327e-05
1.863000000000e+02 -3.020029383301e-05
1.864000000000e+02 -3.010043685563e-05
1.865000000000e+02 -2.995865274029e-05
1.866000000000e+02 -2.976762571063e-05
1.867000000000e+02 -2.952512520371e-05
1.868000000000e+02 -2.923601434596e-05
1.869000000000e+02 -2.889562674650e-05
1.870000000000e+02 -2.850607254257e-05
1.871000000000e+02 -2.807468471882e-05
1.872000000000e+02 -2.759911459733e-05
1.873000000000e+02 -2.708491589695e-05
1.874000000000e+02 -2.654055694701e-05
1.875000000000e+02 -2.596481356637e-05
1.876000000000e+02 -2.536513029110e-05
1.877000000000e+02 -2.474944203680e-05
1.878000000000e+02 -2.411634815408e-05
1.879000000000e+02 -2.347368954561e-05
1.880000000000e+02 -2.282748430665e-05
1.881000000000e+02 -2.217522539088e-05
1.882000000000e+02 -2.152405763971e-05
1.883000000000e+02 -2.087718747638e-05
1.884000000000e+02 -2.023051362076e-05
1.885000000000e+02 -1.958978692419e-05
1.886000000000e+02 -1.895493777427e-05
1.887000000000e+02 -1.832015034963e-05
1.888000000000e+02 -1.768944340706e-05
1.889000000000e+02 -1.705945466384e-05
1.890000000000e+02 -1.642298124626e-05
1.891000000000e+02 -1.578249281539e-05
1.892000000000e+02 -1.513197375881e-05
1.893000000000e+02 -1.446383354804e-05
1.894000000000e+02 -1.377991259992e-05
1.895000000000e+02 -1.307297941617e-05
1.896000000000e+02 -1.233675401065e-05
1.897000000000e+02 -1.157399319046e-05
1.898000000000e+02 -1.077818953864e-05
1.899000000000e+02 -9.946288632153e-06
1.900000000000e+02 -9.083488341173e-06
1.901000000000e+02 -8.185646543351e-06
1.902000000000e+02 -7.254170316187e-06
1.903000000000e+02 -6.297283281959e-06
1.904000000000e+02 -5.313659996238e-06
1.905000000000e+02 -4.308951878291e-06
1.906000000000e+02 -3.293471853148e-06
1.907000000000e+02 -2.267623482446e-06
1.908000000000e+02 -1.239570790512e-06
1.909000000000e+02 -2.195040490504e-07
1.910000000000e+02 7.925425414953e-07
1.911000000000e+02 1.788339922948e-06
1.912000000000e+02 2.760295432620e-06
1.913000000000e+02 3.710714972918e-06
1.914000000000e+02 4.633267736089e-06
1.915000000000e+02 5.524528442714e-06
1.916000000000e+02 6.389947140723e-06
1.917000000000e+02 7.225712786906e-06
1.918000000000e+02 8.032622023438e-06
1.919000000000e+02 8.818588764342e-06
1.920000000000e+02 9.581565959541e-06
1.921000000000e+02 1.032535553141e-05
1.922000000000e+02 1.105866378106e-05
1.923000000000e+02 1.177974265062e-05
1.924000000000e+02 1.249370502122e-05
1.925000000000e+02 1.320823768650e-05
1.926000000000e+02 1.392053700369e-05
1.927000000000e+02 1.463560027030e-05
1.928000000000e+02 1.535876640513e-05
1.929000000000e+02 1.608538980469e-05
1.930000000000e+02 1.681949450781e-05
1.931000000000e+02 1.756337580974e-05
1.932000000000e+02 1.831033525726e-05
1.933000000000e+02 1.906305726294e-05
1.934000000000e+02 1.982060271166e-05
1.935000000000e+02 2.057443877389e-05
1.936000000000e+02 2.132592902973e-05
1.937000000000e+02 2.207116262097e-05
1.938000000000e+02 2.280042859772e-05
1.939000000000e+02 2.351425911867e-05
1.940000000000e+02 2.420661833338e-05
1.941000000000e+02 2.486785061292e-05
1.942000000000e+02 2.549874413526e-05
1.943000000000e+02 2.609262363330e-05
1.944000000000e+02 2.664164006542e-05
1.945000000000e+02 2.714833414554e-05
1.946000000000e+02 2.760715752195e-05
1.947000000000e+02 2.801381002933e-05
1.948000000000e+02 2.837382664145e-05
1.949000000000e+02 2.868404827856e-05
1.950000000000e+02 2.894460967665e-05
1.951000000000e+02 2.916419366846e-05
1.952000000000e+02 2.934201931729e-05
1.953000000000e+02 2.948206087218e-05
1.954000000000e+02 2.959480657605e-05
1.955000000000e+02 2.968040662503e-05
1.956000000000e+02 2.974472442628e-05
1.957000000000e+02 2.979764150396e-05
1.958000000000e+02 2.983804463168e-05
1.959000000000e+02 2.987130512046e-05
1.960000000000e+02 2.990431663868e-05
1.961000000000e+02 2.993294087607e-05
1.962000000000e+02 2.996043602449e-05
1.963000000000e+02 2.998947015462e-05
1.964000000000e+02 3.001248927767e-05
1.965000000000e+02 3.003049518560e-05
1.966000000000e+02 3.004228057424e-05
1.967000000000e+02 3.003798986578e-05
1.968000000000e+02 3.001754825414e-05
1.969000000000e+02 2.997738582335e-05
1.970000000000e+02 2.990730475493e-05
1.971000000000e+02 2.980784621319e-05
1.972000000000e+02 2.967485159488e-05
1.973000000000e+02 2.949966020260e-05
1.974000000000e+02 2.928477539071e-05
1.975000000000e+02 2.902673631086e-05
1.976000000000e+02 2.871961923861e-05
1.977000000000e+02 2.836848119810e-05
1.978000000000e+02 2.797112611308e-05
1.979000000000e+02 2.752481730875e-05
1.980000000000e+02 2.703708076791e-05
1.981000000000e+02 2.650699954019e-05
1.982000000000e+02 2.593493639363e-05
1.983000000000e+02 2.533035218344e-05
1.984000000000e+02 2.469325541612e-05
1.985000000000e+02 2.402660689437e-05
1.986000000000e+02 2.334088234543e-05
1.987000000000e+02 2.263628000385e-05
1.988000000000e+02 2.191738245211e-05
1.989000000000e+02 2.119430694227e-05
1.990000000000e+02 2.046626866163e-05
1.991000000000e+02 1.973803339918e-05
1.992000000000e+02 1.901765604998e-05
1.993000000000e+02 1.830200123358e-05
1.994000000000e+02 1.759450953156e-05
1.995000000000e+02 1.689968071744e-05
1.996000000000e+02 1.621111798855e-05
1.997000000000e+02 1.553009904789e-05
1.998000000000e+02 1.485705988460e-05
1.999000000000e+02 1.418261407339e-05
2.000000000000e+02 1.350634120308e-05
