 -3.00000e+00 1.71435e-29 
 -2.80000e+00 1.82390e-29 
 -2.60000e+00 1.94755e-29 
 -2.40000e+00 2.08793e-29 
 -2.20000e+00 2.24827e-29 
 -2.00000e+00 2.43249e-29 
 -1.80000e+00 2.64535e-29 
 -1.60000e+00 2.89252e-29 
 -1.40000e+00 3.18070e-29 
 -1.20000e+00 3.51779e-29 
 -1.00000e+00 3.91294e-29 
 -8.00000e-01 4.37630e-29 
 -6.00000e-01 4.91926e-29 
 -4.00000e-01 5.55898e-29 
 -2.00000e-01 6.32251e-29 
 3.88578e-16 7.15003e-29 
 2.00000e-01 7.49454e-29 
 4.00000e-01 6.91958e-29 
 6.00000e-01 6.10520e-29 
 8.00000e-01 5.41786e-29 
 1.00000e+00 4.85542e-29 
 1.20000e+00 4.38355e-29 
 1.40000e+00 3.98113e-29 
 1.60000e+00 3.63243e-29 
 1.80000e+00 3.32384e-29 
 2.00000e+00 3.04546e-29 
 2.20000e+00 2.79306e-29 
 2.40000e+00 2.56633e-29 
 2.60000e+00 2.36517e-29 
 2.80000e+00 2.18807e-29 
 3.00000e+00 2.03254e-29 
 3.20000e+00 1.89582e-29 
 3.40000e+00 1.77528e-29 
 3.60000e+00 1.66855e-29 
 3.80000e+00 1.57361e-29 
 4.00000e+00 1.48874e-29 
 4.20000e+00 1.41249e-29 
 4.40000e+00 1.34366e-29 
 4.60000e+00 1.28123e-29 
 4.80000e+00 1.22438e-29 
 5.00000e+00 1.17238e-29 
 5.20000e+00 1.12465e-29 
 5.40000e+00 1.08068e-29 
 5.60000e+00 1.04004e-29 
 5.80000e+00 1.00237e-29 
 6.00000e+00 9.67344e-30 
 6.20000e+00 9.34701e-30 
 6.40000e+00 9.04202e-30 
 6.60000e+00 8.75641e-30 
 6.80000e+00 8.48837e-30 
