0.000000000000e+00 3.879124125702e-07
1.000000000000e-01 9.055503942435e-07
2.000000000000e-01 1.934295643231e-06
3.000000000000e-01 2.953481981245e-06
4.000000000000e-01 3.959640490553e-06
5.000000000000e-01 4.941353805275e-06
6.000000000000e-01 5.898591319219e-06
7.000000000000e-01 6.829328572173e-06
8.000000000000e-01 7.725471823181e-06
9.000000000000e-01 8.591043932001e-06
1.000000000000e+00 9.426290249903e-06
1.100000000000e+00 1.022698494397e-05
1.200000000000e+00 1.100085634754e-05
1.300000000000e+00 1.174975700746e-05
1.400000000000e+00 1.247243943549e-05
1.500000000000e+00 1.317874726999e-05
1.600000000000e+00 1.387055180810e-05
1.700000000000e+00 1.454800169197e-05
1.800000000000e+00 1.522109235622e-05
1.900000000000e+00 1.589009912319e-05
2.000000000000e+00 1.655515389559e-05
2.100000000000e+00 1.722484543791e-05
2.200000000000e+00 1.789683860929e-05
2.300000000000e+00 1.857045714463e-05
2.400000000000e+00 1.925201236909e-05
2.500000000000e+00 1.993624572412e-05
2.600000000000e+00 2.062146375783e-05
2.700000000000e+00 2.131138856117e-05
2.800000000000e+00 2.199803253307e-05
2.900000000000e+00 2.267885893338e-05
3.000000000000e+00 2.335508959417e-05
3.100000000000e+00 2.401660162703e-05
3.200000000000e+00 2.466054599501e-05
3.300000000000e+00 2.528619024898e-05
3.400000000000e+00 2.588236940028e-05
3.500000000000e+00 2.644694226557e-05
3.600000000000e+00 2.697834569228e-05
3.700000000000e+00 2.746601134340e-05
3.800000000000e+00 2.790996589748e-05
3.900000000000e+00 2.830933182772e-05
4.000000000000e+00 2.865596542975e-05
4.100000000000e+00 2.895345217263e-05
4.200000000000e+00 2.920285469782e-05
4.300000000000e+00 2.939969689815e-05
4.400000000000e+00 2.955162546850e-05
4.500000000000e+00 2.966182200053e-05
4.600000000000e+00 2.972939123093e-05
4.700000000000e+00 2.976507346290e-05
4.800000000000e+00 2.977290094874e-05
4.900000000000e+00 2.975402570828e-05
5.000000000000e+00 2.972002860409e-05
5.100000000000e+00 2.967354852811e-05
5.200000000000e+00 2.961554172042e-05
5.300000000000e+00 2.955586790026e-05
5.400000000000e+00 2.949368115002e-05
5.500000000000e+00 2.942799402288e-05
5.600000000000e+00 2.936528110555e-05
5.700000000000e+00 2.930037032696e-05
5.800000000000e+00 2.922999303994e-05
5.900000000000e+00 2.915715267399e-05
6.000000000000e+00 2.907313723752e-05
6.100000000000e+00 2.897353681262e-05
6.200000000000e+00 2.885914699757e-05
6.300000000000e+00 2.871961481655e-05
6.400000000000e+00 2.855127211033e-05
6.500000000000e+00 2.835443778389e-05
6.600000000000e+00 2.811915658281e-05
6.700000000000e+00 2.784416224281e-05
6.800000000000e+00 2.753061006627e-05
6.900000000000e+00 2.717035536993e-05
7.000000000000e+00 2.676538721759e-05
7.100000000000e+00 2.631821016349e-05
7.200000000000e+00 2.582308123399e-05
7.300000000000e+00 2.528528514352e-05
7.400000000000e+00 2.470852781888e-05
7.500000000000e+00 2.408946373022e-05
7.600000000000e+00 2.343618599283e-05
7.700000000000e+00 2.275307885040e-05
7.800000000000e+00 2.203882906773e-05
7.900000000000e+00 2.130350060038e-05
8.000000000000e+00 2.055135098313e-05
8.100000000000e+00 1.978238014071e-05
8.200000000000e+00 1.900739739736e-05
8.300000000000e+00 1.822937968223e-05
8.400000000000e+00 1.744850990370e-05
8.500000000000e+00 1.667474415692e-05
8.600000000000e+00 1.590838260381e-05
8.700000000000e+00 1.514847978354e-05
8.800000000000e+00 1.440255370889e-05
8.900000000000e+00 1.366710768256e-05
9.000000000000e+00 1.293920948912e-05
9.100000000000e+00 1.222309241207e-05
9.200000000000e+00 1.151135805200e-05
9.300000000000e+00 1.079938004306e-05
9.400000000000e+00 1.008859791640e-05
9.500000000000e+00 9.369035192103e-06
9.600000000000e+00 8.636002271166e-06
9.700000000000e+00 7.889905000525e-06
9.800000000000e+00 7.120578174830e-06
9.900000000000e+00 6.325605507352e-06
1.000000000000e+01 5.506522320225e-06
1.010000000000e+01 4.655365614605e-06
1.020000000000e+01 3.773864447707e-06
1.030000000000e+01 2.866057940981e-06
1.040000000000e+01 1.927435132642e-06
1.050000000000e+01 9.642906832430e-07
1.060000000000e+01 -1.700914320712e-08
1.070000000000e+01 -1.017910892247e-06
1.080000000000e+01 -2.028761033509e-06
1.090000000000e+01 -3.042449238264e-06
1.100000000000e+01 -4.058951362988e-06
1.110000000000e+01 -5.067390767231e-06
1.120000000000e+01 -6.062012952279e-06
1.130000000000e+01 -7.043124852641e-06
1.140000000000e+01 -8.000645138715e-06
1.150000000000e+01 -8.931792369485e-06
1.160000000000e+01 -9.838337951827e-06
1.170000000000e+01 -1.071217794908e-05
1.180000000000e+01 -1.155413084809e-05
1.190000000000e+01 -1.236761546859e-05
1.200000000000e+01 -1.314676747797e-05
1.210000000000e+01 -1.389575077946e-05
1.220000000000e+01 -1.461912084462e-05
1.230000000000e+01 -1.531293162503e-05
1.240000000000e+01 -1.598393987118e-05
1.250000000000e+01 -1.663700618533e-05
1.260000000000e+01 -1.726950740528e-05
1.270000000000e+01 -1.788978292495e-05
1.280000000000e+01 -1.850199688038e-05
1.290000000000e+01 -1.910403562187e-05
1.300000000000e+01 -1.970456223593e-05
1.310000000000e+01 -2.030585155236e-05
1.320000000000e+01 -2.090525340053e-05
1.330000000000e+01 -2.151029814629e-05
1.340000000000e+01 -2.212012634558e-05
1.350000000000e+01 -2.273052027703e-05
1.360000000000e+01 -2.334661199649e-05
1.370000000000e+01 -2.396361060171e-05
1.380000000000e+01 -2.457530291290e-05
1.390000000000e+01 -2.518399899419e-05
1.400000000000e+01 -2.578126414031e-05
1.410000000000e+01 -2.635963190047e-05
1.420000000000e+01 -2.691945542886e-05
1.430000000000e+01 -2.745027570144e-05
1.440000000000e+01 -2.794529568465e-05
1.450000000000e+01 -2.840482470020e-05
1.460000000000e+01 -2.881881208878e-05
1.470000000000e+01 -2.918347019821e-05
1.480000000000e+01 -2.950106734560e-05
1.490000000000e+01 -2.976409500788e-05
1.500000000000e+01 -2.997336117288e-05
1.510000000000e+01 -3.013404662261e-05
1.520000000000e+01 -3.024197872736e-05
1.530000000000e+01 -3.030254959632e-05
1.540000000000e+01 -3.032317478784e-05
1.550000000000e+01 -3.030217867599e-05
1.560000000000e+01 -3.024796526735e-05
1.570000000000e+01 -3.016823098693e-05
1.580000000000e+01 -3.006195137926e-05
1.590000000000e+01 -2.993827244733e-05
1.600000000000e+01 -2.980296214355e-05
1.610000000000e+01 -2.965387797401e-05
1.620000000000e+01 -2.949902610672e-05
1.630000000000e+01 -2.934077762447e-05
1.640000000000e+01 -2.917500973724e-05
1.650000000000e+01 -2.900773190779e-05
1.660000000000e+01 -2.883759194975e-05
1.670000000000e+01 -2.865868719257e-05
1.680000000000e+01 -2.847514713875e-05
1.690000000000e+01 -2.828246932495e-05
1.700000000000e+01 -2.807385019360e-05
1.710000000000e+01 -2.785217810513e-05
1.720000000000e+01 -2.761079271485e-05
1.730000000000e+01 -2.734309051685e-05
1.740000000000e+01 -2.705150514664e-05
1.750000000000e+01 -2.672833870626e-05
1.760000000000e+01 -2.636831888533e-05
1.770000000000e+01 -2.597426865514e-05
1.780000000000e+01 -2.553866688811e-05
1.790000000000e+01 -2.505873030536e-05
1.800000000000e+01 -2.453857046307e-05
1.810000000000e+01 -2.397208752309e-05
1.820000000000e+01 -2.336002786975e-05
1.830000000000e+01 -2.270850609268e-05
1.840000000000e+01 -2.201375429015e-05
1.850000000000e+01 -2.128051280215e-05
1.860000000000e+01 -2.051690732901e-05
1.870000000000e+01 -1.972151931309e-05
1.880000000000e+01 -1.890244832816e-05
1.890000000000e+01 -1.806870375403e-05
1.900000000000e+01 -1.722004675717e-05
1.910000000000e+01 -1.636611557301e-05
1.920000000000e+01 -1.551469158270e-05
1.930000000000e+01 -1.466474863996e-05
1.940000000000e+01 -1.382510210242e-05
1.950000000000e+01 -1.300006902682e-05
1.960000000000e+01 -1.218608494872e-05
1.970000000000e+01 -1.138935885218e-05
1.980000000000e+01 -1.060951444179e-05
1.990000000000e+01 -9.839962632678e-06
2.000000000000e+01 -9.084005896181e-06
2.010000000000e+01 -8.337025295800e-06
2.020000000000e+01 -7.590567835943e-06
2.030000000000e+01 -6.846292420175e-06
2.040000000000e+01 -6.097218219664e-06
2.050000000000e+01 -5.335277772926e-06
2.060000000000e+01 -4.562508899380e-06
2.070000000000e+01 -3.771876790758e-06
2.080000000000e+01 -2.957918041662e-06
2.090000000000e+01 -2.124696582974e-06
2.100000000000e+01 -1.266770951306e-06
2.110000000000e+01 -3.825147667552e-07
2.120000000000e+01 5.214581630005e-07
2.130000000000e+01 1.448530822497e-06
2.140000000000e+01 2.396511256271e-06
2.150000000000e+01 3.356841180176e-06
2.160000000000e+01 4.331358113609e-06
2.170000000000e+01 5.314936751900e-06
2.180000000000e+01 6.298293486686e-06
2.190000000000e+01 7.282648107769e-06
2.200000000000e+01 8.261122605185e-06
2.210000000000e+01 9.225014392200e-06
2.220000000000e+01 1.017584175288e-05
2.230000000000e+01 1.110612672472e-05
2.240000000000e+01 1.200892701693e-05
2.250000000000e+01 1.288686377982e-05
2.260000000000e+01 1.373294795501e-05
2.270000000000e+01 1.454304756191e-05
2.280000000000e+01 1.532158320170e-05
2.290000000000e+01 1.606302833845e-05
2.300000000000e+01 1.676685579824e-05
2.310000000000e+01 1.743966398127e-05
2.320000000000e+01 1.807792908350e-05
2.330000000000e+01 1.868486953241e-05
2.340000000000e+01 1.926888238198e-05
2.350000000000e+01 1.982809542446e-05
2.360000000000e+01 2.036855584485e-05
2.370000000000e+01 2.089903031172e-05
2.380000000000e+01 2.141790835888e-05
2.390000000000e+01 2.193214948123e-05
2.400000000000e+01 2.244870226464e-05
2.410000000000e+01 2.296430115230e-05
2.420000000000e+01 2.348464072083e-05
2.430000000000e+01 2.401282440808e-05
2.440000000000e+01 2.454251696603e-05
2.450000000000e+01 2.507679759077e-05
2.460000000000e+01 2.561411247308e-05
2.470000000000e+01 2.614506930389e-05
2.480000000000e+01 2.667034946091e-05
2.490000000000e+01 2.718462697910e-05
2.500000000000e+01 2.767706379899e-05
2.510000000000e+01 2.814759191658e-05
2.520000000000e+01 2.858924016726e-05
2.530000000000e+01 2.899219103776e-05
2.540000000000e+01 2.935775120177e-05
2.550000000000e+01 2.967956133963e-05
2.560000000000e+01 2.995096298615e-05
2.570000000000e+01 3.017608975171e-05
2.580000000000e+01 3.035053131019e-05
2.590000000000e+01 3.047172355074e-05
2.600000000000e+01 3.054677636158e-05
2.610000000000e+01 3.057327063979e-05
2.620000000000e+01 3.055236184452e-05
2.630000000000e+01 3.049314219632e-05
2.640000000000e+01 3.039429517646e-05
2.650000000000e+01 3.025954289463e-05
2.660000000000e+01 3.009846559203e-05
2.670000000000e+01 2.990969833757e-05
2.680000000000e+01 2.969824477538e-05
2.690000000000e+01 2.947275831365e-05
2.700000000000e+01 2.923086806605e-05
2.710000000000e+01 2.897777430681e-05
2.720000000000e+01 2.872007837820e-05
2.730000000000e+01 2.845372602248e-05
2.740000000000e+01 2.818324313864e-05
2.750000000000e+01 2.791232076628e-05
2.760000000000e+01 2.763479041774e-05
2.770000000000e+01 2.735386253713e-05
2.780000000000e+01 2.706981435026e-05
2.790000000000e+01 2.677433985548e-05
2.800000000000e+01 2.646918025316e-05
2.810000000000e+01 2.615137470880e-05
2.820000000000e+01 2.581121375343e-05
2.830000000000e+01 2.544965314009e-05
2.840000000000e+01 2.506163669174e-05
2.850000000000e+01 2.463770731472e-05
2.860000000000e+01 2.417957379297e-05
2.870000000000e+01 2.368200942691e-05
2.880000000000e+01 2.313798126938e-05
2.890000000000e+01 2.255174042137e-05
2.900000000000e+01 2.191980064280e-05
2.910000000000e+01 2.123929926733e-05
2.920000000000e+01 2.051806242494e-05
2.930000000000e+01 1.975522257015e-05
2.940000000000e+01 1.895246359687e-05
2.950000000000e+01 1.812068777433e-05
2.960000000000e+01 1.726093323213e-05
2.970000000000e+01 1.637815811947e-05
2.980000000000e+01 1.548435286832e-05
2.990000000000e+01 1.458050349157e-05
3.000000000000e+01 1.367256534175e-05
3.010000000000e+01 1.277104438912e-05
3.020000000000e+01 1.187474943366e-05
3.030000000000e+01 1.098853453352e-05
3.040000000000e+01 1.011946931496e-05
3.050000000000e+01 9.263012469593e-06
3.060000000000e+01 8.421969928447e-06
3.070000000000e+01 7.599403050511e-06
3.080000000000e+01 6.787681232925e-06
3.090000000000e+01 5.987972098798e-06
3.100000000000e+01 5.200067089831e-06
3.110000000000e+01 4.414606947762e-06
3.120000000000e+01 3.632357856586e-06
3.130000000000e+01 2.851216392657e-06
3.140000000000e+01 2.061795566613e-06
3.150000000000e+01 1.265768499561e-06
3.160000000000e+01 4.604475458525e-07
3.170000000000e+01 -3.621490582531e-07
3.180000000000e+01 -1.198522028566e-06
3.190000000000e+01 -2.051012455012e-06
3.200000000000e+01 -2.925212450805e-06
3.210000000000e+01 -3.815313314328e-06
3.220000000000e+01 -4.722724937240e-06
3.230000000000e+01 -5.650043431288e-06
3.240000000000e+01 -6.589020161691e-06
3.250000000000e+01 -7.539857372364e-06
3.260000000000e+01 -8.501959013329e-06
3.270000000000e+01 -9.464958720916e-06
3.280000000000e+01 -1.042806873505e-05
3.290000000000e+01 -1.138796106455e-05
3.300000000000e+01 -1.233318416558e-05
3.310000000000e+01 -1.326292080221e-05
3.320000000000e+01 -1.417240629406e-05
3.330000000000e+01 -1.505089746493e-05
3.340000000000e+01 -1.589915411405e-05
3.350000000000e+01 -1.671282073416e-05
3.360000000000e+01 -1.748392811807e-05
3.370000000000e+01 -1.821640443207e-05
3.380000000000e+01 -1.890788004249e-05
3.390000000000e+01 -1.955456874482e-05
3.400000000000e+01 -2.016419193694e-05
3.410000000000e+01 -2.073675476483e-05
3.420000000000e+01 -2.127259962856e-05
3.430000000000e+01 -2.178229453776e-05
3.440000000000e+01 -2.226705885788e-05
3.450000000000e+01 -2.272977242259e-05
3.460000000000e+01 -2.318158079801e-05
3.470000000000e+01 -2.362274745227e-05
3.480000000000e+01 -2.405637135401e-05
3.490000000000e+01 -2.449161817772e-05
3.500000000000e+01 -2.492577766781e-05
3.510000000000e+01 -2.536033819709e-05
3.520000000000e+01 -2.580082640808e-05
3.530000000000e+01 -2.624074381347e-05
3.540000000000e+01 -2.667948356687e-05
3.550000000000e+01 -2.711878312885e-05
3.560000000000e+01 -2.754905266977e-05
3.570000000000e+01 -2.796846693267e-05
3.580000000000e+01 -2.837607374022e-05
3.590000000000e+01 -2.876088826160e-05
3.600000000000e+01 -2.912141701583e-05
3.610000000000e+01 -2.945556648444e-05
3.620000000000e+01 -2.975279509424e-05
3.630000000000e+01 -3.001334324177e-05
3.640000000000e+01 -3.023524196763e-05
3.650000000000e+01 -3.040976433910e-05
3.660000000000e+01 -3.053970238584e-05
3.670000000000e+01 -3.062392480023e-05
3.680000000000e+01 -3.065630063374e-05
3.690000000000e+01 -3.064242313434e-05
3.700000000000e+01 -3.058226318429e-05
3.710000000000e+01 -3.047261484655e-05
3.720000000000e+01 -3.032170493918e-05
3.730000000000e+01 -3.013052642226e-05
3.740000000000e+01 -2.989870870208e-05
3.750000000000e+01 -2.963649465660e-05
3.760000000000e+01 -2.934536331465e-05
3.770000000000e+01 -2.902710234774e-05
3.780000000000e+01 -2.869273060881e-05
3.790000000000e+01 -2.834306607530e-05
3.800000000000e+01 -2.798070584819e-05
3.810000000000e+01 -2.761562566754e-05
3.820000000000e+01 -2.724640772239e-05
3.830000000000e+01 -2.687479426840e-05
3.840000000000e+01 -2.650786147814e-05
3.850000000000e+01 -2.614064045523e-05
3.860000000000e+01 -2.577284665172e-05
3.870000000000e+01 -2.540764390275e-05
3.880000000000e+01 -2.503632226645e-05
3.890000000000e+01 -2.465668421260e-05
3.900000000000e+01 -2.426846194710e-05
3.910000000000e+01 -2.386056071524e-05
3.920000000000e+01 -2.343043178886e-05
3.930000000000e+01 -2.297622277660e-05
3.940000000000e+01 -2.248691677665e-05
3.950000000000e+01 -2.196191212951e-05
3.960000000000e+01 -2.140004031282e-05
3.970000000000e+01 -2.079280377182e-05
3.980000000000e+01 -2.014337555086e-05
3.990000000000e+01 -1.945275545357e-05
4.000000000000e+01 -1.871625928818e-05
4.010000000000e+01 -1.794124801954e-05
4.020000000000e+01 -1.713088212172e-05
4.030000000000e+01 -1.628400404826e-05
4.040000000000e+01 -1.541104681683e-05
4.050000000000e+01 -1.451601564502e-05
4.060000000000e+01 -1.359986029806e-05
4.070000000000e+01 -1.267412466190e-05
4.080000000000e+01 -1.174186887515e-05
4.090000000000e+01 -1.080450955900e-05
4.100000000000e+01 -9.872824641166e-06
4.110000000000e+01 -8.947522951379e-06
4.120000000000e+01 -8.029356403862e-06
4.130000000000e+01 -7.127122437097e-06
4.140000000000e+01 -6.238538298409e-06
4.150000000000e+01 -5.363264661365e-06
4.160000000000e+01 -4.507607119786e-06
4.170000000000e+01 -3.666314972707e-06
4.180000000000e+01 -2.838044612653e-06
4.190000000000e+01 -2.026579879973e-06
4.200000000000e+01 -1.224161010630e-06
4.210000000000e+01 -4.288608833270e-07
4.220000000000e+01 3.577092133800e-07
4.230000000000e+01 1.144959205542e-06
4.240000000000e+01 1.934603975822e-06
4.250000000000e+01 2.726378736297e-06
4.260000000000e+01 3.529985295765e-06
4.270000000000e+01 4.345677105408e-06
4.280000000000e+01 5.173222379859e-06
4.290000000000e+01 6.020871063249e-06
4.300000000000e+01 6.885958075942e-06
4.310000000000e+01 7.766882605214e-06
4.320000000000e+01 8.668875542626e-06
4.330000000000e+01 9.585368414621e-06
4.340000000000e+01 1.051266703516e-05
4.350000000000e+01 1.145239772866e-05
4.360000000000e+01 1.239433094676e-05
4.370000000000e+01 1.333328052165e-05
4.380000000000e+01 1.426814590035e-05
4.390000000000e+01 1.518674124660e-05
4.400000000000e+01 1.608428274199e-05
4.410000000000e+01 1.695896850227e-05
4.420000000000e+01 1.779921445940e-05
4.430000000000e+01 1.860297341323e-05
4.440000000000e+01 1.936987086975e-05
4.450000000000e+01 2.009115472443e-05
4.460000000000e+01 2.076907843822e-05
4.470000000000e+01 2.140577261514e-05
4.480000000000e+01 2.199619266805e-05
4.490000000000e+01 2.254688392060e-05
4.500000000000e+01 2.306197875261e-05
4.510000000000e+01 2.353942505540e-05
4.520000000000e+01 2.398856840928e-05
4.530000000000e+01 2.441384408167e-05
4.540000000000e+01 2.481452022694e-05
4.550000000000e+01 2.520060945510e-05
4.560000000000e+01 2.557491489596e-05
4.570000000000e+01 2.593638920794e-05
4.580000000000e+01 2.629390882778e-05
4.590000000000e+01 2.664733488134e-05
4.600000000000e+01 2.699440132166e-05
4.610000000000e+01 2.734188908882e-05
4.620000000000e+01 2.768633218234e-05
4.630000000000e+01 2.802417154164e-05
4.640000000000e+01 2.835991267341e-05
4.650000000000e+01 2.868709334051e-05
4.660000000000e+01 2.900132182826e-05
4.670000000000e+01 2.930511283160e-05
4.680000000000e+01 2.958974492919e-05
4.690000000000e+01 2.985073278866e-05
4.700000000000e+01 3.008918004114e-05
4.710000000000e+01 3.029515221847e-05
4.720000000000e+01 3.046506908076e-05
4.730000000000e+01 3.059953873521e-05
4.740000000000e+01 3.068881198454e-05
4.750000000000e+01 3.073149387597e-05
4.760000000000e+01 3.072890714239e-05
4.770000000000e+01 3.067308075690e-05
4.780000000000e+01 3.056608720928e-05
4.790000000000e+01 3.041105677018e-05
4.800000000000e+01 3.020303019007e-05
4.810000000000e+01 2.994818606395e-05
4.820000000000e+01 2.965173949009e-05
4.830000000000e+01 2.931191125868e-05
4.840000000000e+01 2.893835448365e-05
4.850000000000e+01 2.853733871118e-05
4.860000000000e+01 2.810905935975e-05
4.870000000000e+01 2.766468790965e-05
4.880000000000e+01 2.720942399936e-05
4.890000000000e+01 2.674333990588e-05
4.900000000000e+01 2.627659549859e-05
4.910000000000e+01 2.581106386443e-05
4.920000000000e+01 2.534480964980e-05
4.930000000000e+01 2.488506942228e-05
4.940000000000e+01 2.442917173612e-05
4.950000000000e+01 2.397256599805e-05
4.960000000000e+01 2.351916337675e-05
4.970000000000e+01 2.306220127454e-05
4.980000000000e+01 2.259551482973e-05
4.990000000000e+01 2.212082370906e-05
5.000000000000e+01 2.162909918372e-05
5.010000000000e+01 2.111458933843e-05
5.020000000000e+01 2.057868726243e-05
5.030000000000e+01 2.001231987337e-05
5.040000000000e+01 1.941214435303e-05
5.050000000000e+01 1.878077873139e-05
5.060000000000e+01 1.811074515406e-05
5.070000000000e+01 1.740224600347e-05
5.080000000000e+01 1.665973444851e-05
5.090000000000e+01 1.587796554049e-05
5.100000000000e+01 1.506077517097e-05
5.110000000000e+01 1.421414790658e-05
5.120000000000e+01 1.333489751675e-05
5.130000000000e+01 1.242985938512e-05
5.140000000000e+01 1.150573565194e-05
5.150000000000e+01 1.056082384753e-05
5.160000000000e+01 9.603994097332e-06
5.170000000000e+01 8.641668467987e-06
5.180000000000e+01 7.672879797908e-06
5.190000000000e+01 6.707382559835e-06
5.200000000000e+01 5.750200516294e-06
5.210000000000e+01 4.800177240960e-06
5.220000000000e+01 3.866607556187e-06
5.230000000000e+01 2.951891262321e-06
5.240000000000e+01 2.053650450441e-06
5.250000000000e+01 1.179357793475e-06
5.260000000000e+01 3.277407613668e-07
5.270000000000e+01 -5.055414585823e-07
5.280000000000e+01 -1.315700533328e-06
5.290000000000e+01 -2.107965470273e-06
5.300000000000e+01 -2.888481177435e-06
5.310000000000e+01 -3.654914356578e-06
5.320000000000e+01 -4.415480752938e-06
5.330000000000e+01 -5.176736728097e-06
5.340000000000e+01 -5.937343910630e-06
5.350000000000e+01 -6.706396423433e-06
5.360000000000e+01 -7.488611292897e-06
5.370000000000e+01 -8.281574759017e-06
5.380000000000e+01 -9.092869865333e-06
5.390000000000e+01 -9.923296500208e-06
5.400000000000e+01 -1.076781165715e-05
5.410000000000e+01 -1.163097985807e-05
5.420000000000e+01 -1.250887164926e-05
5.430000000000e+01 -1.339371440610e-05
5.440000000000e+01 -1.428715430659e-05
5.450000000000e+01 -1.518142652134e-05
5.460000000000e+01 -1.606750242084e-05
5.470000000000e+01 -1.694562861387e-05
5.480000000000e+01 -1.780630272583e-05
5.490000000000e+01 -1.864152139153e-05
5.500000000000e+01 -1.945211649172e-05
5.510000000000e+01 -2.022906711956e-05
5.520000000000e+01 -2.096736447585e-05
5.530000000000e+01 -2.166981630777e-05
5.540000000000e+01 -2.232927522822e-05
5.550000000000e+01 -2.294462247179e-05
5.560000000000e+01 -2.352091131307e-05
5.570000000000e+01 -2.405313848645e-05
5.580000000000e+01 -2.454384481378e-05
5.590000000000e+01 -2.499964705840e-05
5.600000000000e+01 -2.541716248719e-05
5.610000000000e+01 -2.580168589559e-05
5.620000000000e+01 -2.616027841837e-05
5.630000000000e+01 -2.649036328558e-05
5.640000000000e+01 -2.679887152172e-05
5.650000000000e+01 -2.709213695060e-05
5.660000000000e+01 -2.736755295055e-05
5.670000000000e+01 -2.763253182327e-05
5.680000000000e+01 -2.789154272824e-05
5.690000000000e+01 -2.814110707212e-05
5.700000000000e+01 -2.838793021317e-05
5.710000000000e+01 -2.863353474816e-05
5.720000000000e+01 -2.887279122138e-05
5.730000000000e+01 -2.911064317360e-05
5.740000000000e+01 -2.934490892413e-05
5.750000000000e+01 -2.956845330189e-05
5.760000000000e+01 -2.978399866763e-05
5.770000000000e+01 -2.998573356170e-05
5.780000000000e+01 -3.016509479543e-05
5.790000000000e+01 -3.032318653424e-05
5.800000000000e+01 -3.045182378020e-05
5.810000000000e+01 -3.054270404671e-05
5.820000000000e+01 -3.059696151036e-05
5.830000000000e+01 -3.060621160967e-05
5.840000000000e+01 -3.056470108260e-05
5.850000000000e+01 -3.047555855003e-05
5.860000000000e+01 -3.033236157222e-05
5.870000000000e+01 -3.013373351730e-05
5.880000000000e+01 -2.988596955036e-05
5.890000000000e+01 -2.958566673805e-05
5.900000000000e+01 -2.923621050659e-05
5.910000000000e+01 -2.884666268382e-05
5.920000000000e+01 -2.841605290823e-05
5.930000000000e+01 -2.795124021380e-05
5.940000000000e+01 -2.746217593830e-05
5.950000000000e+01 -2.694849208754e-05
5.960000000000e+01 -2.641824869026e-05
5.970000000000e+01 -2.587985992662e-05
5.980000000000e+01 -2.533155821029e-05
5.990000000000e+01 -2.478050384563e-05
6.000000000000e+01 -2.423174211075e-05
6.010000000000e+01 -2.368096974653e-05
6.020000000000e+01 -2.313339698740e-05
6.030000000000e+01 -2.259012253649e-05
6.040000000000e+01 -2.204443092028e-05
6.050000000000e+01 -2.149972746908e-05
6.060000000000e+01 -2.095373734570e-05
6.070000000000e+01 -2.039839326160e-05
6.080000000000e+01 -1.983616458596e-05
6.090000000000e+01 -1.926255236290e-05
6.100000000000e+01 -1.866951483181e-05
6.110000000000e+01 -1.805959336664e-05
6.120000000000e+01 -1.742726994111e-05
6.130000000000e+01 -1.676579969932e-05
6.140000000000e+01 -1.607865136347e-05
6.150000000000e+01 -1.536036619701e-05
6.160000000000e+01 -1.460657363938e-05
6.170000000000e+01 -1.382236437973e-05
6.180000000000e+01 -1.300330041798e-05
6.190000000000e+01 -1.214826270750e-05
6.200000000000e+01 -1.126445064925e-05
6.210000000000e+01 -1.034915497816e-05
6.220000000000e+01 -9.404957204394e-06
6.230000000000e+01 -8.441137308861e-06
6.240000000000e+01 -7.456780266284e-06
6.250000000000e+01 -6.457768767224e-06
6.260000000000e+01 -5.454522508877e-06
6.270000000000e+01 -4.447001516449e-06
6.280000000000e+01 -3.442927081174e-06
6.290000000000e+01 -2.451967488346e-06
6.300000000000e+01 -1.473210539317e-06
6.310000000000e+01 -5.140796828833e-07
6.320000000000e+01 4.187324595284e-07
6.330000000000e+01 1.328782929354e-06
6.340000000000e+01 2.210794101164e-06
6.350000000000e+01 3.062554590307e-06
6.360000000000e+01 3.891013535747e-06
6.370000000000e+01 4.693608161638e-06
6.380000000000e+01 5.472557243325e-06
6.390000000000e+01 6.237321248449e-06
6.400000000000e+01 6.987008181459e-06
6.410000000000e+01 7.726639317289e-06
6.420000000000e+01 8.465986175477e-06
6.430000000000e+01 9.203767273629e-06
6.440000000000e+01 9.945460416667e-06
6.450000000000e+01 1.069868598768e-05
6.460000000000e+01 1.145985359962e-05
6.470000000000e+01 1.223302152612e-05
6.480000000000e+01 1.302206549766e-05
6.490000000000e+01 1.382028220794e-05
6.500000000000e+01 1.462967815288e-05
6.510000000000e+01 1.545018265984e-05
6.520000000000e+01 1.627252689164e-05
6.530000000000e+01 1.709725048638e-05
6.540000000000e+01 1.792125510797e-05
6.550000000000e+01 1.873412220272e-05
6.560000000000e+01 1.953611372345e-05
6.570000000000e+01 2.032245221529e-05
6.580000000000e+01 2.108314303016e-05
6.590000000000e+01 2.181931415326e-05
6.600000000000e+01 2.252572990350e-05
6.610000000000e+01 2.319411159726e-05
6.620000000000e+01 2.382726261567e-05
6.630000000000e+01 2.442041840830e-05
6.640000000000e+01 2.496796461153e-05
6.650000000000e+01 2.547487739060e-05
6.660000000000e+01 2.593754712823e-05
6.670000000000e+01 2.635365913383e-05
6.680000000000e+01 2.673054351697e-05
6.690000000000e+01 2.706609682954e-05
6.700000000000e+01 2.736145371063e-05
6.710000000000e+01 2.762592360371e-05
6.720000000000e+01 2.785862062983e-05
6.730000000000e+01 2.806346598942e-05
6.740000000000e+01 2.825052775681e-05
6.750000000000e+01 2.841898625116e-05
6.760000000000e+01 2.857398179965e-05
6.770000000000e+01 2.872436141051e-05
6.780000000000e+01 2.886762940395e-05
6.790000000000e+01 2.900815827530e-05
6.800000000000e+01 2.915152360562e-05
6.810000000000e+01 2.929206049403e-05
6.820000000000e+01 2.943192609413e-05
6.830000000000e+01 2.957231075250e-05
6.840000000000e+01 2.970409752025e-05
6.850000000000e+01 2.982717618443e-05
6.860000000000e+01 2.993884484126e-05
6.870000000000e+01 3.002787025192e-05
6.880000000000e+01 3.009334345516e-05
6.890000000000e+01 3.013058146853e-05
6.900000000000e+01 3.012868132331e-05
6.910000000000e+01 3.008815131345e-05
6.920000000000e+01 3.000465980486e-05
6.930000000000e+01 2.987003708195e-05
6.940000000000e+01 2.968796740652e-05
6.950000000000e+01 2.945604336222e-05
6.960000000000e+01 2.917011341692e-05
6.970000000000e+01 2.883746659329e-05
6.980000000000e+01 2.845779823085e-05
6.990000000000e+01 2.803078230639e-05
7.000000000000e+01 2.756635379903e-05
7.010000000000e+01 2.706530515805e-05
7.020000000000e+01 2.652991025979e-05
7.030000000000e+01 2.597104379557e-05
7.040000000000e+01 2.538915220309e-05
7.050000000000e+01 2.478764242637e-05
7.060000000000e+01 2.417665626102e-05
7.070000000000e+01 2.355510382448e-05
7.080000000000e+01 2.292638494054e-05
7.090000000000e+01 2.229869745121e-05
7.100000000000e+01 2.166873694764e-05
7.110000000000e+01 2.103920243427e-05
7.120000000000e+01 2.041561021471e-05
7.130000000000e+01 1.979219853867e-05
7.140000000000e+01 1.917061361997e-05
7.150000000000e+01 1.855333866527e-05
7.160000000000e+01 1.793229317427e-05
7.170000000000e+01 1.730808502566e-05
7.180000000000e+01 1.668030607933e-05
7.190000000000e+01 1.603924353296e-05
7.200000000000e+01 1.538507126735e-05
7.210000000000e+01 1.471536054034e-05
7.220000000000e+01 1.402018953544e-05
7.230000000000e+01 1.330060824960e-05
7.240000000000e+01 1.255375416512e-05
7.250000000000e+01 1.177146905469e-05
7.260000000000e+01 1.095733471053e-05
7.270000000000e+01 1.010980782583e-05
7.280000000000e+01 9.224290055059e-06
7.290000000000e+01 8.308053511391e-06
7.300000000000e+01 7.361873566606e-06
7.310000000000e+01 6.385402566659e-06
7.320000000000e+01 5.389422177581e-06
7.330000000000e+01 4.376572030839e-06
7.340000000000e+01 3.349851093369e-06
7.350000000000e+01 2.321822191268e-06
7.360000000000e+01 1.295163956447e-06
7.370000000000e+01 2.741106856740e-07
7.380000000000e+01 -7.295830537912e-07
7.390000000000e+01 -1.715474880895e-06
7.400000000000e+01 -2.680312887997e-06
7.410000000000e+01 -3.615389771838e-06
7.420000000000e+01 -4.524014883411e-06
7.430000000000e+01 -5.405110703918e-06
7.440000000000e+01 -6.253926759713e-06
7.450000000000e+01 -7.077541975390e-06
7.460000000000e+01 -7.876753941570e-06
7.470000000000e+01 -8.650174756892e-06
7.480000000000e+01 -9.407308445565e-06
7.490000000000e+01 -1.014943620204e-05
7.500000000000e+01 -1.087705059694e-05
7.510000000000e+01 -1.160015996200e-05
7.520000000000e+01 -1.231890813281e-05
7.530000000000e+01 -1.303416901200e-05
7.540000000000e+01 -1.375478475298e-05
7.550000000000e+01 -1.447861452988e-05
7.560000000000e+01 -1.520594609184e-05
7.570000000000e+01 -1.594342112639e-05
7.580000000000e+01 -1.668614285726e-05
7.590000000000e+01 -1.743342593172e-05
7.600000000000e+01 -1.818925162766e-05
7.610000000000e+01 -1.894601938221e-05
7.620000000000e+01 -1.970208538414e-05
7.630000000000e+01 -2.045872594666e-05
7.640000000000e+01 -2.120609080446e-05
7.650000000000e+01 -2.194194746581e-05
7.660000000000e+01 -2.266527746127e-05
7.670000000000e+01 -2.336492949591e-05
7.680000000000e+01 -2.403895183334e-05
7.690000000000e+01 -2.468504842075e-05
7.700000000000e+01 -2.529231322052e-05
7.710000000000e+01 -2.586047113088e-05
7.720000000000e+01 -2.638747720841e-05
7.730000000000e+01 -2.686455193385e-05
7.740000000000e+01 -2.729460006523e-05
7.750000000000e+01 -2.767728529469e-05
7.760000000000e+01 -2.800744066322e-05
7.770000000000e+01 -2.829194837013e-05
7.780000000000e+01 -2.853271769178e-05
7.790000000000e+01 -2.872846229655e-05
7.800000000000e+01 -2.888943222520e-05
7.810000000000e+01 -2.901886791016e-05
7.820000000000e+01 -2.911811253144e-05
7.830000000000e+01 -2.919875598496e-05
7.840000000000e+01 -2.926328470426e-05
7.850000000000e+01 -2.931346751960e-05
7.860000000000e+01 -2.935962680528e-05
7.870000000000e+01 -2.940127427833e-05
7.880000000000e+01 -2.943861354877e-05
7.890000000000e+01 -2.947873781089e-05
7.900000000000e+01 -2.951700082918e-05
7.910000000000e+01 -2.955130621514e-05
7.920000000000e+01 -2.958505019465e-05
7.930000000000e+01 -2.960985475265e-05
7.940000000000e+01 -2.962211974795e-05
7.950000000000e+01 -2.962254394777e-05
7.960000000000e+01 -2.960071932354e-05
7.970000000000e+01 -2.955328252447e-05
7.980000000000e+01 -2.947992602641e-05
7.990000000000e+01 -2.937027545032e-05
8.000000000000e+01 -2.922293397568e-05
8.010000000000e+01 -2.903804770518e-05
8.020000000000e+01 -2.880686093341e-05
8.030000000000e+01 -2.853097826880e-05
8.040000000000e+01 -2.821172982532e-05
8.050000000000e+01 -2.784276997323e-05
8.060000000000e+01 -2.742892688269e-05
8.070000000000e+01 -2.697276101677e-05
8.080000000000e+01 -2.647049134803e-05
8.090000000000e+01 -2.592982189174e-05
8.100000000000e+01 -2.535417201845e-05
8.110000000000e+01 -2.474208040444e-05
8.120000000000e+01 -2.410340369152e-05
8.130000000000e+01 -2.344174723464e-05
8.140000000000e+01 -2.275735273107e-05
8.150000000000e+01 -2.206110357703e-05
8.160000000000e+01 -2.135574138637e-05
8.170000000000e+01 -2.064213640271e-05
8.180000000000e+01 -1.993063558833e-05
8.190000000000e+01 -1.922173046298e-05
8.200000000000e+01 -1.851554202498e-05
8.210000000000e+01 -1.782018797472e-05
8.220000000000e+01 -1.713263428840e-05
8.230000000000e+01 -1.645115564137e-05
8.240000000000e+01 -1.578052244272e-05
8.250000000000e+01 -1.511376487707e-05
8.260000000000e+01 -1.444724929852e-05
8.270000000000e+01 -1.378255195751e-05
8.280000000000e+01 -1.310977027398e-05
8.290000000000e+01 -1.242468785715e-05
8.300000000000e+01 -1.172722408645e-05
8.310000000000e+01 -1.100678290586e-05
8.320000000000e+01 -1.026081993786e-05
8.330000000000e+01 -9.489801075360e-06
8.340000000000e+01 -8.684955522862e-06
8.350000000000e+01 -7.847483898863e-06
8.360000000000e+01 -6.980077243485e-06
8.370000000000e+01 -6.077389727935e-06
8.380000000000e+01 -5.145162074666e-06
8.390000000000e+01 -4.188547426830e-06
8.400000000000e+01 -3.205620900830e-06
8.410000000000e+01 -2.205796695509e-06
8.420000000000e+01 -1.195417628980e-06
8.430000000000e+01 -1.746062379844e-07
8.440000000000e+01 8.455475440984e-07
8.450000000000e+01 1.859531830725e-06
8.460000000000e+01 2.867002187051e-06
8.470000000000e+01 3.857304966056e-06
8.480000000000e+01 4.827509144637e-06
8.490000000000e+01 5.778384847402e-06
8.500000000000e+01 6.701122052313e-06
8.510000000000e+01 7.596218373475e-06
8.520000000000e+01 8.465989119591e-06
8.530000000000e+01 9.303954489931e-06
8.540000000000e+01 1.011397757296e-05
8.550000000000e+01 1.089960241263e-05
8.560000000000e+01 1.165651303076e-05
8.570000000000e+01 1.239130807114e-05
8.580000000000e+01 1.310805779440e-05
8.590000000000e+01 1.380410807043e-05
8.600000000000e+01 1.448786056488e-05
8.610000000000e+01 1.516300262432e-05
8.620000000000e+01 1.582778905836e-05
8.630000000000e+01 1.649121387792e-05
8.640000000000e+01 1.715544241023e-05
8.650000000000e+01 1.781859745072e-05
8.660000000000e+01 1.848878802674e-05
8.670000000000e+01 1.916537126201e-05
8.680000000000e+01 1.984519374302e-05
8.690000000000e+01 2.053406086440e-05
8.700000000000e+01 2.122753559039e-05
8.710000000000e+01 2.192049853061e-05
8.720000000000e+01 2.261574221802e-05
8.730000000000e+01 2.330502258382e-05
8.740000000000e+01 2.398165987187e-05
8.750000000000e+01 2.464599008939e-05
8.760000000000e+01 2.528730997464e-05
8.770000000000e+01 2.589905619839e-05
8.780000000000e+01 2.648086536405e-05
8.790000000000e+01 2.702193556905e-05
8.800000000000e+01 2.751815653244e-05
8.810000000000e+01 2.797058394959e-05
8.820000000000e+01 2.837065373297e-05
8.830000000000e+01 2.871855793984e-05
8.840000000000e+01 2.901807792543e-05
8.850000000000e+01 2.926406943401e-05
8.860000000000e+01 2.946140641738e-05
8.870000000000e+01 2.961633001221e-05
8.880000000000e+01 2.972664614963e-05
8.890000000000e+01 2.980064348312e-05
8.900000000000e+01 2.984533154920e-05
8.910000000000e+01 2.985978459740e-05
8.920000000000e+01 2.985350596980e-05
8.930000000000e+01 2.983207356395e-05
8.940000000000e+01 2.979396936178e-05
8.950000000000e+01 2.974786647155e-05
8.960000000000e+01 2.969624996110e-05
8.970000000000e+01 2.963589481718e-05
8.980000000000e+01 2.957351731823e-05
8.990000000000e+01 2.950793213550e-05
9.000000000000e+01 2.943414308578e-05
9.010000000000e+01 2.935679137325e-05
9.020000000000e+01 2.927140699889e-05
9.030000000000e+01 2.917192062151e-05
9.040000000000e+01 2.906140086028e-05
9.050000000000e+01 2.893299269493e-05
9.060000000000e+01 2.878056101153e-05
9.070000000000e+01 2.860633063217e-05
9.080000000000e+01 2.840214972435e-05
9.090000000000e+01 2.816290329087e-05
9.100000000000e+01 2.789080267843e-05
9.110000000000e+01 2.757761828744e-05
9.120000000000e+01 2.722041105803e-05
9.130000000000e+01 2.682232177664e-05
9.140000000000e+01 2.637635989282e-05
9.150000000000e+01 2.588288797107e-05
9.160000000000e+01 2.534684067448e-05
9.170000000000e+01 2.476356479243e-05
9.180000000000e+01 2.413739860809e-05
9.190000000000e+01 2.347534978274e-05
9.200000000000e+01 2.277540605748e-05
9.210000000000e+01 2.204553021291e-05
9.220000000000e+01 2.129398094405e-05
9.230000000000e+01 2.052048554898e-05
9.240000000000e+01 1.973502562316e-05
9.250000000000e+01 1.894517985042e-05
9.260000000000e+01 1.815053480539e-05
9.270000000000e+01 1.736072349249e-05
9.280000000000e+01 1.658033719382e-05
9.290000000000e+01 1.580688819629e-05
9.300000000000e+01 1.504761092274e-05
9.310000000000e+01 1.430256792117e-05
9.320000000000e+01 1.356632575891e-05
9.330000000000e+01 1.284301260903e-05
9.340000000000e+01 1.212822358835e-05
9.350000000000e+01 1.141434838384e-05
9.360000000000e+01 1.070333500983e-05
9.370000000000e+01 9.987938673192e-06
9.380000000000e+01 9.260422401461e-06
9.390000000000e+01 8.522479331537e-06
9.400000000000e+01 7.766338886694e-06
9.410000000000e+01 6.986422927116e-06
9.420000000000e+01 6.185977240979e-06
9.430000000000e+01 5.358583408415e-06
9.440000000000e+01 4.502304461765e-06
9.450000000000e+01 3.622758396018e-06
9.460000000000e+01 2.715649185597e-06
9.470000000000e+01 1.782933254099e-06
9.480000000000e+01 8.322651619393e-07
9.490000000000e+01 -1.388083152101e-07
9.500000000000e+01 -1.125150446786e-06
9.510000000000e+01 -2.118134505457e-06
9.520000000000e+01 -3.119190482550e-06
9.530000000000e+01 -4.121127586801e-06
9.540000000000e+01 -5.115602404772e-06
9.550000000000e+01 -6.103922524133e-06
9.560000000000e+01 -7.078012189862e-06
9.570000000000e+01 -8.030994379573e-06
9.580000000000e+01 -8.964890057526e-06
9.590000000000e+01 -9.871881520176e-06
9.600000000000e+01 -1.074765159395e-05
9.610000000000e+01 -1.159571402618e-05
9.620000000000e+01 -1.240959561594e-05
9.630000000000e+01 -1.318845180655e-05
9.640000000000e+01 -1.393784065090e-05
9.650000000000e+01 -1.465338006547e-05
9.660000000000e+01 -1.533805376303e-05
9.670000000000e+01 -1.599934897152e-05
9.680000000000e+01 -1.663489499769e-05
9.690000000000e+01 -1.725083836553e-05
9.700000000000e+01 -1.785542734663e-05
9.710000000000e+01 -1.844712973529e-05
9.720000000000e+01 -1.903348832318e-05
9.730000000000e+01 -1.962143347060e-05
9.740000000000e+01 -2.020837036560e-05
9.750000000000e+01 -2.080098014666e-05
9.760000000000e+01 -2.140270663275e-05
9.770000000000e+01 -2.200823603569e-05
9.780000000000e+01 -2.262171791904e-05
9.790000000000e+01 -2.324194978702e-05
9.800000000000e+01 -2.386050926345e-05
9.810000000000e+01 -2.447881996366e-05
9.820000000000e+01 -2.509154544810e-05
9.830000000000e+01 -2.568841075235e-05
9.840000000000e+01 -2.626947200949e-05
9.850000000000e+01 -2.682719480569e-05
9.860000000000e+01 -2.735179097600e-05
9.870000000000e+01 -2.784404936993e-05
9.880000000000e+01 -2.829657940136e-05
9.890000000000e+01 -2.870236019828e-05
9.900000000000e+01 -2.906459053156e-05
9.910000000000e+01 -2.937765194323e-05
9.920000000000e+01 -2.963852303653e-05
9.930000000000e+01 -2.985328794512e-05
9.940000000000e+01 -3.001846880438e-05
9.950000000000e+01 -3.013494629841e-05
9.960000000000e+01 -3.021095634190e-05
9.970000000000e+01 -3.024449051851e-05
9.980000000000e+01 -3.023932180700e-05
9.990000000000e+01 -3.020446004115e-05
1.000000000000e+02 -3.013828381889e-05
1.001000000000e+02 -3.004618095142e-05
1.002000000000e+02 -2.993652112687e-05
1.003000000000e+02 -2.980708204659e-05
1.004000000000e+02 -2.966371521171e-05
1.005000000000e+02 -2.951297238675e-05
1.006000000000e+02 -2.935127917935e-05
1.007000000000e+02 -2.918398290517e-05
1.008000000000e+02 -2.901487687346e-05
1.009000000000e+02 -2.883849090242e-05
1.010000000000e+02 -2.865888549737e-05
1.011000000000e+02 -2.847645387082e-05
1.012000000000e+02 -2.828362486157e-05
1.013000000000e+02 -2.808280735075e-05
1.014000000000e+02 -2.787096420955e-05
1.015000000000e+02 -2.763891652271e-05
1.016000000000e+02 -2.738786310201e-05
1.017000000000e+02 -2.711227052537e-05
1.018000000000e+02 -2.680280171483e-05
1.019000000000e+02 -2.646082633479e-05
1.020000000000e+02 -2.608015936609e-05
1.021000000000e+02 -2.565344194520e-05
1.022000000000e+02 -2.518405710670e-05
1.023000000000e+02 -2.466723039561e-05
1.024000000000e+02 -2.409953236839e-05
1.025000000000e+02 -2.348768216890e-05
1.026000000000e+02 -2.282955276382e-05
1.027000000000e+02 -2.212639037020e-05
1.028000000000e+02 -2.138815531699e-05
1.029000000000e+02 -2.061505507117e-05
1.030000000000e+02 -1.981208060621e-05
1.031000000000e+02 -1.899075146772e-05
1.032000000000e+02 -1.815188520891e-05
1.033000000000e+02 -1.730206135569e-05
1.034000000000e+02 -1.645183506970e-05
1.035000000000e+02 -1.560045839998e-05
1.036000000000e+02 -1.475384104577e-05
1.037000000000e+02 -1.391940983092e-05
1.038000000000e+02 -1.309339692579e-05
1.039000000000e+02 -1.227975643327e-05
1.040000000000e+02 -1.148188432116e-05
1.041000000000e+02 -1.069291280711e-05
1.042000000000e+02 -9.914918995444e-06
1.043000000000e+02 -9.147739300357e-06
1.044000000000e+02 -8.382533100989e-06
1.045000000000e+02 -7.620552118490e-06
1.046000000000e+02 -6.859347265918e-06
1.047000000000e+02 -6.089740854636e-06
1.048000000000e+02 -5.313449138743e-06
1.049000000000e+02 -4.527094991923e-06
1.050000000000e+02 -3.722652169817e-06
1.051000000000e+02 -2.903301011726e-06
1.052000000000e+02 -2.065783500120e-06
1.053000000000e+02 -1.204309090595e-06
1.054000000000e+02 -3.241169857488e-07
1.055000000000e+02 5.772129937545e-07
1.056000000000e+02 1.502515414082e-06
1.057000000000e+02 2.444228044402e-06
1.058000000000e+02 3.403497215617e-06
1.059000000000e+02 4.379857953183e-06
1.060000000000e+02 5.363568380502e-06
1.061000000000e+02 6.354515855017e-06
1.062000000000e+02 7.349209323747e-06
1.063000000000e+02 8.336551418873e-06
1.064000000000e+02 9.315925980210e-06
1.065000000000e+02 1.028195211897e-05
1.066000000000e+02 1.122382447671e-05
1.067000000000e+02 1.214193318846e-05
1.068000000000e+02 1.303083989014e-05
1.069000000000e+02 1.388213054806e-05
1.070000000000e+02 1.469890791461e-05
1.071000000000e+02 1.547746343603e-05
1.072000000000e+02 1.621343765181e-05
1.073000000000e+02 1.691359344574e-05
1.074000000000e+02 1.757672141113e-05
1.075000000000e+02 1.820283721463e-05
1.076000000000e+02 1.880180375633e-05
1.077000000000e+02 1.937412092237e-05
1.078000000000e+02 1.992288333019e-05
1.079000000000e+02 2.045902808300e-05
1.080000000000e+02 2.098275853629e-05
1.081000000000e+02 2.149797425864e-05
1.082000000000e+02 2.201409634901e-05
1.083000000000e+02 2.252888849274e-05
1.084000000000e+02 2.304499312372e-05
1.085000000000e+02 2.356837975704e-05
1.086000000000e+02 2.409323006046e-05
1.087000000000e+02 2.462006997656e-05
1.088000000000e+02 2.515091518804e-05
1.089000000000e+02 2.567672075002e-05
1.090000000000e+02 2.619645267265e-05
1.091000000000e+02 2.670903004450e-05
1.092000000000e+02 2.720368357278e-05
1.093000000000e+02 2.767922838394e-05
1.094000000000e+02 2.813298630641e-05
1.095000000000e+02 2.855429618235e-05
1.096000000000e+02 2.894326170107e-05
1.097000000000e+02 2.929697630948e-05
1.098000000000e+02 2.960637111057e-05
1.099000000000e+02 2.987378385069e-05
1.100000000000e+02 3.009695423168e-05
1.101000000000e+02 3.026932767999e-05
1.102000000000e+02 3.039586736763e-05
1.103000000000e+02 3.047538391254e-05
1.104000000000e+02 3.050430038299e-05
1.105000000000e+02 3.049017921959e-05
1.106000000000e+02 3.043298611759e-05
1.107000000000e+02 3.033217602875e-05
1.108000000000e+02 3.019745612638e-05
1.109000000000e+02 3.002959361953e-05
1.110000000000e+02 2.983055589716e-05
1.111000000000e+02 2.961112087631e-05
1.112000000000e+02 2.937186948969e-05
1.113000000000e+02 2.911603812851e-05
1.114000000000e+02 2.885374068748e-05
1.115000000000e+02 2.858383426083e-05
1.116000000000e+02 2.830911022895e-05
1.117000000000e+02 2.803706588788e-05
1.118000000000e+02 2.776335289263e-05
1.119000000000e+02 2.748888990803e-05
1.120000000000e+02 2.721725500375e-05
1.121000000000e+02 2.694036534422e-05
1.122000000000e+02 2.665699643820e-05
1.123000000000e+02 2.636692554386e-05
1.124000000000e+02 2.605933884511e-05
1.125000000000e+02 2.573210494163e-05
1.126000000000e+02 2.538281173313e-05
1.127000000000e+02 2.500020792575e-05
1.128000000000e+02 2.458346526047e-05
1.129000000000e+02 2.413028747785e-05
1.130000000000e+02 2.363154322032e-05
1.131000000000e+02 2.308973296334e-05
1.132000000000e+02 2.250445744217e-05
1.133000000000e+02 2.187033082056e-05
1.134000000000e+02 2.119395946069e-05
1.135000000000e+02 2.047723067633e-05
1.136000000000e+02 1.971857651592e-05
1.137000000000e+02 1.892792085676e-05
1.138000000000e+02 1.810841758371e-05
1.139000000000e+02 1.726110380290e-05
1.140000000000e+02 1.639740267785e-05
1.141000000000e+02 1.552003181000e-05
1.142000000000e+02 1.463098428270e-05
1.143000000000e+02 1.374124862526e-05
1.144000000000e+02 1.285160562089e-05
1.145000000000e+02 1.196371519805e-05
1.146000000000e+02 1.108675225064e-05
1.147000000000e+02 1.021875228563e-05
1.148000000000e+02 9.360419261656e-06
1.149000000000e+02 8.518431582623e-06
1.150000000000e+02 7.687944203850e-06
1.151000000000e+02 6.868620047769e-06
1.152000000000e+02 6.064471113854e-06
1.153000000000e+02 5.268095689247e-06
1.154000000000e+02 4.478383354889e-06
1.155000000000e+02 3.696902097152e-06
1.156000000000e+02 2.914419513143e-06
1.157000000000e+02 2.129698318554e-06
1.158000000000e+02 1.342571598143e-06
1.159000000000e+02 5.432191386508e-07
1.160000000000e+02 -2.685814043603e-07
1.161000000000e+02 -1.093467078048e-06
1.162000000000e+02 -1.940122963039e-06
1.163000000000e+02 -2.806277835692e-06
1.164000000000e+02 -3.691529831305e-06
1.165000000000e+02 -4.601710689277e-06
1.166000000000e+02 -5.530861971396e-06
1.167000000000e+02 -6.476529146412e-06
1.168000000000e+02 -7.440793138521e-06
1.169000000000e+02 -8.413909706357e-06
1.170000000000e+02 -9.391599677752e-06
1.171000000000e+02 -1.037273373066e-05
1.172000000000e+02 -1.134518028033e-05
1.173000000000e+02 -1.230446070214e-05
1.174000000000e+02 -1.324809184793e-05
1.175000000000e+02 -1.416402206412e-05
1.176000000000e+02 -1.504989749551e-05
1.177000000000e+02 -1.590412412538e-05
1.178000000000e+02 -1.671715260467e-05
1.179000000000e+02 -1.749057882401e-05
1.180000000000e+02 -1.822512569646e-05
1.181000000000e+02 -1.891499446465e-05
1.182000000000e+02 -1.956610483107e-05
1.183000000000e+02 -2.018139360088e-05
1.184000000000e+02 -2.075844719165e-05
1.185000000000e+02 -2.130631499146e-05
1.186000000000e+02 -2.182870352609e-05
1.187000000000e+02 -2.232506800495e-05
1.188000000000e+02 -2.280553478857e-05
1.189000000000e+02 -2.327266942260e-05
1.190000000000e+02 -2.372608813404e-05
1.191000000000e+02 -2.417506758975e-05
1.192000000000e+02 -2.461957072132e-05
1.193000000000e+02 -2.505826344429e-05
1.194000000000e+02 -2.549840168030e-05
1.195000000000e+02 -2.593675806414e-05
1.196000000000e+02 -2.637075210908e-05
1.197000000000e+02 -2.680524844623e-05
1.198000000000e+02 -2.723399591585e-05
1.199000000000e+02 -2.765345665798e-05
1.200000000000e+02 -2.806625491768e-05
1.201000000000e+02 -2.846373649737e-05
1.202000000000e+02 -2.884201590555e-05
1.203000000000e+02 -2.920195757740e-05
1.204000000000e+02 -2.953345675379e-05
1.205000000000e+02 -2.983317162593e-05
1.206000000000e+02 -3.010105080319e-05
1.207000000000e+02 -3.032687670010e-05
1.208000000000e+02 -3.050907768641e-05
1.209000000000e+02 -3.064790325393e-05
1.210000000000e+02 -3.073465373472e-05
1.211000000000e+02 -3.077088327485e-05
1.212000000000e+02 -3.075838989936e-05
1.213000000000e+02 -3.069142096166e-05
1.214000000000e+02 -3.057553292715e-05
1.215000000000e+02 -3.041465709220e-05
1.216000000000e+02 -3.020647552683e-05
1.217000000000e+02 -2.996024380554e-05
1.218000000000e+02 -2.968134311550e-05
1.219000000000e+02 -2.936998262647e-05
1.220000000000e+02 -2.903741051768e-05
1.221000000000e+02 -2.868853821291e-05
1.222000000000e+02 -2.832410209317e-05
1.223000000000e+02 -2.795482304985e-05
1.224000000000e+02 -2.758281953447e-05
1.225000000000e+02 -2.720728481715e-05
1.226000000000e+02 -2.683624067129e-05
1.227000000000e+02 -2.646748168738e-05
1.228000000000e+02 -2.609766365375e-05
1.229000000000e+02 -2.573131007182e-05
1.230000000000e+02 -2.536195949166e-05
1.231000000000e+02 -2.498434478649e-05
1.232000000000e+02 -2.460030239524e-05
1.233000000000e+02 -2.420068962396e-05
1.234000000000e+02 -2.378014440668e-05
1.235000000000e+02 -2.333958676638e-05
1.236000000000e+02 -2.286940548630e-05
1.237000000000e+02 -2.236618626949e-05
1.238000000000e+02 -2.183162267596e-05
1.239000000000e+02 -2.125746385613e-05
1.240000000000e+02 -2.064358631920e-05
1.241000000000e+02 -1.999332085855e-05
1.242000000000e+02 -1.930066606424e-05
1.243000000000e+02 -1.856910485263e-05
1.244000000000e+02 -1.780353781543e-05
1.245000000000e+02 -1.700023839426e-05
1.246000000000e+02 -1.616582098685e-05
1.247000000000e+02 -1.530609970793e-05
1.248000000000e+02 -1.441916465192e-05
1.249000000000e+02 -1.351388492807e-05
1.250000000000e+02 -1.259608751197e-05
1.251000000000e+02 -1.166499423338e-05
1.252000000000e+02 -1.073062774450e-05
1.253000000000e+02 -9.797771739591e-06
1.254000000000e+02 -8.865880983991e-06
1.255000000000e+02 -7.944795252330e-06
1.256000000000e+02 -7.037032574346e-06
1.257000000000e+02 -6.141194053618e-06
1.258000000000e+02 -5.265486362889e-06
1.259000000000e+02 -4.408998886606e-06
1.260000000000e+02 -3.568549289677e-06
1.261000000000e+02 -2.749624863812e-06
1.262000000000e+02 -1.947351668204e-06
1.263000000000e+02 -1.156614366947e-06
1.264000000000e+02 -3.801004629257e-07
1.265000000000e+02 3.903571767729e-07
1.266000000000e+02 1.160719225912e-06
1.267000000000e+02 1.929884375471e-06
1.268000000000e+02 2.707386027225e-06
1.269000000000e+02 3.497910630692e-06
1.270000000000e+02 4.299894892265e-06
1.271000000000e+02 5.121778952000e-06
1.272000000000e+02 5.964756074312e-06
1.273000000000e+02 6.824996390207e-06
1.274000000000e+02 7.708020463157e-06
1.275000000000e+02 8.610363203484e-06
1.276000000000e+02 9.525417837602e-06
1.277000000000e+02 1.045547834182e-05
1.278000000000e+02 1.139294206385e-05
1.279000000000e+02 1.232954138963e-05
1.280000000000e+02 1.326558063137e-05
1.281000000000e+02 1.419122406269e-05
1.282000000000e+02 1.509869123935e-05
1.283000000000e+02 1.598825477068e-05
1.284000000000e+02 1.685013064265e-05
1.285000000000e+02 1.767911150938e-05
1.286000000000e+02 1.847702955970e-05
1.287000000000e+02 1.923579334550e-05
1.288000000000e+02 1.995391833080e-05
1.289000000000e+02 2.063535328543e-05
1.290000000000e+02 2.127424851050e-05
1.291000000000e+02 2.187285077137e-05
1.292000000000e+02 2.243677893440e-05
1.293000000000e+02 2.296209418263e-05
1.294000000000e+02 2.345400814054e-05
1.295000000000e+02 2.391882116017e-05
1.296000000000e+02 2.435377805719e-05
1.297000000000e+02 2.476598573234e-05
1.298000000000e+02 2.516130805805e-05
1.299000000000e+02 2.553735942065e-05
1.300000000000e+02 2.590198731265e-05
1.301000000000e+02 2.625949499225e-05
1.302000000000e+02 2.660700347744e-05
1.303000000000e+02 2.695186987456e-05
1.304000000000e+02 2.729571245681e-05
1.305000000000e+02 2.763428473522e-05
1.306000000000e+02 2.797326988350e-05
1.307000000000e+02 2.831069853165e-05
1.308000000000e+02 2.864039337737e-05
1.309000000000e+02 2.896566547704e-05
1.310000000000e+02 2.928078244114e-05
1.311000000000e+02 2.957791976979e-05
1.312000000000e+02 2.985833358344e-05
1.313000000000e+02 3.011352659916e-05
1.314000000000e+02 3.033546437575e-05
1.315000000000e+02 3.052480950008e-05
1.316000000000e+02 3.067236490845e-05
1.317000000000e+02 3.077211952516e-05
1.318000000000e+02 3.082615846689e-05
1.319000000000e+02 3.082689378979e-05
1.320000000000e+02 3.077237289012e-05
1.321000000000e+02 3.066758059696e-05
1.322000000000e+02 3.050795869899e-05
1.323000000000e+02 3.029637801088e-05
1.324000000000e+02 3.004073988856e-05
1.325000000000e+02 2.973932993684e-05
1.326000000000e+02 2.939889895914e-05
1.327000000000e+02 2.902870128385e-05
1.328000000000e+02 2.862826522889e-05
1.329000000000e+02 2.820607554908e-05
1.330000000000e+02 2.777037299930e-05
1.331000000000e+02 2.731988267156e-05
1.332000000000e+02 2.686258273628e-05
1.333000000000e+02 2.640368433341e-05
1.334000000000e+02 2.593971609161e-05
1.335000000000e+02 2.547680034001e-05
1.336000000000e+02 2.501625110051e-05
1.337000000000e+02 2.455221645199e-05
1.338000000000e+02 2.408881750731e-05
1.339000000000e+02 2.362380863409e-05
1.340000000000e+02 2.314979911646e-05
1.341000000000e+02 2.266960648549e-05
1.342000000000e+02 2.217846900052e-05
1.343000000000e+02 2.166874517933e-05
1.344000000000e+02 2.114291110096e-05
1.345000000000e+02 2.059489425991e-05
1.346000000000e+02 2.001807011409e-05
1.347000000000e+02 1.941545414881e-05
1.348000000000e+02 1.878079310755e-05
1.349000000000e+02 1.810959354751e-05
1.350000000000e+02 1.740616988663e-05
1.351000000000e+02 1.666513855550e-05
1.352000000000e+02 1.588509741594e-05
1.353000000000e+02 1.507227391613e-05
1.354000000000e+02 1.422302080732e-05
1.355000000000e+02 1.333964126166e-05
1.356000000000e+02 1.243046438066e-05
1.357000000000e+02 1.149388598789e-05
1.358000000000e+02 1.053575215174e-05
1.359000000000e+02 9.565820182796e-06
1.360000000000e+02 8.583861975357e-06
1.361000000000e+02 7.598012233030e-06
1.362000000000e+02 6.617757568986e-06
1.363000000000e+02 5.642622164018e-06
1.364000000000e+02 4.680929890500e-06
1.365000000000e+02 3.739654090533e-06
1.366000000000e+02 2.816179681704e-06
1.367000000000e+02 1.916959488678e-06
1.368000000000e+02 1.044686066046e-06
1.369000000000e+02 1.935147065994e-07
1.370000000000e+02 -6.329335277009e-07
1.371000000000e+02 -1.436583150181e-06
1.372000000000e+02 -2.226031752142e-06
1.373000000000e+02 -2.999821670278e-06
1.374000000000e+02 -3.763168034220e-06
1.375000000000e+02 -4.525474683197e-06
1.376000000000e+02 -5.285550335637e-06
1.377000000000e+02 -6.049604993142e-06
1.378000000000e+02 -6.825367669994e-06
1.379000000000e+02 -7.609876138731e-06
1.380000000000e+02 -8.408246525002e-06
1.381000000000e+02 -9.224690555606e-06
1.382000000000e+02 -1.005336537706e-05
1.383000000000e+02 -1.089732125783e-05
1.384000000000e+02 -1.175673566197e-05
1.385000000000e+02 -1.262311715231e-05
1.386000000000e+02 -1.349774573426e-05
1.387000000000e+02 -1.437746369590e-05
1.388000000000e+02 -1.525235755008e-05
1.389000000000e+02 -1.612298846772e-05
1.390000000000e+02 -1.698414866703e-05
1.391000000000e+02 -1.782603606272e-05
1.392000000000e+02 -1.864963771343e-05
1.393000000000e+02 -1.944896927274e-05
1.394000000000e+02 -2.021568098782e-05
1.395000000000e+02 -2.095206688822e-05
1.396000000000e+02 -2.165239447635e-05
1.397000000000e+02 -2.231079612210e-05
1.398000000000e+02 -2.293147184591e-05
1.399000000000e+02 -2.350974966455e-05
1.400000000000e+02 -2.404299163875e-05
1.401000000000e+02 -2.453763114233e-05
1.402000000000e+02 -2.499058317721e-05
1.403000000000e+02 -2.540275977567e-05
1.404000000000e+02 -2.578266298393e-05
1.405000000000e+02 -2.612873475780e-05
1.406000000000e+02 -2.644498521288e-05
1.407000000000e+02 -2.674099252192e-05
1.408000000000e+02 -2.701578188439e-05
1.409000000000e+02 -2.727504619478e-05
1.410000000000e+02 -2.752758720197e-05
1.411000000000e+02 -2.777132936219e-05
1.412000000000e+02 -2.801162768138e-05
1.413000000000e+02 -2.825436991675e-05
1.414000000000e+02 -2.849470861873e-05
1.415000000000e+02 -2.873594641195e-05
1.416000000000e+02 -2.897963894471e-05
1.417000000000e+02 -2.921751838665e-05
1.418000000000e+02 -2.945038080424e-05
1.419000000000e+02 -2.967556388043e-05
1.420000000000e+02 -2.988233952279e-05
1.421000000000e+02 -3.007013076891e-05
1.422000000000e+02 -3.023372493885e-05
1.423000000000e+02 -3.036219759679e-05
1.424000000000e+02 -3.045572451632e-05
1.425000000000e+02 -3.050890473260e-05
1.426000000000e+02 -3.051312078144e-05
1.427000000000e+02 -3.047125004036e-05
1.428000000000e+02 -3.037955550527e-05
1.429000000000e+02 -3.023331675776e-05
1.430000000000e+02 -3.003888508236e-05
1.431000000000e+02 -2.979473306923e-05
1.432000000000e+02 -2.950017178741e-05
1.433000000000e+02 -2.916437610342e-05
1.434000000000e+02 -2.878729621255e-05
1.435000000000e+02 -2.837124023045e-05
1.436000000000e+02 -2.792664752094e-05
1.437000000000e+02 -2.745359676544e-05
1.438000000000e+02 -2.695593885641e-05
1.439000000000e+02 -2.644369012559e-05
1.440000000000e+02 -2.591581503386e-05
1.441000000000e+02 -2.537646295787e-05
1.442000000000e+02 -2.483391602299e-05
1.443000000000e+02 -2.428523274649e-05
1.444000000000e+02 -2.373402681614e-05
1.445000000000e+02 -2.318599103715e-05
1.446000000000e+02 -2.263590791612e-05
1.447000000000e+02 -2.208635579154e-05
1.448000000000e+02 -2.153995769325e-05
1.449000000000e+02 -2.098920794665e-05
1.450000000000e+02 -2.043548812039e-05
1.451000000000e+02 -1.987833133878e-05
1.452000000000e+02 -1.930844188195e-05
1.453000000000e+02 -1.872640684665e-05
1.454000000000e+02 -1.812936724425e-05
1.455000000000e+02 -1.750748240985e-05
1.456000000000e+02 -1.686170016258e-05
1.457000000000e+02 -1.618826627021e-05
1.458000000000e+02 -1.547870951568e-05
1.459000000000e+02 -1.473600083462e-05
1.460000000000e+02 -1.395734408896e-05
1.461000000000e+02 -1.313758383685e-05
1.462000000000e+02 -1.228310103705e-05
1.463000000000e+02 -1.139336676931e-05
1.464000000000e+02 -1.046756531093e-05
1.465000000000e+02 -9.515681357932e-06
1.466000000000e+02 -8.539397003199e-06
1.467000000000e+02 -7.541689052881e-06
1.468000000000e+02 -6.534750169136e-06
1.469000000000e+02 -5.520930813370e-06
1.470000000000e+02 -4.505067735830e-06
1.471000000000e+02 -3.499078361667e-06
1.472000000000e+02 -2.503720003515e-06
1.473000000000e+02 -1.523363458173e-06
1.474000000000e+02 -5.672350687243e-07
1.475000000000e+02 3.672694331234e-07
1.476000000000e+02 1.277771759268e-06
1.477000000000e+02 2.158994002760e-06
1.478000000000e+02 3.017285619511e-06
1.479000000000e+02 3.852338442638e-06
1.480000000000e+02 4.662550733582e-06
1.481000000000e+02 5.456957126788e-06
1.482000000000e+02 6.236168576047e-06
1.483000000000e+02 7.000924954122e-06
1.484000000000e+02 7.761117826790e-06
1.485000000000e+02 8.516695007074e-06
1.486000000000e+02 9.269193014639e-06
1.487000000000e+02 1.002761268827e-05
1.488000000000e+02 1.078998540996e-05
1.489000000000e+02 1.155752070984e-05
1.490000000000e+02 1.233714523221e-05
1.491000000000e+02 1.312435058574e-05
1.492000000000e+02 1.391945885531e-05
1.493000000000e+02 1.472671654199e-05
1.494000000000e+02 1.553898442615e-05
1.495000000000e+02 1.635555105811e-05
1.496000000000e+02 1.717780433066e-05
1.497000000000e+02 1.799628456727e-05
1.498000000000e+02 1.880945236045e-05
1.499000000000e+02 1.961610387587e-05
1.500000000000e+02 2.040525173450e-05
1.501000000000e+02 2.117523154727e-05
1.502000000000e+02 2.192313663715e-05
1.503000000000e+02 2.263787438271e-05
1.504000000000e+02 2.331895215609e-05
1.505000000000e+02 2.396326004333e-05
1.506000000000e+02 2.456148825622e-05
1.507000000000e+02 2.511588472420e-05
1.508000000000e+02 2.562475134317e-05
1.509000000000e+02 2.608224932079e-05
1.510000000000e+02 2.649442935647e-05
1.511000000000e+02 2.686187783685e-05
1.512000000000e+02 2.718284074622e-05
1.513000000000e+02 2.746692782277e-05
1.514000000000e+02 2.771647244552e-05
1.515000000000e+02 2.793287404625e-05
1.516000000000e+02 2.812755039906e-05
1.517000000000e+02 2.830271584123e-05
1.518000000000e+02 2.846082489777e-05
1.519000000000e+02 2.861252026659e-05
1.520000000000e+02 2.875761335674e-05
1.521000000000e+02 2.889744012845e-05
1.522000000000e+02 2.903965948572e-05
1.523000000000e+02 2.918018906704e-05
1.524000000000e+02 2.931813520347e-05
1.525000000000e+02 2.945732900266e-05
1.526000000000e+02 2.958984736577e-05
1.527000000000e+02 2.971299255004e-05
1.528000000000e+02 2.982746608905e-05
1.529000000000e+02 2.992296157414e-05
1.530000000000e+02 2.999652447546e-05
1.531000000000e+02 3.004732475994e-05
1.532000000000e+02 3.006470800918e-05
1.533000000000e+02 3.004721642653e-05
1.534000000000e+02 2.999405627341e-05
1.535000000000e+02 2.989595000797e-05
1.536000000000e+02 2.975413088964e-05
1.537000000000e+02 2.956877545785e-05
1.538000000000e+02 2.933296687173e-05
1.539000000000e+02 2.905103325317e-05
1.540000000000e+02 2.872436481338e-05
1.541000000000e+02 2.834872417222e-05
1.542000000000e+02 2.793133458512e-05
1.543000000000e+02 2.747458846790e-05
1.544000000000e+02 2.697681082290e-05
1.545000000000e+02 2.644752213773e-05
1.546000000000e+02 2.588958628203e-05
1.547000000000e+02 2.530338785814e-05
1.548000000000e+02 2.469973488593e-05
1.549000000000e+02 2.408103717252e-05
1.550000000000e+02 2.344874603135e-05
1.551000000000e+02 2.281346080152e-05
1.552000000000e+02 2.217579526984e-05
1.553000000000e+02 2.153686238357e-05
1.554000000000e+02 2.090529546048e-05
1.555000000000e+02 2.027852179503e-05
1.556000000000e+02 1.965601747127e-05
1.557000000000e+02 1.904309200195e-05
1.558000000000e+02 1.843329127237e-05
1.559000000000e+02 1.782404787497e-05
1.560000000000e+02 1.721715964869e-05
1.561000000000e+02 1.660295401399e-05
1.562000000000e+02 1.597780716826e-05
1.563000000000e+02 1.534127421611e-05
1.564000000000e+02 1.468249463296e-05
1.565000000000e+02 1.399889756479e-05
1.566000000000e+02 1.328997107055e-05
1.567000000000e+02 1.254624440422e-05
1.568000000000e+02 1.176841238027e-05
1.569000000000e+02 1.095782741324e-05
1.570000000000e+02 1.010831806516e-05
1.571000000000e+02 9.224990491119e-06
1.572000000000e+02 8.311703918244e-06
1.573000000000e+02 7.365973948551e-06
1.574000000000e+02 6.396817824003e-06
1.575000000000e+02 5.409677990366e-06
1.576000000000e+02 4.404651034631e-06
1.577000000000e+02 3.392861439518e-06
1.578000000000e+02 2.379450656119e-06
1.579000000000e+02 1.365302210561e-06
1.580000000000e+02 3.614950779115e-07
1.581000000000e+02 -6.289677481533e-07
1.582000000000e+02 -1.605919557976e-06
1.583000000000e+02 -2.559932051751e-06
1.584000000000e+02 -3.491194153119e-06
1.585000000000e+02 -4.400926962803e-06
1.586000000000e+02 -5.282063587088e-06
1.587000000000e+02 -6.138121093070e-06
1.588000000000e+02 -6.971598430963e-06
1.589000000000e+02 -7.777790598174e-06
1.590000000000e+02 -8.563050875157e-06
1.591000000000e+02 -9.330597527309e-06
1.592000000000e+02 -1.007769343614e-05
1.593000000000e+02 -1.081268872769e-05
1.594000000000e+02 -1.153871894575e-05
1.595000000000e+02 -1.225433800277e-05
1.596000000000e+02 -1.296875045186e-05
1.597000000000e+02 -1.368394529574e-05
1.598000000000e+02 -1.439875677392e-05
1.599000000000e+02 -1.512177661013e-05
1.600000000000e+02 -1.585255238634e-05
1.601000000000e+02 -1.658897586298e-05
1.602000000000e+02 -1.733749106326e-05
1.603000000000e+02 -1.809406319260e-05
1.604000000000e+02 -1.885471863910e-05
1.605000000000e+02 -1.962278018661e-05
1.606000000000e+02 -2.039032623777e-05
1.607000000000e+02 -2.115158496178e-05
1.608000000000e+02 -2.190699195575e-05
1.609000000000e+02 -2.264578468873e-05
1.610000000000e+02 -2.336178159434e-05
1.611000000000e+02 -2.405407976439e-05
1.612000000000e+02 -2.471130158595e-05
1.613000000000e+02 -2.532912336335e-05
1.614000000000e+02 -2.590747162096e-05
1.615000000000e+02 -2.643682926697e-05
1.616000000000e+02 -2.691678851877e-05
1.617000000000e+02 -2.734972264583e-05
1.618000000000e+02 -2.772951563891e-05
1.619000000000e+02 -2.806043541537e-05
1.620000000000e+02 -2.834745396572e-05
1.621000000000e+02 -2.858777637077e-05
1.622000000000e+02 -2.878942117631e-05
1.623000000000e+02 -2.895857835818e-05
1.624000000000e+02 -2.909431210806e-05
1.625000000000e+02 -2.920632277099e-05
1.626000000000e+02 -2.929988804917e-05
1.627000000000e+02 -2.937403558907e-05
1.628000000000e+02 -2.943799087109e-05
1.629000000000e+02 -2.949430587288e-05
1.630000000000e+02 -2.954063325675e-05
1.631000000000e+02 -2.958434746156e-05
1.632000000000e+02 -2.962445372328e-05
1.633000000000e+02 -2.965689881583e-05
1.634000000000e+02 -2.968684412304e-05
1.635000000000e+02 -2.970993003427e-05
1.636000000000e+02 -2.972089464072e-05
1.637000000000e+02 -2.972303189843e-05
1.638000000000e+02 -2.970940202940e-05
1.639000000000e+02 -2.967442712607e-05
1.640000000000e+02 -2.962018636576e-05
1.641000000000e+02 -2.953819620724e-05
1.642000000000e+02 -2.942358506168e-05
1.643000000000e+02 -2.927801678721e-05
1.644000000000e+02 -2.909266729473e-05
1.645000000000e+02 -2.886450296482e-05
1.646000000000e+02 -2.859573412263e-05
1.647000000000e+02 -2.827855668829e-05
1.648000000000e+02 -2.791295778745e-05
1.649000000000e+02 -2.750268036173e-05
1.650000000000e+02 -2.704219632845e-05
1.651000000000e+02 -2.653537248843e-05
1.652000000000e+02 -2.598801555780e-05
1.653000000000e+02 -2.539745232742e-05
1.654000000000e+02 -2.477136220456e-05
1.655000000000e+02 -2.411711220880e-05
1.656000000000e+02 -2.343427427383e-05
1.657000000000e+02 -2.273298767993e-05
1.658000000000e+02 -2.202047796897e-05
1.659000000000e+02 -2.129682586590e-05
1.660000000000e+02 -2.057232217110e-05
1.661000000000e+02 -1.985173662250e-05
1.662000000000e+02 -1.913360330952e-05
1.663000000000e+02 -1.842610507644e-05
1.664000000000e+02 -1.772974794245e-05
1.665000000000e+02 -1.704029361330e-05
1.666000000000e+02 -1.636271764445e-05
1.667000000000e+02 -1.569293216573e-05
1.668000000000e+02 -1.502428501305e-05
1.669000000000e+02 -1.435910115079e-05
1.670000000000e+02 -1.369002481440e-05
1.671000000000e+02 -1.300978385370e-05
1.672000000000e+02 -1.231981950738e-05
1.673000000000e+02 -1.161176402990e-05
1.674000000000e+02 -1.088001579226e-05
1.675000000000e+02 -1.012704644931e-05
1.676000000000e+02 -9.345538122994e-06
1.677000000000e+02 -8.533256983634e-06
1.678000000000e+02 -7.694798708525e-06
1.679000000000e+02 -6.824959966999e-06
1.680000000000e+02 -5.925400243580e-06
1.681000000000e+02 -5.002785536975e-06
1.682000000000e+02 -4.053998887150e-06
1.683000000000e+02 -3.084077041876e-06
1.684000000000e+02 -2.100875536885e-06
1.685000000000e+02 -1.102679248417e-06
1.686000000000e+02 -9.685787688258e-08
1.687000000000e+02 9.087226380935e-07
1.688000000000e+02 1.915238406490e-06
1.689000000000e+02 2.914150455760e-06
1.690000000000e+02 3.898749655287e-06
1.691000000000e+02 4.870522980599e-06
1.692000000000e+02 5.820938795337e-06
1.693000000000e+02 6.745561896570e-06
1.694000000000e+02 7.647031878307e-06
1.695000000000e+02 8.517999974129e-06
1.696000000000e+02 9.357312037903e-06
1.697000000000e+02 1.016946339457e-05
1.698000000000e+02 1.094921956464e-05
1.699000000000e+02 1.169926202049e-05
1.700000000000e+02 1.242608011036e-05
1.701000000000e+02 1.312674393855e-05
1.702000000000e+02 1.380736777717e-05
1.703000000000e+02 1.447555014684e-05
1.704000000000e+02 1.512974049700e-05
1.705000000000e+02 1.577791301819e-05
1.706000000000e+02 1.642685850947e-05
1.707000000000e+02 1.707457879571e-05
1.708000000000e+02 1.772863162352e-05
1.709000000000e+02 1.839275049035e-05
1.710000000000e+02 1.906264571894e-05
1.711000000000e+02 1.974351704775e-05
1.712000000000e+02 2.043456660645e-05
1.713000000000e+02 2.112844004530e-05
1.714000000000e+02 2.182737600228e-05
1.715000000000e+02 2.252617018895e-05
1.716000000000e+02 2.321527163885e-05
1.717000000000e+02 2.389498209084e-05
1.718000000000e+02 2.455737911218e-05
1.719000000000e+02 2.519286385791e-05
1.720000000000e+02 2.580181161071e-05
1.721000000000e+02 2.637594245589e-05
1.722000000000e+02 2.690797229866e-05
1.723000000000e+02 2.740020343950e-05
1.724000000000e+02 2.784587731458e-05
1.725000000000e+02 2.824152741798e-05
1.726000000000e+02 2.859217297009e-05
1.727000000000e+02 2.889327149476e-05
1.728000000000e+02 2.914536577323e-05
1.729000000000e+02 2.935574039606e-05
1.730000000000e+02 2.952164251039e-05
1.731000000000e+02 2.964679086431e-05
1.732000000000e+02 2.973950957274e-05
1.733000000000e+02 2.979785434053e-05
1.734000000000e+02 2.982748152822e-05
1.735000000000e+02 2.983636950350e-05
1.736000000000e+02 2.982238715699e-05
1.737000000000e+02 2.979193325619e-05
1.738000000000e+02 2.975142937187e-05
1.739000000000e+02 2.969774857656e-05
1.740000000000e+02 2.963698310112e-05
1.741000000000e+02 2.957299137901e-05
1.742000000000e+02 2.950100958991e-05
1.743000000000e+02 2.942591703690e-05
1.744000000000e+02 2.934824599705e-05
1.745000000000e+02 2.926122282683e-05
1.746000000000e+02 2.916795209880e-05
1.747000000000e+02 2.906541014786e-05
1.748000000000e+02 2.894506535201e-05
1.749000000000e+02 2.880843917870e-05
1.750000000000e+02 2.864965931614e-05
1.751000000000e+02 2.845965078159e-05
1.752000000000e+02 2.823953743110e-05
1.753000000000e+02 2.798231495719e-05
1.754000000000e+02 2.768041142433e-05
1.755000000000e+02 2.733639252960e-05
1.756000000000e+02 2.694427646243e-05
1.757000000000e+02 2.650009484430e-05
1.758000000000e+02 2.600942264729e-05
1.759000000000e+02 2.546885910299e-05
1.760000000000e+02 2.487913428613e-05
1.761000000000e+02 2.424913538094e-05
1.762000000000e+02 2.357814062050e-05
1.763000000000e+02 2.287101646828e-05
1.764000000000e+02 2.213863055168e-05
1.765000000000e+02 2.138150170406e-05
1.766000000000e+02 2.060666154045e-05
1.767000000000e+02 1.982455199990e-05
1.768000000000e+02 1.903477348194e-05
1.769000000000e+02 1.824416765557e-05
1.770000000000e+02 1.746043014689e-05
1.771000000000e+02 1.668054966110e-05
1.772000000000e+02 1.590958467855e-05
1.773000000000e+02 1.515126768183e-05
1.774000000000e+02 1.439955586459e-05
1.775000000000e+02 1.365746087264e-05
1.776000000000e+02 1.292493366902e-05
1.777000000000e+02 1.219376086986e-05
1.778000000000e+02 1.146573813121e-05
1.779000000000e+02 1.073816883842e-05
1.780000000000e+02 1.000219861132e-05
1.781000000000e+02 9.259641833858e-06
1.782000000000e+02 8.506524609134e-06
1.783000000000e+02 7.734866718478e-06
1.784000000000e+02 6.947558508678e-06
1.785000000000e+02 6.140492547424e-06
1.786000000000e+02 5.307730994520e-06
1.787000000000e+02 4.453935064567e-06
1.788000000000e+02 3.575705258793e-06
1.789000000000e+02 2.669969077855e-06
1.790000000000e+02 1.743547200446e-06
1.791000000000e+02 7.943328038175e-07
1.792000000000e+02 -1.773996086660e-07
1.793000000000e+02 -1.162640397598e-06
1.794000000000e+02 -2.162020537688e-06
1.795000000000e+02 -3.172004174538e-06
1.796000000000e+02 -4.182000122528e-06
1.797000000000e+02 -5.191699112295e-06
1.798000000000e+02 -6.195255381382e-06
1.799000000000e+02 -7.181962591215e-06
1.800000000000e+02 -8.151943018810e-06
1.801000000000e+02 -9.098811664336e-06
1.802000000000e+02 -1.001382572018e-05
1.803000000000e+02 -1.089930644386e-05
1.804000000000e+02 -1.175027398459e-05
1.805000000000e+02 -1.256182052455e-05
1.806000000000e+02 -1.333970099086e-05
1.807000000000e+02 -1.408146499627e-05
1.808000000000e+02 -1.478672506978e-05
1.809000000000e+02 -1.546450441644e-05
1.810000000000e+02 -1.611448629869e-05
1.811000000000e+02 -1.673984115755e-05
1.812000000000e+02 -1.735113053592e-05
1.813000000000e+02 -1.794839049004e-05
1.814000000000e+02 -1.853618675066e-05
1.815000000000e+02 -1.912406609705e-05
1.816000000000e+02 -1.971021379169e-05
1.817000000000e+02 -2.029835567633e-05
1.818000000000e+02 -2.089486042166e-05
1.819000000000e+02 -2.149462537910e-05
1.820000000000e+02 -2.209932345654e-05
1.821000000000e+02 -2.271129606342e-05
1.822000000000e+02 -2.332215525933e-05
1.823000000000e+02 -2.393173362968e-05
1.824000000000e+02 -2.453892686350e-05
1.825000000000e+02 -2.513332897752e-05
1.826000000000e+02 -2.571415714518e-05
1.827000000000e+02 -2.627826611076e-05
1.828000000000e+02 -2.681501335688e-05
1.829000000000e+02 -2.732443878299e-05
1.830000000000e+02 -2.780279476361e-05
1.831000000000e+02 -2.824077074967e-05
1.832000000000e+02 -2.864028236835e-05
1.833000000000e+02 -2.899800000683e-05
1.834000000000e+02 -2.930699651582e-05
1.835000000000e+02 -2.957158997559e-05
1.836000000000e+02 -2.978944830901e-05
1.837000000000e+02 -2.995662058696e-05
1.838000000000e+02 -3.007994071125e-05
1.839000000000e+02 -3.015831857446e-05
1.840000000000e+02 -3.019097606039e-05
1.841000000000e+02 -3.018697221244e-05
1.842000000000e+02 -3.014629100204e-05
1.843000000000e+02 -3.007097243961e-05
1.844000000000e+02 -2.997140869054e-05
1.845000000000e+02 -2.984785039885e-05
1.846000000000e+02 -2.970404734878e-05
1.847000000000e+02 -2.955011201802e-05
1.848000000000e+02 -2.938510342481e-05
1.849000000000e+02 -2.921276568400e-05
1.850000000000e+02 -2.904093349376e-05
1.851000000000e+02 -2.886587416145e-05
1.852000000000e+02 -2.868968705574e-05
1.853000000000e+02 -2.851637423452e-05
1.854000000000e+02 -2.833856702053e-05
1.855000000000e+02 -2.815607809063e-05
1.856000000000e+02 -2.796882996600e-05
1.857000000000e+02 -2.776644882733e-05
1.858000000000e+02 -2.754733704855e-05
1.859000000000e+02 -2.730866495493e-05
1.860000000000e+02 -2.703911762623e-05
1.861000000000e+02 -2.673774385266e-05
1.862000000000e+02 -2.640123425458e-05
1.863000000000e+02 -2.601993682534e-05
1.864000000000e+02 -2.559570910555e-05
1.865000000000e+02 -2.512678934755e-05
1.866000000000e+02 -2.460710647102e-05
1.867000000000e+02 -2.404244474504e-05
1.868000000000e+02 -2.343336757116e-05
1.869000000000e+02 -2.277782383208e-05
1.870000000000e+02 -2.208508760822e-05
1.871000000000e+02 -2.135735715718e-05
1.872000000000e+02 -2.059563706726e-05
1.873000000000e+02 -1.981106542149e-05
1.874000000000e+02 -1.900590962027e-05
1.875000000000e+02 -1.818262128034e-05
1.876000000000e+02 -1.735225793812e-05
1.877000000000e+02 -1.651560006266e-05
1.878000000000e+02 -1.567513113086e-05
1.879000000000e+02 -1.484030901677e-05
1.880000000000e+02 -1.400946543656e-05
1.881000000000e+02 -1.318430670602e-05
1.882000000000e+02 -1.237184276413e-05
1.883000000000e+02 -1.156766229472e-05
1.884000000000e+02 -1.077243544224e-05
1.885000000000e+02 -9.990411557214e-06
1.886000000000e+02 -9.214620311935e-06
1.887000000000e+02 -8.444806486376e-06
1.888000000000e+02 -7.682549908029e-06
1.889000000000e+02 -6.918906190942e-06
1.890000000000e+02 -6.153182904712e-06
1.891000000000e+02 -5.384868767672e-06
1.892000000000e+02 -4.604152782633e-06
1.893000000000e+02 -3.810914915241e-06
1.894000000000e+02 -3.003737416457e-06
1.895000000000e+02 -2.173605992686e-06
1.896000000000e+02 -1.322432152549e-06
1.897000000000e+02 -4.494636238579e-07
1.898000000000e+02 4.516927906501e-07
1.899000000000e+02 1.375732716228e-06
1.900000000000e+02 2.321475391739e-06
1.901000000000e+02 3.291509775461e-06
1.902000000000e+02 4.276710853101e-06
1.903000000000e+02 5.273819430489e-06
1.904000000000e+02 6.281809534161e-06
1.905000000000e+02 7.288795547200e-06
1.906000000000e+02 8.290751102094e-06
1.907000000000e+02 9.284666733654e-06
1.908000000000e+02 1.025820771147e-05
1.909000000000e+02 1.120882685232e-05
1.910000000000e+02 1.213382025298e-05
1.911000000000e+02 1.302295402504e-05
1.912000000000e+02 1.387719210967e-05
1.913000000000e+02 1.469587023388e-05
1.914000000000e+02 1.547244738380e-05
1.915000000000e+02 1.621214501547e-05
1.916000000000e+02 1.691664145386e-05
1.917000000000e+02 1.758309135646e-05
1.918000000000e+02 1.822011125304e-05
1.919000000000e+02 1.883057699504e-05
1.920000000000e+02 1.941402981113e-05
1.921000000000e+02 1.998056444003e-05
1.922000000000e+02 2.053242055468e-05
1.923000000000e+02 2.106979627811e-05
1.924000000000e+02 2.160226045627e-05
1.925000000000e+02 2.212983930969e-05
1.926000000000e+02 2.265209509989e-05
1.927000000000e+02 2.317670708893e-05
1.928000000000e+02 2.370070679413e-05
1.929000000000e+02 2.422250494374e-05
1.930000000000e+02 2.474732742306e-05
1.931000000000e+02 2.526920534874e-05
1.932000000000e+02 2.578550643249e-05
1.933000000000e+02 2.629901028382e-05
1.934000000000e+02 2.680124015711e-05
1.935000000000e+02 2.728898995500e-05
1.936000000000e+02 2.776296429453e-05
1.937000000000e+02 2.821302317932e-05
1.938000000000e+02 2.863615591475e-05
1.939000000000e+02 2.903174703725e-05
1.940000000000e+02 2.938924740810e-05
1.941000000000e+02 2.970698787526e-05
1.942000000000e+02 2.998422420825e-05
1.943000000000e+02 3.021162983691e-05
1.944000000000e+02 3.039026834561e-05
1.945000000000e+02 3.052063010307e-05
1.946000000000e+02 3.059619661319e-05
1.947000000000e+02 3.062184640631e-05
1.948000000000e+02 3.060017180646e-05
1.949000000000e+02 3.052825408260e-05
1.950000000000e+02 3.041481114227e-05
1.951000000000e+02 3.026421301074e-05
1.952000000000e+02 3.007655678286e-05
1.953000000000e+02 2.986298350666e-05
1.954000000000e+02 2.962797741835e-05
1.955000000000e+02 2.937280979345e-05
1.956000000000e+02 2.910860288585e-05
1.957000000000e+02 2.883763244265e-05
1.958000000000e+02 2.856015226747e-05
1.959000000000e+02 2.828489235498e-05
1.960000000000e+02 2.801012213516e-05
1.961000000000e+02 2.773372787621e-05
1.962000000000e+02 2.746086703578e-05
1.963000000000e+02 2.718548309552e-05
1.964000000000e+02 2.690330501352e-05
1.965000000000e+02 2.661637558380e-05
1.966000000000e+02 2.631559077808e-05
1.967000000000e+02 2.599609816655e-05
1.968000000000e+02 2.565844512590e-05
1.969000000000e+02 2.529262433627e-05
1.970000000000e+02 2.489523549974e-05
1.971000000000e+02 2.446710950509e-05
1.972000000000e+02 2.399931127785e-05
1.973000000000e+02 2.349141149125e-05
1.974000000000e+02 2.294562178618e-05
1.975000000000e+02 2.235520907320e-05
1.976000000000e+02 2.172325720686e-05
1.977000000000e+02 2.105353311273e-05
1.978000000000e+02 2.034174052308e-05
1.979000000000e+02 1.959417667740e-05
1.980000000000e+02 1.881568334358e-05
1.981000000000e+02 1.800407641853e-05
1.982000000000e+02 1.716809529472e-05
1.983000000000e+02 1.631286934139e-05
1.984000000000e+02 1.543772120908e-05
1.985000000000e+02 1.455279840590e-05
1.986000000000e+02 1.366254175232e-05
1.987000000000e+02 1.276692663441e-05
1.988000000000e+02 1.187620440410e-05
1.989000000000e+02 1.099293461914e-05
1.990000000000e+02 1.011663392625e-05
1.991000000000e+02 9.256153304968e-06
1.992000000000e+02 8.410926776716e-06
1.993000000000e+02 7.578926197412e-06
1.994000000000e+02 6.766322107771e-06
1.995000000000e+02 5.968660248431e-06
1.996000000000e+02 5.181924925815e-06
1.997000000000e+02 4.409220734503e-06
1.998000000000e+02 3.642566449993e-06
1.999000000000e+02 2.876718677334e-06
2.000000000000e+02 2.112649320376e-06
