0.000000000000e+00 -5.857282534518e-01
1.000000000000e-01 -5.857287091360e-01
2.000000000000e-01 -5.857287081260e-01
3.000000000000e-01 -5.857287064801e-01
4.000000000000e-01 -5.857287042252e-01
5.000000000000e-01 -5.857287014423e-01
6.000000000000e-01 -5.857286981954e-01
7.000000000000e-01 -5.857286945406e-01
8.000000000000e-01 -5.857286905734e-01
9.000000000000e-01 -5.857286863539e-01
1.000000000000e+00 -5.857286819266e-01
1.100000000000e+00 -5.857286773624e-01
1.200000000000e+00 -5.857286726850e-01
1.300000000000e+00 -5.857286679041e-01
1.400000000000e+00 -5.857286630526e-01
1.500000000000e+00 -5.857286581168e-01
1.600000000000e+00 -5.857286530820e-01
1.700000000000e+00 -5.857286479629e-01
1.800000000000e+00 -5.857286427371e-01
1.900000000000e+00 -5.857286373986e-01
2.000000000000e+00 -5.857286319784e-01
2.100000000000e+00 -5.857286264785e-01
2.200000000000e+00 -5.857286209291e-01
2.300000000000e+00 -5.857286153966e-01
2.400000000000e+00 -5.857286099165e-01
2.500000000000e+00 -5.857286045533e-01
2.600000000000e+00 -5.857285993943e-01
2.700000000000e+00 -5.857285944856e-01
2.800000000000e+00 -5.857285898937e-01
2.900000000000e+00 -5.857285856897e-01
3.000000000000e+00 -5.857285818912e-01
3.100000000000e+00 -5.857285785297e-01
3.200000000000e+00 -5.857285756275e-01
3.300000000000e+00 -5.857285731506e-01
3.400000000000e+00 -5.857285710820e-01
3.500000000000e+00 -5.857285693934e-01
3.600000000000e+00 -5.857285680104e-01
3.700000000000e+00 -5.857285668891e-01
3.800000000000e+00 -5.857285659822e-01
3.900000000000e+00 -5.857285652130e-01
4.000000000000e+00 -5.857285645524e-01
4.100000000000e+00 -5.857285639743e-01
4.200000000000e+00 -5.857285634379e-01
4.300000000000e+00 -5.857285629582e-01
4.400000000000e+00 -5.857285625509e-01
4.500000000000e+00 -5.857285622201e-01
4.600000000000e+00 -5.857285620212e-01
4.700000000000e+00 -5.857285619970e-01
4.800000000000e+00 -5.857285621718e-01
4.900000000000e+00 -5.857285626088e-01
5.000000000000e+00 -5.857285633405e-01
5.100000000000e+00 -5.857285643738e-01
5.200000000000e+00 -5.857285657437e-01
5.300000000000e+00 -5.857285674431e-01
5.400000000000e+00 -5.857285694409e-01
5.500000000000e+00 -5.857285717332e-01
5.600000000000e+00 -5.857285742743e-01
5.700000000000e+00 -5.857285770079e-01
5.800000000000e+00 -5.857285799132e-01
5.900000000000e+00 -5.857285829359e-01
6.000000000000e+00 -5.857285860299e-01
6.100000000000e+00 -5.857285891930e-01
6.200000000000e+00 -5.857285923970e-01
6.300000000000e+00 -5.857285956345e-01
6.400000000000e+00 -5.857285989415e-01
6.500000000000e+00 -5.857286023261e-01
6.600000000000e+00 -5.857286058175e-01
6.700000000000e+00 -5.857286094766e-01
6.800000000000e+00 -5.857286133237e-01
6.900000000000e+00 -5.857286173928e-01
7.000000000000e+00 -5.857286217312e-01
7.100000000000e+00 -5.857286263319e-01
7.200000000000e+00 -5.857286311954e-01
7.300000000000e+00 -5.857286363215e-01
7.400000000000e+00 -5.857286416515e-01
7.500000000000e+00 -5.857286471376e-01
7.600000000000e+00 -5.857286527294e-01
7.700000000000e+00 -5.857286583263e-01
7.800000000000e+00 -5.857286638532e-01
7.900000000000e+00 -5.857286692400e-01
8.000000000000e+00 -5.857286743825e-01
8.100000000000e+00 -5.857286792197e-01
8.200000000000e+00 -5.857286837030e-01
8.300000000000e+00 -5.857286877635e-01
8.400000000000e+00 -5.857286913852e-01
8.500000000000e+00 -5.857286945629e-01
8.600000000000e+00 -5.857286972738e-01
8.700000000000e+00 -5.857286995462e-01
8.800000000000e+00 -5.857287014054e-01
8.900000000000e+00 -5.857287028530e-01
9.000000000000e+00 -5.857287039311e-01
9.100000000000e+00 -5.857287046611e-01
9.200000000000e+00 -5.857287050341e-01
9.300000000000e+00 -5.857287050725e-01
9.400000000000e+00 -5.857287047670e-01
9.500000000000e+00 -5.857287040796e-01
9.600000000000e+00 -5.857287030049e-01
9.700000000000e+00 -5.857287015059e-01
9.800000000000e+00 -5.857286995302e-01
9.900000000000e+00 -5.857286970683e-01
1.000000000000e+01 -5.857286940869e-01
1.010000000000e+01 -5.857286905562e-01
1.020000000000e+01 -5.857286864991e-01
1.030000000000e+01 -5.857286819215e-01
1.040000000000e+01 -5.857286768451e-01
1.050000000000e+01 -5.857286713453e-01
1.060000000000e+01 -5.857286654765e-01
1.070000000000e+01 -5.857286593099e-01
1.080000000000e+01 -5.857286529582e-01
1.090000000000e+01 -5.857286464991e-01
1.100000000000e+01 -5.857286400188e-01
1.110000000000e+01 -5.857286336264e-01
1.120000000000e+01 -5.857286273800e-01
1.130000000000e+01 -5.857286213388e-01
1.140000000000e+01 -5.857286155702e-01
1.150000000000e+01 -5.857286100836e-01
1.160000000000e+01 -5.857286048914e-01
1.170000000000e+01 -5.857286000115e-01
1.180000000000e+01 -5.857285954087e-01
1.190000000000e+01 -5.857285910650e-01
1.200000000000e+01 -5.857285869738e-01
1.210000000000e+01 -5.857285830888e-01
1.220000000000e+01 -5.857285793980e-01
1.230000000000e+01 -5.857285759072e-01
1.240000000000e+01 -5.857285725934e-01
1.250000000000e+01 -5.857285694783e-01
1.260000000000e+01 -5.857285665980e-01
1.270000000000e+01 -5.857285639615e-01
1.280000000000e+01 -5.857285616203e-01
1.290000000000e+01 -5.857285596263e-01
1.300000000000e+01 -5.857285579967e-01
1.310000000000e+01 -5.857285567812e-01
1.320000000000e+01 -5.857285560123e-01
1.330000000000e+01 -5.857285556797e-01
1.340000000000e+01 -5.857285557983e-01
1.350000000000e+01 -5.857285563541e-01
1.360000000000e+01 -5.857285572919e-01
1.370000000000e+01 -5.857285585846e-01
1.380000000000e+01 -5.857285601762e-01
1.390000000000e+01 -5.857285619835e-01
1.400000000000e+01 -5.857285639632e-01
1.410000000000e+01 -5.857285660518e-01
1.420000000000e+01 -5.857285681778e-01
1.430000000000e+01 -5.857285703222e-01
1.440000000000e+01 -5.857285724529e-01
1.450000000000e+01 -5.857285745433e-01
1.460000000000e+01 -5.857285766227e-01
1.470000000000e+01 -5.857285787040e-01
1.480000000000e+01 -5.857285808074e-01
1.490000000000e+01 -5.857285829998e-01
1.500000000000e+01 -5.857285853172e-01
1.510000000000e+01 -5.857285877962e-01
1.520000000000e+01 -5.857285905027e-01
1.530000000000e+01 -5.857285934564e-01
1.540000000000e+01 -5.857285966699e-01
1.550000000000e+01 -5.857286001731e-01
1.560000000000e+01 -5.857286039403e-01
1.570000000000e+01 -5.857286079428e-01
1.580000000000e+01 -5.857286121662e-01
1.590000000000e+01 -5.857286165452e-01
1.600000000000e+01 -5.857286210254e-01
1.610000000000e+01 -5.857286255732e-01
1.620000000000e+01 -5.857286301166e-01
1.630000000000e+01 -5.857286346116e-01
1.640000000000e+01 -5.857286390419e-01
1.650000000000e+01 -5.857286433622e-01
1.660000000000e+01 -5.857286475660e-01
1.670000000000e+01 -5.857286516717e-01
1.680000000000e+01 -5.857286556683e-01
1.690000000000e+01 -5.857286595825e-01
1.700000000000e+01 -5.857286634518e-01
1.710000000000e+01 -5.857286672749e-01
1.720000000000e+01 -5.857286710798e-01
1.730000000000e+01 -5.857286748867e-01
1.740000000000e+01 -5.857286786681e-01
1.750000000000e+01 -5.857286824190e-01
1.760000000000e+01 -5.857286861149e-01
1.770000000000e+01 -5.857286896844e-01
1.780000000000e+01 -5.857286930822e-01
1.790000000000e+01 -5.857286962437e-01
1.800000000000e+01 -5.857286990704e-01
1.810000000000e+01 -5.857287015035e-01
1.820000000000e+01 -5.857287034737e-01
1.830000000000e+01 -5.857287048965e-01
1.840000000000e+01 -5.857287057420e-01
1.850000000000e+01 -5.857287059766e-01
1.860000000000e+01 -5.857287055655e-01
1.870000000000e+01 -5.857287045342e-01
1.880000000000e+01 -5.857287029010e-01
1.890000000000e+01 -5.857287006857e-01
1.900000000000e+01 -5.857286979604e-01
1.910000000000e+01 -5.857286947763e-01
1.920000000000e+01 -5.857286911791e-01
1.930000000000e+01 -5.857286872521e-01
1.940000000000e+01 -5.857286830405e-01
1.950000000000e+01 -5.857286785779e-01
1.960000000000e+01 -5.857286739234e-01
1.970000000000e+01 -5.857286690887e-01
1.980000000000e+01 -5.857286640767e-01
1.990000000000e+01 -5.857286589148e-01
2.000000000000e+01 -5.857286535850e-01
2.010000000000e+01 -5.857286480749e-01
2.020000000000e+01 -5.857286424030e-01
2.030000000000e+01 -5.857286365530e-01
2.040000000000e+01 -5.857286305310e-01
2.050000000000e+01 -5.857286243806e-01
2.060000000000e+01 -5.857286181178e-01
2.070000000000e+01 -5.857286117914e-01
2.080000000000e+01 -5.857286054840e-01
2.090000000000e+01 -5.857285992480e-01
2.100000000000e+01 -5.857285931667e-01
2.110000000000e+01 -5.857285873422e-01
2.120000000000e+01 -5.857285818345e-01
2.130000000000e+01 -5.857285767249e-01
2.140000000000e+01 -5.857285720940e-01
2.150000000000e+01 -5.857285679685e-01
2.160000000000e+01 -5.857285643890e-01
2.170000000000e+01 -5.857285613825e-01
2.180000000000e+01 -5.857285589197e-01
2.190000000000e+01 -5.857285569891e-01
2.200000000000e+01 -5.857285555641e-01
2.210000000000e+01 -5.857285545727e-01
2.220000000000e+01 -5.857285539750e-01
2.230000000000e+01 -5.857285537231e-01
2.240000000000e+01 -5.857285537416e-01
2.250000000000e+01 -5.857285540023e-01
2.260000000000e+01 -5.857285544760e-01
2.270000000000e+01 -5.857285551192e-01
2.280000000000e+01 -5.857285559424e-01
2.290000000000e+01 -5.857285569519e-01
2.300000000000e+01 -5.857285581419e-01
2.310000000000e+01 -5.857285595557e-01
2.320000000000e+01 -5.857285612176e-01
2.330000000000e+01 -5.857285631345e-01
2.340000000000e+01 -5.857285653490e-01
2.350000000000e+01 -5.857285678685e-01
2.360000000000e+01 -5.857285706772e-01
2.370000000000e+01 -5.857285737857e-01
2.380000000000e+01 -5.857285771604e-01
2.390000000000e+01 -5.857285807485e-01
2.400000000000e+01 -5.857285845245e-01
2.410000000000e+01 -5.857285884215e-01
2.420000000000e+01 -5.857285923685e-01
2.430000000000e+01 -5.857285963313e-01
2.440000000000e+01 -5.857286002442e-01
2.450000000000e+01 -5.857286040564e-01
2.460000000000e+01 -5.857286077620e-01
2.470000000000e+01 -5.857286113312e-01
2.480000000000e+01 -5.857286147603e-01
2.490000000000e+01 -5.857286180892e-01
2.500000000000e+01 -5.857286213304e-01
2.510000000000e+01 -5.857286245222e-01
2.520000000000e+01 -5.857286277323e-01
2.530000000000e+01 -5.857286309885e-01
2.540000000000e+01 -5.857286343355e-01
2.550000000000e+01 -5.857286378285e-01
2.560000000000e+01 -5.857286414697e-01
2.570000000000e+01 -5.857286452716e-01
2.580000000000e+01 -5.857286492436e-01
2.590000000000e+01 -5.857286533387e-01
2.600000000000e+01 -5.857286575240e-01
2.610000000000e+01 -5.857286617621e-01
2.620000000000e+01 -5.857286659682e-01
2.630000000000e+01 -5.857286700860e-01
2.640000000000e+01 -5.857286740617e-01
2.650000000000e+01 -5.857286778104e-01
2.660000000000e+01 -5.857286812914e-01
2.670000000000e+01 -5.857286844728e-01
2.680000000000e+01 -5.857286873036e-01
2.690000000000e+01 -5.857286897851e-01
2.700000000000e+01 -5.857286919236e-01
2.710000000000e+01 -5.857286937076e-01
2.720000000000e+01 -5.857286951738e-01
2.730000000000e+01 -5.857286963496e-01
2.740000000000e+01 -5.857286972376e-01
2.750000000000e+01 -5.857286978776e-01
2.760000000000e+01 -5.857286982828e-01
2.770000000000e+01 -5.857286984357e-01
2.780000000000e+01 -5.857286983484e-01
2.790000000000e+01 -5.857286979965e-01
2.800000000000e+01 -5.857286973294e-01
2.810000000000e+01 -5.857286963280e-01
2.820000000000e+01 -5.857286949394e-01
2.830000000000e+01 -5.857286930999e-01
2.840000000000e+01 -5.857286907883e-01
2.850000000000e+01 -5.857286879591e-01
2.860000000000e+01 -5.857286845754e-01
2.870000000000e+01 -5.857286806524e-01
2.880000000000e+01 -5.857286761883e-01
2.890000000000e+01 -5.857286712016e-01
2.900000000000e+01 -5.857286657630e-01
2.910000000000e+01 -5.857286599219e-01
2.920000000000e+01 -5.857286537478e-01
2.930000000000e+01 -5.857286473495e-01
2.940000000000e+01 -5.857286408005e-01
2.950000000000e+01 -5.857286341858e-01
2.960000000000e+01 -5.857286276111e-01
2.970000000000e+01 -5.857286211317e-01
2.980000000000e+01 -5.857286148076e-01
2.990000000000e+01 -5.857286087058e-01
3.000000000000e+01 -5.857286028372e-01
3.010000000000e+01 -5.857285972203e-01
3.020000000000e+01 -5.857285918785e-01
3.030000000000e+01 -5.857285867856e-01
3.040000000000e+01 -5.857285819368e-01
3.050000000000e+01 -5.857285773381e-01
3.060000000000e+01 -5.857285729589e-01
3.070000000000e+01 -5.857285688063e-01
3.080000000000e+01 -5.857285649025e-01
3.090000000000e+01 -5.857285612431e-01
3.100000000000e+01 -5.857285578687e-01
3.110000000000e+01 -5.857285548302e-01
3.120000000000e+01 -5.857285521512e-01
3.130000000000e+01 -5.857285498962e-01
3.140000000000e+01 -5.857285481241e-01
3.150000000000e+01 -5.857285468581e-01
3.160000000000e+01 -5.857285461512e-01
3.170000000000e+01 -5.857285460327e-01
3.180000000000e+01 -5.857285464891e-01
3.190000000000e+01 -5.857285475292e-01
3.200000000000e+01 -5.857285491281e-01
3.210000000000e+01 -5.857285512208e-01
3.220000000000e+01 -5.857285537687e-01
3.230000000000e+01 -5.857285567013e-01
3.240000000000e+01 -5.857285599231e-01
3.250000000000e+01 -5.857285633779e-01
3.260000000000e+01 -5.857285669872e-01
3.270000000000e+01 -5.857285706673e-01
3.280000000000e+01 -5.857285743864e-01
3.290000000000e+01 -5.857285780971e-01
3.300000000000e+01 -5.857285817606e-01
3.310000000000e+01 -5.857285853922e-01
3.320000000000e+01 -5.857285889882e-01
3.330000000000e+01 -5.857285925547e-01
3.340000000000e+01 -5.857285961420e-01
3.350000000000e+01 -5.857285997676e-01
3.360000000000e+01 -5.857286034521e-01
3.370000000000e+01 -5.857286072439e-01
3.380000000000e+01 -5.857286111440e-01
3.390000000000e+01 -5.857286151512e-01
3.400000000000e+01 -5.857286192800e-01
3.410000000000e+01 -5.857286234919e-01
3.420000000000e+01 -5.857286277508e-01
3.430000000000e+01 -5.857286320356e-01
3.440000000000e+01 -5.857286362782e-01
3.450000000000e+01 -5.857286404278e-01
3.460000000000e+01 -5.857286444554e-01
3.470000000000e+01 -5.857286482978e-01
3.480000000000e+01 -5.857286519258e-01
3.490000000000e+01 -5.857286553375e-01
3.500000000000e+01 -5.857286585051e-01
3.510000000000e+01 -5.857286614437e-01
3.520000000000e+01 -5.857286641907e-01
3.530000000000e+01 -5.857286667555e-01
3.540000000000e+01 -5.857286691870e-01
3.550000000000e+01 -5.857286715405e-01
3.560000000000e+01 -5.857286738329e-01
3.570000000000e+01 -5.857286761102e-01
3.580000000000e+01 -5.857286784059e-01
3.590000000000e+01 -5.857286807063e-01
3.600000000000e+01 -5.857286830198e-01
3.610000000000e+01 -5.857286853310e-01
3.620000000000e+01 -5.857286875788e-01
3.630000000000e+01 -5.857286897282e-01
3.640000000000e+01 -5.857286917215e-01
3.650000000000e+01 -5.857286934691e-01
3.660000000000e+01 -5.857286949213e-01
3.670000000000e+01 -5.857286960140e-01
3.680000000000e+01 -5.857286966705e-01
3.690000000000e+01 -5.857286968674e-01
3.700000000000e+01 -5.857286965735e-01
3.710000000000e+01 -5.857286957578e-01
3.720000000000e+01 -5.857286944467e-01
3.730000000000e+01 -5.857286926546e-01
3.740000000000e+01 -5.857286903978e-01
3.750000000000e+01 -5.857286877413e-01
3.760000000000e+01 -5.857286847239e-01
3.770000000000e+01 -5.857286813800e-01
3.780000000000e+01 -5.857286777778e-01
3.790000000000e+01 -5.857286739439e-01
3.800000000000e+01 -5.857286698957e-01
3.810000000000e+01 -5.857286656741e-01
3.820000000000e+01 -5.857286612712e-01
3.830000000000e+01 -5.857286566754e-01
3.840000000000e+01 -5.857286518985e-01
3.850000000000e+01 -5.857286469088e-01
3.860000000000e+01 -5.857286416860e-01
3.870000000000e+01 -5.857286362409e-01
3.880000000000e+01 -5.857286305524e-01
3.890000000000e+01 -5.857286246275e-01
3.900000000000e+01 -5.857286185107e-01
3.910000000000e+01 -5.857286122209e-01
3.920000000000e+01 -5.857286058148e-01
3.930000000000e+01 -5.857285993810e-01
3.940000000000e+01 -5.857285929790e-01
3.950000000000e+01 -5.857285867024e-01
3.960000000000e+01 -5.857285806604e-01
3.970000000000e+01 -5.857285749207e-01
3.980000000000e+01 -5.857285695742e-01
3.990000000000e+01 -5.857285647077e-01
4.000000000000e+01 -5.857285603547e-01
4.010000000000e+01 -5.857285565652e-01
4.020000000000e+01 -5.857285533715e-01
4.030000000000e+01 -5.857285507525e-01
4.040000000000e+01 -5.857285487066e-01
4.050000000000e+01 -5.857285472144e-01
4.060000000000e+01 -5.857285462144e-01
4.070000000000e+01 -5.857285456783e-01
4.080000000000e+01 -5.857285455670e-01
4.090000000000e+01 -5.857285458168e-01
4.100000000000e+01 -5.857285464109e-01
4.110000000000e+01 -5.857285473274e-01
4.120000000000e+01 -5.857285485311e-01
4.130000000000e+01 -5.857285500394e-01
4.140000000000e+01 -5.857285518589e-01
4.150000000000e+01 -5.857285539848e-01
4.160000000000e+01 -5.857285564571e-01
4.170000000000e+01 -5.857285592910e-01
4.180000000000e+01 -5.857285624834e-01
4.190000000000e+01 -5.857285660635e-01
4.200000000000e+01 -5.857285700198e-01
4.210000000000e+01 -5.857285743188e-01
4.220000000000e+01 -5.857285789502e-01
4.230000000000e+01 -5.857285838570e-01
4.240000000000e+01 -5.857285889659e-01
4.250000000000e+01 -5.857285942297e-01
4.260000000000e+01 -5.857285995594e-01
4.270000000000e+01 -5.857286048671e-01
4.280000000000e+01 -5.857286101009e-01
4.290000000000e+01 -5.857286151792e-01
4.300000000000e+01 -5.857286200399e-01
4.310000000000e+01 -5.857286246660e-01
4.320000000000e+01 -5.857286290177e-01
4.330000000000e+01 -5.857286330862e-01
4.340000000000e+01 -5.857286369046e-01
4.350000000000e+01 -5.857286404799e-01
4.360000000000e+01 -5.857286438484e-01
4.370000000000e+01 -5.857286470740e-01
4.380000000000e+01 -5.857286501813e-01
4.390000000000e+01 -5.857286532157e-01
4.400000000000e+01 -5.857286562308e-01
4.410000000000e+01 -5.857286592291e-01
4.420000000000e+01 -5.857286622277e-01
4.430000000000e+01 -5.857286652393e-01
4.440000000000e+01 -5.857286682234e-01
4.450000000000e+01 -5.857286711587e-01
4.460000000000e+01 -5.857286740184e-01
4.470000000000e+01 -5.857286767330e-01
4.480000000000e+01 -5.857286792655e-01
4.490000000000e+01 -5.857286815809e-01
4.500000000000e+01 -5.857286836163e-01
4.510000000000e+01 -5.857286853565e-01
4.520000000000e+01 -5.857286867922e-01
4.530000000000e+01 -5.857286878968e-01
4.540000000000e+01 -5.857286886967e-01
4.550000000000e+01 -5.857286892182e-01
4.560000000000e+01 -5.857286894701e-01
4.570000000000e+01 -5.857286895076e-01
4.580000000000e+01 -5.857286893700e-01
4.590000000000e+01 -5.857286890714e-01
4.600000000000e+01 -5.857286886599e-01
4.610000000000e+01 -5.857286881507e-01
4.620000000000e+01 -5.857286875289e-01
4.630000000000e+01 -5.857286868055e-01
4.640000000000e+01 -5.857286859510e-01
4.650000000000e+01 -5.857286849108e-01
4.660000000000e+01 -5.857286836600e-01
4.670000000000e+01 -5.857286821373e-01
4.680000000000e+01 -5.857286802730e-01
4.690000000000e+01 -5.857286780385e-01
4.700000000000e+01 -5.857286753796e-01
4.710000000000e+01 -5.857286722532e-01
4.720000000000e+01 -5.857286686669e-01
4.730000000000e+01 -5.857286646094e-01
4.740000000000e+01 -5.857286600925e-01
4.750000000000e+01 -5.857286551771e-01
4.760000000000e+01 -5.857286499011e-01
4.770000000000e+01 -5.857286443245e-01
4.780000000000e+01 -5.857286385433e-01
4.790000000000e+01 -5.857286326166e-01
4.800000000000e+01 -5.857286266177e-01
4.810000000000e+01 -5.857286206374e-01
4.820000000000e+01 -5.857286147166e-01
4.830000000000e+01 -5.857286089043e-01
4.840000000000e+01 -5.857286032550e-01
4.850000000000e+01 -5.857285977697e-01
4.860000000000e+01 -5.857285924621e-01
4.870000000000e+01 -5.857285873507e-01
4.880000000000e+01 -5.857285824079e-01
4.890000000000e+01 -5.857285776340e-01
4.900000000000e+01 -5.857285730394e-01
4.910000000000e+01 -5.857285686025e-01
4.920000000000e+01 -5.857285643438e-01
4.930000000000e+01 -5.857285602975e-01
4.940000000000e+01 -5.857285564744e-01
4.950000000000e+01 -5.857285529326e-01
4.960000000000e+01 -5.857285497369e-01
4.970000000000e+01 -5.857285469264e-01
4.980000000000e+01 -5.857285445808e-01
4.990000000000e+01 -5.857285427697e-01
5.000000000000e+01 -5.857285415269e-01
5.010000000000e+01 -5.857285409150e-01
5.020000000000e+01 -5.857285409677e-01
5.030000000000e+01 -5.857285416764e-01
5.040000000000e+01 -5.857285430537e-01
5.050000000000e+01 -5.857285450738e-01
5.060000000000e+01 -5.857285476729e-01
5.070000000000e+01 -5.857285508125e-01
5.080000000000e+01 -5.857285544188e-01
5.090000000000e+01 -5.857285583960e-01
5.100000000000e+01 -5.857285626863e-01
5.110000000000e+01 -5.857285672067e-01
5.120000000000e+01 -5.857285718720e-01
5.130000000000e+01 -5.857285766461e-01
5.140000000000e+01 -5.857285814750e-01
5.150000000000e+01 -5.857285863142e-01
5.160000000000e+01 -5.857285911703e-01
5.170000000000e+01 -5.857285960270e-01
5.180000000000e+01 -5.857286008790e-01
5.190000000000e+01 -5.857286057609e-01
5.200000000000e+01 -5.857286106712e-01
5.210000000000e+01 -5.857286156131e-01
5.220000000000e+01 -5.857286206137e-01
5.230000000000e+01 -5.857286256513e-01
5.240000000000e+01 -5.857286307052e-01
5.250000000000e+01 -5.857286357686e-01
5.260000000000e+01 -5.857286407827e-01
5.270000000000e+01 -5.857286456961e-01
5.280000000000e+01 -5.857286504723e-01
5.290000000000e+01 -5.857286550310e-01
5.300000000000e+01 -5.857286593160e-01
5.310000000000e+01 -5.857286632930e-01
5.320000000000e+01 -5.857286668980e-01
5.330000000000e+01 -5.857286701067e-01
5.340000000000e+01 -5.857286729221e-01
5.350000000000e+01 -5.857286753250e-01
5.360000000000e+01 -5.857286773431e-01
5.370000000000e+01 -5.857286790251e-01
5.380000000000e+01 -5.857286803938e-01
5.390000000000e+01 -5.857286815139e-01
5.400000000000e+01 -5.857286824536e-01
5.410000000000e+01 -5.857286832445e-01
5.420000000000e+01 -5.857286839486e-01
5.430000000000e+01 -5.857286846120e-01
5.440000000000e+01 -5.857286852356e-01
5.450000000000e+01 -5.857286858437e-01
5.460000000000e+01 -5.857286864337e-01
5.470000000000e+01 -5.857286869605e-01
5.480000000000e+01 -5.857286874064e-01
5.490000000000e+01 -5.857286877282e-01
5.500000000000e+01 -5.857286878546e-01
5.510000000000e+01 -5.857286877544e-01
5.520000000000e+01 -5.857286873796e-01
5.530000000000e+01 -5.857286866720e-01
5.540000000000e+01 -5.857286856255e-01
5.550000000000e+01 -5.857286842223e-01
5.560000000000e+01 -5.857286824461e-01
5.570000000000e+01 -5.857286803341e-01
5.580000000000e+01 -5.857286779066e-01
5.590000000000e+01 -5.857286751856e-01
5.600000000000e+01 -5.857286722364e-01
5.610000000000e+01 -5.857286690931e-01
5.620000000000e+01 -5.857286657846e-01
5.630000000000e+01 -5.857286623686e-01
5.640000000000e+01 -5.857286588574e-01
5.650000000000e+01 -5.857286552544e-01
5.660000000000e+01 -5.857286515832e-01
5.670000000000e+01 -5.857286478168e-01
5.680000000000e+01 -5.857286439272e-01
5.690000000000e+01 -5.857286399079e-01
5.700000000000e+01 -5.857286357095e-01
5.710000000000e+01 -5.857286312982e-01
5.720000000000e+01 -5.857286266706e-01
5.730000000000e+01 -5.857286217929e-01
5.740000000000e+01 -5.857286166642e-01
5.750000000000e+01 -5.857286113194e-01
5.760000000000e+01 -5.857286057703e-01
5.770000000000e+01 -5.857286000695e-01
5.780000000000e+01 -5.857285942996e-01
5.790000000000e+01 -5.857285885154e-01
5.800000000000e+01 -5.857285828085e-01
5.810000000000e+01 -5.857285772831e-01
5.820000000000e+01 -5.857285720033e-01
5.830000000000e+01 -5.857285670590e-01
5.840000000000e+01 -5.857285625328e-01
5.850000000000e+01 -5.857285584572e-01
5.860000000000e+01 -5.857285548833e-01
5.870000000000e+01 -5.857285518434e-01
5.880000000000e+01 -5.857285493197e-01
5.890000000000e+01 -5.857285473176e-01
5.900000000000e+01 -5.857285458235e-01
5.910000000000e+01 -5.857285447865e-01
5.920000000000e+01 -5.857285441915e-01
5.930000000000e+01 -5.857285440116e-01
5.940000000000e+01 -5.857285441989e-01
5.950000000000e+01 -5.857285447536e-01
5.960000000000e+01 -5.857285456679e-01
5.970000000000e+01 -5.857285469231e-01
5.980000000000e+01 -5.857285485512e-01
5.990000000000e+01 -5.857285505693e-01
6.000000000000e+01 -5.857285529831e-01
6.010000000000e+01 -5.857285558395e-01
6.020000000000e+01 -5.857285591553e-01
6.030000000000e+01 -5.857285629287e-01
6.040000000000e+01 -5.857285671857e-01
6.050000000000e+01 -5.857285719070e-01
6.060000000000e+01 -5.857285770514e-01
6.070000000000e+01 -5.857285825981e-01
6.080000000000e+01 -5.857285884755e-01
6.090000000000e+01 -5.857285945988e-01
6.100000000000e+01 -5.857286009064e-01
6.110000000000e+01 -5.857286072940e-01
6.120000000000e+01 -5.857286136615e-01
6.130000000000e+01 -5.857286199436e-01
6.140000000000e+01 -5.857286260447e-01
6.150000000000e+01 -5.857286318929e-01
6.160000000000e+01 -5.857286374590e-01
6.170000000000e+01 -5.857286426910e-01
6.180000000000e+01 -5.857286475710e-01
6.190000000000e+01 -5.857286521205e-01
6.200000000000e+01 -5.857286563343e-01
6.210000000000e+01 -5.857286602392e-01
6.220000000000e+01 -5.857286638860e-01
6.230000000000e+01 -5.857286672874e-01
6.240000000000e+01 -5.857286704789e-01
6.250000000000e+01 -5.857286735022e-01
6.260000000000e+01 -5.857286763498e-01
6.270000000000e+01 -5.857286790326e-01
6.280000000000e+01 -5.857286815564e-01
6.290000000000e+01 -5.857286838778e-01
6.300000000000e+01 -5.857286859773e-01
6.310000000000e+01 -5.857286878310e-01
6.320000000000e+01 -5.857286893767e-01
6.330000000000e+01 -5.857286905908e-01
6.340000000000e+01 -5.857286914511e-01
6.350000000000e+01 -5.857286919132e-01
6.360000000000e+01 -5.857286919837e-01
6.370000000000e+01 -5.857286916739e-01
6.380000000000e+01 -5.857286909815e-01
6.390000000000e+01 -5.857286899580e-01
6.400000000000e+01 -5.857286886517e-01
6.410000000000e+01 -5.857286870953e-01
6.420000000000e+01 -5.857286853659e-01
6.430000000000e+01 -5.857286835205e-01
6.440000000000e+01 -5.857286815914e-01
6.450000000000e+01 -5.857286796424e-01
6.460000000000e+01 -5.857286776994e-01
6.470000000000e+01 -5.857286757593e-01
6.480000000000e+01 -5.857286738423e-01
6.490000000000e+01 -5.857286719241e-01
6.500000000000e+01 -5.857286699575e-01
6.510000000000e+01 -5.857286679227e-01
6.520000000000e+01 -5.857286657603e-01
6.530000000000e+01 -5.857286634059e-01
6.540000000000e+01 -5.857286608332e-01
6.550000000000e+01 -5.857286579881e-01
6.560000000000e+01 -5.857286548298e-01
6.570000000000e+01 -5.857286513649e-01
6.580000000000e+01 -5.857286475783e-01
6.590000000000e+01 -5.857286434789e-01
6.600000000000e+01 -5.857286391207e-01
6.610000000000e+01 -5.857286345308e-01
6.620000000000e+01 -5.857286297595e-01
6.630000000000e+01 -5.857286248875e-01
6.640000000000e+01 -5.857286199565e-01
6.650000000000e+01 -5.857286150226e-01
6.660000000000e+01 -5.857286101560e-01
6.670000000000e+01 -5.857286053754e-01
6.680000000000e+01 -5.857286007110e-01
6.690000000000e+01 -5.857285961959e-01
6.700000000000e+01 -5.857285918110e-01
6.710000000000e+01 -5.857285875553e-01
6.720000000000e+01 -5.857285834312e-01
6.730000000000e+01 -5.857285793994e-01
6.740000000000e+01 -5.857285754538e-01
6.750000000000e+01 -5.857285715982e-01
6.760000000000e+01 -5.857285678091e-01
6.770000000000e+01 -5.857285641099e-01
6.780000000000e+01 -5.857285605367e-01
6.790000000000e+01 -5.857285571061e-01
6.800000000000e+01 -5.857285538846e-01
6.810000000000e+01 -5.857285509436e-01
6.820000000000e+01 -5.857285483307e-01
6.830000000000e+01 -5.857285461358e-01
6.840000000000e+01 -5.857285444347e-01
6.850000000000e+01 -5.857285432698e-01
6.860000000000e+01 -5.857285427121e-01
6.870000000000e+01 -5.857285428004e-01
6.880000000000e+01 -5.857285435334e-01
6.890000000000e+01 -5.857285449312e-01
6.900000000000e+01 -5.857285469729e-01
6.910000000000e+01 -5.857285496026e-01
6.920000000000e+01 -5.857285527900e-01
6.930000000000e+01 -5.857285564676e-01
6.940000000000e+01 -5.857285605492e-01
6.950000000000e+01 -5.857285649864e-01
6.960000000000e+01 -5.857285697033e-01
6.970000000000e+01 -5.857285746245e-01
6.980000000000e+01 -5.857285797219e-01
6.990000000000e+01 -5.857285849456e-01
7.000000000000e+01 -5.857285902572e-01
7.010000000000e+01 -5.857285956649e-01
7.020000000000e+01 -5.857286011497e-01
7.030000000000e+01 -5.857286067041e-01
7.040000000000e+01 -5.857286123545e-01
7.050000000000e+01 -5.857286180878e-01
7.060000000000e+01 -5.857286238953e-01
7.070000000000e+01 -5.857286297876e-01
7.080000000000e+01 -5.857286357238e-01
7.090000000000e+01 -5.857286416658e-01
7.100000000000e+01 -5.857286475861e-01
7.110000000000e+01 -5.857286534049e-01
7.120000000000e+01 -5.857286590542e-01
7.130000000000e+01 -5.857286644788e-01
7.140000000000e+01 -5.857286695824e-01
7.150000000000e+01 -5.857286742973e-01
7.160000000000e+01 -5.857286785778e-01
7.170000000000e+01 -5.857286823510e-01
7.180000000000e+01 -5.857286855893e-01
7.190000000000e+01 -5.857286882910e-01
7.200000000000e+01 -5.857286904354e-01
7.210000000000e+01 -5.857286920527e-01
7.220000000000e+01 -5.857286931915e-01
7.230000000000e+01 -5.857286938776e-01
7.240000000000e+01 -5.857286941809e-01
7.250000000000e+01 -5.857286941723e-01
7.260000000000e+01 -5.857286938885e-01
7.270000000000e+01 -5.857286933987e-01
7.280000000000e+01 -5.857286927537e-01
7.290000000000e+01 -5.857286919628e-01
7.300000000000e+01 -5.857286910608e-01
7.310000000000e+01 -5.857286900543e-01
7.320000000000e+01 -5.857286889119e-01
7.330000000000e+01 -5.857286876320e-01
7.340000000000e+01 -5.857286861871e-01
7.350000000000e+01 -5.857286845260e-01
7.360000000000e+01 -5.857286826399e-01
7.370000000000e+01 -5.857286805011e-01
7.380000000000e+01 -5.857286780764e-01
7.390000000000e+01 -5.857286753839e-01
7.400000000000e+01 -5.857286724268e-01
7.410000000000e+01 -5.857286692121e-01
7.420000000000e+01 -5.857286657972e-01
7.430000000000e+01 -5.857286622177e-01
7.440000000000e+01 -5.857286585108e-01
7.450000000000e+01 -5.857286547526e-01
7.460000000000e+01 -5.857286509819e-01
7.470000000000e+01 -5.857286472322e-01
7.480000000000e+01 -5.857286435604e-01
7.490000000000e+01 -5.857286399730e-01
7.500000000000e+01 -5.857286364686e-01
7.510000000000e+01 -5.857286330610e-01
7.520000000000e+01 -5.857286297108e-01
7.530000000000e+01 -5.857286263800e-01
7.540000000000e+01 -5.857286230485e-01
7.550000000000e+01 -5.857286196525e-01
7.560000000000e+01 -5.857286161474e-01
7.570000000000e+01 -5.857286125160e-01
7.580000000000e+01 -5.857286087109e-01
7.590000000000e+01 -5.857286047209e-01
7.600000000000e+01 -5.857286005679e-01
7.610000000000e+01 -5.857285962505e-01
7.620000000000e+01 -5.857285918107e-01
7.630000000000e+01 -5.857285873170e-01
7.640000000000e+01 -5.857285828101e-01
7.650000000000e+01 -5.857285783695e-01
7.660000000000e+01 -5.857285740831e-01
7.670000000000e+01 -5.857285700003e-01
7.680000000000e+01 -5.857285661977e-01
7.690000000000e+01 -5.857285627424e-01
7.700000000000e+01 -5.857285596538e-01
7.710000000000e+01 -5.857285569730e-01
7.720000000000e+01 -5.857285547213e-01
7.730000000000e+01 -5.857285528747e-01
7.740000000000e+01 -5.857285514363e-01
7.750000000000e+01 -5.857285503905e-01
7.760000000000e+01 -5.857285496899e-01
7.770000000000e+01 -5.857285493271e-01
7.780000000000e+01 -5.857285492828e-01
7.790000000000e+01 -5.857285495219e-01
7.800000000000e+01 -5.857285500599e-01
7.810000000000e+01 -5.857285509026e-01
7.820000000000e+01 -5.857285520486e-01
7.830000000000e+01 -5.857285535469e-01
7.840000000000e+01 -5.857285554280e-01
7.850000000000e+01 -5.857285577132e-01
7.860000000000e+01 -5.857285604626e-01
7.870000000000e+01 -5.857285637012e-01
7.880000000000e+01 -5.857285674372e-01
7.890000000000e+01 -5.857285717026e-01
7.900000000000e+01 -5.857285764801e-01
7.910000000000e+01 -5.857285817325e-01
7.920000000000e+01 -5.857285874390e-01
7.930000000000e+01 -5.857285935260e-01
7.940000000000e+01 -5.857285999087e-01
7.950000000000e+01 -5.857286065231e-01
7.960000000000e+01 -5.857286132609e-01
7.970000000000e+01 -5.857286200212e-01
7.980000000000e+01 -5.857286267354e-01
7.990000000000e+01 -5.857286333030e-01
8.000000000000e+01 -5.857286396504e-01
8.010000000000e+01 -5.857286457428e-01
8.020000000000e+01 -5.857286515215e-01
8.030000000000e+01 -5.857286569634e-01
8.040000000000e+01 -5.857286620801e-01
8.050000000000e+01 -5.857286668549e-01
8.060000000000e+01 -5.857286713042e-01
8.070000000000e+01 -5.857286754637e-01
8.080000000000e+01 -5.857286793298e-01
8.090000000000e+01 -5.857286829235e-01
8.100000000000e+01 -5.857286862681e-01
8.110000000000e+01 -5.857286893391e-01
8.120000000000e+01 -5.857286921333e-01
8.130000000000e+01 -5.857286946405e-01
8.140000000000e+01 -5.857286968053e-01
8.150000000000e+01 -5.857286986007e-01
8.160000000000e+01 -5.857286999948e-01
8.170000000000e+01 -5.857287009236e-01
8.180000000000e+01 -5.857287013660e-01
8.190000000000e+01 -5.857287013032e-01
8.200000000000e+01 -5.857287006994e-01
8.210000000000e+01 -5.857286995739e-01
8.220000000000e+01 -5.857286979498e-01
8.230000000000e+01 -5.857286958415e-01
8.240000000000e+01 -5.857286933186e-01
8.250000000000e+01 -5.857286904452e-01
8.260000000000e+01 -5.857286872729e-01
8.270000000000e+01 -5.857286838977e-01
8.280000000000e+01 -5.857286803917e-01
8.290000000000e+01 -5.857286768050e-01
8.300000000000e+01 -5.857286732176e-01
8.310000000000e+01 -5.857286696686e-01
8.320000000000e+01 -5.857286661706e-01
8.330000000000e+01 -5.857286627581e-01
8.340000000000e+01 -5.857286594184e-01
8.350000000000e+01 -5.857286561196e-01
8.360000000000e+01 -5.857286528554e-01
8.370000000000e+01 -5.857286495785e-01
8.380000000000e+01 -5.857286462393e-01
8.390000000000e+01 -5.857286428247e-01
8.400000000000e+01 -5.857286392912e-01
8.410000000000e+01 -5.857286356114e-01
8.420000000000e+01 -5.857286318009e-01
8.430000000000e+01 -5.857286278507e-01
8.440000000000e+01 -5.857286237766e-01
8.450000000000e+01 -5.857286196335e-01
8.460000000000e+01 -5.857286154456e-01
8.470000000000e+01 -5.857286112597e-01
8.480000000000e+01 -5.857286071467e-01
8.490000000000e+01 -5.857286031345e-01
8.500000000000e+01 -5.857285992658e-01
8.510000000000e+01 -5.857285955907e-01
8.520000000000e+01 -5.857285921070e-01
8.530000000000e+01 -5.857285888247e-01
8.540000000000e+01 -5.857285857529e-01
8.550000000000e+01 -5.857285828497e-01
8.560000000000e+01 -5.857285800941e-01
8.570000000000e+01 -5.857285774668e-01
8.580000000000e+01 -5.857285749098e-01
8.590000000000e+01 -5.857285724025e-01
8.600000000000e+01 -5.857285699330e-01
8.610000000000e+01 -5.857285674665e-01
8.620000000000e+01 -5.857285650184e-01
8.630000000000e+01 -5.857285626157e-01
8.640000000000e+01 -5.857285602696e-01
8.650000000000e+01 -5.857285580437e-01
8.660000000000e+01 -5.857285560040e-01
8.670000000000e+01 -5.857285541961e-01
8.680000000000e+01 -5.857285527089e-01
8.690000000000e+01 -5.857285516147e-01
8.700000000000e+01 -5.857285509555e-01
8.710000000000e+01 -5.857285508030e-01
8.720000000000e+01 -5.857285511943e-01
8.730000000000e+01 -5.857285521306e-01
8.740000000000e+01 -5.857285536359e-01
8.750000000000e+01 -5.857285556919e-01
8.760000000000e+01 -5.857285582506e-01
8.770000000000e+01 -5.857285612912e-01
8.780000000000e+01 -5.857285647550e-01
8.790000000000e+01 -5.857285685703e-01
8.800000000000e+01 -5.857285727035e-01
8.810000000000e+01 -5.857285770926e-01
8.820000000000e+01 -5.857285816804e-01
8.830000000000e+01 -5.857285864553e-01
8.840000000000e+01 -5.857285913816e-01
8.850000000000e+01 -5.857285964373e-01
8.860000000000e+01 -5.857286016426e-01
8.870000000000e+01 -5.857286069872e-01
8.880000000000e+01 -5.857286124722e-01
8.890000000000e+01 -5.857286181274e-01
8.900000000000e+01 -5.857286239385e-01
8.910000000000e+01 -5.857286298963e-01
8.920000000000e+01 -5.857286360045e-01
8.930000000000e+01 -5.857286422131e-01
8.940000000000e+01 -5.857286484755e-01
8.950000000000e+01 -5.857286547513e-01
8.960000000000e+01 -5.857286609474e-01
8.970000000000e+01 -5.857286669844e-01
8.980000000000e+01 -5.857286727936e-01
8.990000000000e+01 -5.857286782657e-01
9.000000000000e+01 -5.857286833235e-01
9.010000000000e+01 -5.857286879097e-01
9.020000000000e+01 -5.857286919418e-01
9.030000000000e+01 -5.857286953855e-01
9.040000000000e+01 -5.857286982301e-01
9.050000000000e+01 -5.857287004477e-01
9.060000000000e+01 -5.857287020635e-01
9.070000000000e+01 -5.857287031179e-01
9.080000000000e+01 -5.857287036301e-01
9.090000000000e+01 -5.857287036653e-01
9.100000000000e+01 -5.857287032859e-01
9.110000000000e+01 -5.857287025229e-01
9.120000000000e+01 -5.857287014415e-01
9.130000000000e+01 -5.857287000861e-01
9.140000000000e+01 -5.857286984637e-01
9.150000000000e+01 -5.857286966094e-01
9.160000000000e+01 -5.857286945293e-01
9.170000000000e+01 -5.857286921972e-01
9.180000000000e+01 -5.857286896202e-01
9.190000000000e+01 -5.857286867793e-01
9.200000000000e+01 -5.857286836385e-01
9.210000000000e+01 -5.857286802064e-01
9.220000000000e+01 -5.857286764733e-01
9.230000000000e+01 -5.857286724286e-01
9.240000000000e+01 -5.857286681141e-01
9.250000000000e+01 -5.857286635549e-01
9.260000000000e+01 -5.857286587831e-01
9.270000000000e+01 -5.857286538793e-01
9.280000000000e+01 -5.857286488986e-01
9.290000000000e+01 -5.857286438996e-01
9.300000000000e+01 -5.857286389749e-01
9.310000000000e+01 -5.857286341758e-01
9.320000000000e+01 -5.857286295489e-01
9.330000000000e+01 -5.857286251591e-01
9.340000000000e+01 -5.857286210170e-01
9.350000000000e+01 -5.857286171265e-01
9.360000000000e+01 -5.857286135020e-01
9.370000000000e+01 -5.857286101025e-01
9.380000000000e+01 -5.857286068899e-01
9.390000000000e+01 -5.857286038405e-01
9.400000000000e+01 -5.857286008860e-01
9.410000000000e+01 -5.857285979791e-01
9.420000000000e+01 -5.857285950963e-01
9.430000000000e+01 -5.857285921835e-01
9.440000000000e+01 -5.857285892244e-01
9.450000000000e+01 -5.857285862309e-01
9.460000000000e+01 -5.857285831912e-01
9.470000000000e+01 -5.857285801374e-01
9.480000000000e+01 -5.857285771224e-01
9.490000000000e+01 -5.857285741709e-01
9.500000000000e+01 -5.857285713462e-01
9.510000000000e+01 -5.857285687147e-01
9.520000000000e+01 -5.857285663045e-01
9.530000000000e+01 -5.857285641720e-01
9.540000000000e+01 -5.857285623596e-01
9.550000000000e+01 -5.857285608645e-01
9.560000000000e+01 -5.857285597085e-01
9.570000000000e+01 -5.857285588910e-01
9.580000000000e+01 -5.857285583714e-01
9.590000000000e+01 -5.857285581401e-01
9.600000000000e+01 -5.857285581684e-01
9.610000000000e+01 -5.857285584025e-01
9.620000000000e+01 -5.857285588326e-01
9.630000000000e+01 -5.857285594369e-01
9.640000000000e+01 -5.857285601848e-01
9.650000000000e+01 -5.857285610982e-01
9.660000000000e+01 -5.857285621892e-01
9.670000000000e+01 -5.857285634676e-01
9.680000000000e+01 -5.857285649937e-01
9.690000000000e+01 -5.857285668079e-01
9.700000000000e+01 -5.857285689443e-01
9.710000000000e+01 -5.857285714745e-01
9.720000000000e+01 -5.857285744325e-01
9.730000000000e+01 -5.857285778379e-01
9.740000000000e+01 -5.857285817321e-01
9.750000000000e+01 -5.857285861049e-01
9.760000000000e+01 -5.857285909290e-01
9.770000000000e+01 -5.857285961918e-01
9.780000000000e+01 -5.857286018262e-01
9.790000000000e+01 -5.857286077575e-01
9.800000000000e+01 -5.857286139303e-01
9.810000000000e+01 -5.857286202438e-01
9.820000000000e+01 -5.857286266085e-01
9.830000000000e+01 -5.857286329639e-01
9.840000000000e+01 -5.857286392177e-01
9.850000000000e+01 -5.857286453058e-01
9.860000000000e+01 -5.857286511995e-01
9.870000000000e+01 -5.857286568438e-01
9.880000000000e+01 -5.857286622205e-01
9.890000000000e+01 -5.857286673397e-01
9.900000000000e+01 -5.857286721814e-01
9.910000000000e+01 -5.857286767579e-01
9.920000000000e+01 -5.857286810946e-01
9.930000000000e+01 -5.857286851759e-01
9.940000000000e+01 -5.857286890106e-01
9.950000000000e+01 -5.857286926046e-01
9.960000000000e+01 -5.857286959163e-01
9.970000000000e+01 -5.857286989268e-01
9.980000000000e+01 -5.857287016071e-01
9.990000000000e+01 -5.857287038857e-01
1.000000000000e+02 -5.857287057229e-01
1.001000000000e+02 -5.857287070724e-01
1.002000000000e+02 -5.857287078610e-01
1.003000000000e+02 -5.857287080618e-01
1.004000000000e+02 -5.857287076498e-01
1.005000000000e+02 -5.857287065883e-01
1.006000000000e+02 -5.857287048985e-01
1.007000000000e+02 -5.857287026044e-01
1.008000000000e+02 -5.857286997259e-01
1.009000000000e+02 -5.857286963395e-01
1.010000000000e+02 -5.857286925142e-01
1.011000000000e+02 -5.857286883101e-01
1.012000000000e+02 -5.857286838317e-01
1.013000000000e+02 -5.857286791573e-01
1.014000000000e+02 -5.857286743470e-01
1.015000000000e+02 -5.857286694899e-01
1.016000000000e+02 -5.857286646330e-01
1.017000000000e+02 -5.857286598004e-01
1.018000000000e+02 -5.857286550384e-01
1.019000000000e+02 -5.857286503454e-01
1.020000000000e+02 -5.857286457052e-01
1.021000000000e+02 -5.857286411273e-01
1.022000000000e+02 -5.857286365798e-01
1.023000000000e+02 -5.857286320333e-01
1.024000000000e+02 -5.857286274937e-01
1.025000000000e+02 -5.857286229354e-01
1.026000000000e+02 -5.857286183521e-01
1.027000000000e+02 -5.857286137774e-01
1.028000000000e+02 -5.857286092176e-01
1.029000000000e+02 -5.857286047047e-01
1.030000000000e+02 -5.857286003043e-01
1.031000000000e+02 -5.857285960478e-01
1.032000000000e+02 -5.857285919881e-01
1.033000000000e+02 -5.857285881955e-01
1.034000000000e+02 -5.857285846936e-01
1.035000000000e+02 -5.857285815198e-01
1.036000000000e+02 -5.857285787126e-01
1.037000000000e+02 -5.857285762557e-01
1.038000000000e+02 -5.857285741455e-01
1.039000000000e+02 -5.857285723723e-01
1.040000000000e+02 -5.857285708758e-01
1.041000000000e+02 -5.857285696180e-01
1.042000000000e+02 -5.857285685596e-01
1.043000000000e+02 -5.857285676246e-01
1.044000000000e+02 -5.857285667765e-01
1.045000000000e+02 -5.857285659856e-01
1.046000000000e+02 -5.857285652014e-01
1.047000000000e+02 -5.857285644264e-01
1.048000000000e+02 -5.857285636715e-01
1.049000000000e+02 -5.857285629346e-01
1.050000000000e+02 -5.857285622673e-01
1.051000000000e+02 -5.857285617204e-01
1.052000000000e+02 -5.857285613268e-01
1.053000000000e+02 -5.857285611635e-01
1.054000000000e+02 -5.857285612877e-01
1.055000000000e+02 -5.857285617298e-01
1.056000000000e+02 -5.857285625508e-01
1.057000000000e+02 -5.857285637756e-01
1.058000000000e+02 -5.857285653979e-01
1.059000000000e+02 -5.857285674361e-01
1.060000000000e+02 -5.857285698666e-01
1.061000000000e+02 -5.857285726424e-01
1.062000000000e+02 -5.857285757459e-01
1.063000000000e+02 -5.857285791229e-01
1.064000000000e+02 -5.857285827131e-01
1.065000000000e+02 -5.857285864955e-01
1.066000000000e+02 -5.857285904218e-01
1.067000000000e+02 -5.857285944540e-01
1.068000000000e+02 -5.857285985988e-01
1.069000000000e+02 -5.857286028385e-01
1.070000000000e+02 -5.857286071721e-01
1.071000000000e+02 -5.857286116380e-01
1.072000000000e+02 -5.857286162412e-01
1.073000000000e+02 -5.857286209999e-01
1.074000000000e+02 -5.857286259561e-01
1.075000000000e+02 -5.857286311044e-01
1.076000000000e+02 -5.857286364452e-01
1.077000000000e+02 -5.857286419868e-01
1.078000000000e+02 -5.857286476812e-01
1.079000000000e+02 -5.857286534853e-01
1.080000000000e+02 -5.857286593575e-01
1.081000000000e+02 -5.857286652028e-01
1.082000000000e+02 -5.857286709421e-01
1.083000000000e+02 -5.857286765029e-01
1.084000000000e+02 -5.857286817733e-01
1.085000000000e+02 -5.857286866755e-01
1.086000000000e+02 -5.857286911477e-01
1.087000000000e+02 -5.857286951043e-01
1.088000000000e+02 -5.857286985091e-01
1.089000000000e+02 -5.857287013453e-01
1.090000000000e+02 -5.857287035797e-01
1.091000000000e+02 -5.857287052319e-01
1.092000000000e+02 -5.857287063322e-01
1.093000000000e+02 -5.857287068905e-01
1.094000000000e+02 -5.857287069618e-01
1.095000000000e+02 -5.857287065940e-01
1.096000000000e+02 -5.857287058054e-01
1.097000000000e+02 -5.857287046482e-01
1.098000000000e+02 -5.857287031514e-01
1.099000000000e+02 -5.857287013100e-01
1.100000000000e+02 -5.857286991487e-01
1.101000000000e+02 -5.857286966626e-01
1.102000000000e+02 -5.857286938201e-01
1.103000000000e+02 -5.857286906258e-01
1.104000000000e+02 -5.857286870587e-01
1.105000000000e+02 -5.857286830881e-01
1.106000000000e+02 -5.857286787301e-01
1.107000000000e+02 -5.857286739832e-01
1.108000000000e+02 -5.857286688515e-01
1.109000000000e+02 -5.857286633923e-01
1.110000000000e+02 -5.857286576458e-01
1.111000000000e+02 -5.857286516638e-01
1.112000000000e+02 -5.857286455451e-01
1.113000000000e+02 -5.857286393612e-01
1.114000000000e+02 -5.857286331895e-01
1.115000000000e+02 -5.857286271388e-01
1.116000000000e+02 -5.857286212736e-01
1.117000000000e+02 -5.857286156557e-01
1.118000000000e+02 -5.857286103617e-01
1.119000000000e+02 -5.857286054116e-01
1.120000000000e+02 -5.857286008208e-01
1.121000000000e+02 -5.857285966119e-01
1.122000000000e+02 -5.857285927511e-01
1.123000000000e+02 -5.857285892099e-01
1.124000000000e+02 -5.857285859710e-01
1.125000000000e+02 -5.857285829722e-01
1.126000000000e+02 -5.857285801745e-01
1.127000000000e+02 -5.857285775589e-01
1.128000000000e+02 -5.857285750750e-01
1.129000000000e+02 -5.857285727114e-01
1.130000000000e+02 -5.857285704794e-01
1.131000000000e+02 -5.857285683652e-01
1.132000000000e+02 -5.857285663982e-01
1.133000000000e+02 -5.857285646223e-01
1.134000000000e+02 -5.857285630512e-01
1.135000000000e+02 -5.857285617356e-01
1.136000000000e+02 -5.857285607231e-01
1.137000000000e+02 -5.857285600217e-01
1.138000000000e+02 -5.857285596670e-01
1.139000000000e+02 -5.857285596755e-01
1.140000000000e+02 -5.857285600201e-01
1.141000000000e+02 -5.857285606985e-01
1.142000000000e+02 -5.857285616840e-01
1.143000000000e+02 -5.857285629136e-01
1.144000000000e+02 -5.857285643574e-01
1.145000000000e+02 -5.857285659663e-01
1.146000000000e+02 -5.857285676714e-01
1.147000000000e+02 -5.857285694506e-01
1.148000000000e+02 -5.857285712704e-01
1.149000000000e+02 -5.857285730938e-01
1.150000000000e+02 -5.857285749390e-01
1.151000000000e+02 -5.857285768135e-01
1.152000000000e+02 -5.857285787277e-01
1.153000000000e+02 -5.857285807432e-01
1.154000000000e+02 -5.857285829001e-01
1.155000000000e+02 -5.857285852369e-01
1.156000000000e+02 -5.857285878283e-01
1.157000000000e+02 -5.857285907104e-01
1.158000000000e+02 -5.857285939088e-01
1.159000000000e+02 -5.857285974701e-01
1.160000000000e+02 -5.857286013885e-01
1.161000000000e+02 -5.857286056456e-01
1.162000000000e+02 -5.857286102374e-01
1.163000000000e+02 -5.857286151057e-01
1.164000000000e+02 -5.857286201900e-01
1.165000000000e+02 -5.857286254482e-01
1.166000000000e+02 -5.857286307941e-01
1.167000000000e+02 -5.857286361570e-01
1.168000000000e+02 -5.857286414938e-01
1.169000000000e+02 -5.857286467296e-01
1.170000000000e+02 -5.857286518208e-01
1.171000000000e+02 -5.857286567552e-01
1.172000000000e+02 -5.857286614931e-01
1.173000000000e+02 -5.857286660320e-01
1.174000000000e+02 -5.857286703923e-01
1.175000000000e+02 -5.857286745614e-01
1.176000000000e+02 -5.857286785585e-01
1.177000000000e+02 -5.857286824089e-01
1.178000000000e+02 -5.857286860945e-01
1.179000000000e+02 -5.857286896210e-01
1.180000000000e+02 -5.857286929850e-01
1.181000000000e+02 -5.857286961350e-01
1.182000000000e+02 -5.857286990422e-01
1.183000000000e+02 -5.857287016637e-01
1.184000000000e+02 -5.857287039157e-01
1.185000000000e+02 -5.857287057474e-01
1.186000000000e+02 -5.857287070994e-01
1.187000000000e+02 -5.857287078880e-01
1.188000000000e+02 -5.857287080786e-01
1.189000000000e+02 -5.857287076357e-01
1.190000000000e+02 -5.857287065168e-01
1.191000000000e+02 -5.857287047380e-01
1.192000000000e+02 -5.857287023165e-01
1.193000000000e+02 -5.857286992685e-01
1.194000000000e+02 -5.857286956671e-01
1.195000000000e+02 -5.857286915752e-01
1.196000000000e+02 -5.857286870502e-01
1.197000000000e+02 -5.857286821931e-01
1.198000000000e+02 -5.857286770767e-01
1.199000000000e+02 -5.857286717590e-01
1.200000000000e+02 -5.857286663271e-01
1.201000000000e+02 -5.857286608245e-01
1.202000000000e+02 -5.857286552776e-01
1.203000000000e+02 -5.857286497348e-01
1.204000000000e+02 -5.857286441978e-01
1.205000000000e+02 -5.857286386594e-01
1.206000000000e+02 -5.857286331392e-01
1.207000000000e+02 -5.857286276169e-01
1.208000000000e+02 -5.857286220804e-01
1.209000000000e+02 -5.857286165529e-01
1.210000000000e+02 -5.857286110270e-01
1.211000000000e+02 -5.857286055189e-01
1.212000000000e+02 -5.857286000822e-01
1.213000000000e+02 -5.857285947423e-01
1.214000000000e+02 -5.857285895527e-01
1.215000000000e+02 -5.857285845951e-01
1.216000000000e+02 -5.857285799149e-01
1.217000000000e+02 -5.857285755791e-01
1.218000000000e+02 -5.857285716657e-01
1.219000000000e+02 -5.857285682032e-01
1.220000000000e+02 -5.857285652335e-01
1.221000000000e+02 -5.857285627932e-01
1.222000000000e+02 -5.857285608626e-01
1.223000000000e+02 -5.857285594345e-01
1.224000000000e+02 -5.857285584909e-01
1.225000000000e+02 -5.857285579627e-01
1.226000000000e+02 -5.857285578045e-01
1.227000000000e+02 -5.857285579650e-01
1.228000000000e+02 -5.857285583580e-01
1.229000000000e+02 -5.857285589377e-01
1.230000000000e+02 -5.857285596612e-01
1.231000000000e+02 -5.857285604670e-01
1.232000000000e+02 -5.857285613461e-01
1.233000000000e+02 -5.857285622943e-01
1.234000000000e+02 -5.857285632955e-01
1.235000000000e+02 -5.857285643868e-01
1.236000000000e+02 -5.857285655997e-01
1.237000000000e+02 -5.857285669495e-01
1.238000000000e+02 -5.857285684942e-01
1.239000000000e+02 -5.857285702686e-01
1.240000000000e+02 -5.857285722835e-01
1.241000000000e+02 -5.857285745793e-01
1.242000000000e+02 -5.857285771591e-01
1.243000000000e+02 -5.857285799995e-01
1.244000000000e+02 -5.857285831026e-01
1.245000000000e+02 -5.857285864293e-01
1.246000000000e+02 -5.857285899239e-01
1.247000000000e+02 -5.857285935619e-01
1.248000000000e+02 -5.857285972846e-01
1.249000000000e+02 -5.857286010341e-01
1.250000000000e+02 -5.857286047943e-01
1.251000000000e+02 -5.857286085233e-01
1.252000000000e+02 -5.857286121956e-01
1.253000000000e+02 -5.857286158316e-01
1.254000000000e+02 -5.857286194270e-01
1.255000000000e+02 -5.857286229991e-01
1.256000000000e+02 -5.857286266023e-01
1.257000000000e+02 -5.857286302573e-01
1.258000000000e+02 -5.857286340003e-01
1.259000000000e+02 -5.857286378875e-01
1.260000000000e+02 -5.857286419270e-01
1.261000000000e+02 -5.857286461342e-01
1.262000000000e+02 -5.857286505286e-01
1.263000000000e+02 -5.857286550725e-01
1.264000000000e+02 -5.857286597353e-01
1.265000000000e+02 -5.857286644846e-01
1.266000000000e+02 -5.857286692345e-01
1.267000000000e+02 -5.857286739179e-01
1.268000000000e+02 -5.857286784707e-01
1.269000000000e+02 -5.857286827903e-01
1.270000000000e+02 -5.857286868101e-01
1.271000000000e+02 -5.857286904759e-01
1.272000000000e+02 -5.857286937097e-01
1.273000000000e+02 -5.857286964839e-01
1.274000000000e+02 -5.857286987847e-01
1.275000000000e+02 -5.857287005814e-01
1.276000000000e+02 -5.857287018955e-01
1.277000000000e+02 -5.857287027525e-01
1.278000000000e+02 -5.857287031569e-01
1.279000000000e+02 -5.857287031564e-01
1.280000000000e+02 -5.857287027856e-01
1.281000000000e+02 -5.857287020499e-01
1.282000000000e+02 -5.857287009873e-01
1.283000000000e+02 -5.857286996082e-01
1.284000000000e+02 -5.857286978915e-01
1.285000000000e+02 -5.857286958462e-01
1.286000000000e+02 -5.857286934498e-01
1.287000000000e+02 -5.857286906581e-01
1.288000000000e+02 -5.857286874642e-01
1.289000000000e+02 -5.857286838364e-01
1.290000000000e+02 -5.857286797387e-01
1.291000000000e+02 -5.857286751841e-01
1.292000000000e+02 -5.857286701687e-01
1.293000000000e+02 -5.857286646998e-01
1.294000000000e+02 -5.857286588384e-01
1.295000000000e+02 -5.857286526288e-01
1.296000000000e+02 -5.857286461312e-01
1.297000000000e+02 -5.857286394519e-01
1.298000000000e+02 -5.857286326689e-01
1.299000000000e+02 -5.857286258696e-01
1.300000000000e+02 -5.857286191706e-01
1.301000000000e+02 -5.857286126432e-01
1.302000000000e+02 -5.857286063593e-01
1.303000000000e+02 -5.857286004029e-01
1.304000000000e+02 -5.857285948013e-01
1.305000000000e+02 -5.857285895810e-01
1.306000000000e+02 -5.857285847734e-01
1.307000000000e+02 -5.857285803546e-01
1.308000000000e+02 -5.857285763098e-01
1.309000000000e+02 -5.857285726333e-01
1.310000000000e+02 -5.857285692757e-01
1.311000000000e+02 -5.857285662140e-01
1.312000000000e+02 -5.857285634421e-01
1.313000000000e+02 -5.857285609228e-01
1.314000000000e+02 -5.857285586591e-01
1.315000000000e+02 -5.857285566718e-01
1.316000000000e+02 -5.857285549557e-01
1.317000000000e+02 -5.857285535478e-01
1.318000000000e+02 -5.857285524925e-01
1.319000000000e+02 -5.857285518025e-01
1.320000000000e+02 -5.857285515252e-01
1.321000000000e+02 -5.857285516976e-01
1.322000000000e+02 -5.857285523160e-01
1.323000000000e+02 -5.857285534021e-01
1.324000000000e+02 -5.857285549525e-01
1.325000000000e+02 -5.857285569211e-01
1.326000000000e+02 -5.857285592856e-01
1.327000000000e+02 -5.857285619958e-01
1.328000000000e+02 -5.857285649679e-01
1.329000000000e+02 -5.857285681521e-01
1.330000000000e+02 -5.857285714776e-01
1.331000000000e+02 -5.857285748579e-01
1.332000000000e+02 -5.857285782551e-01
1.333000000000e+02 -5.857285816184e-01
1.334000000000e+02 -5.857285848985e-01
1.335000000000e+02 -5.857285881018e-01
1.336000000000e+02 -5.857285912226e-01
1.337000000000e+02 -5.857285942628e-01
1.338000000000e+02 -5.857285972747e-01
1.339000000000e+02 -5.857286002877e-01
1.340000000000e+02 -5.857286033335e-01
1.341000000000e+02 -5.857286064793e-01
1.342000000000e+02 -5.857286097525e-01
1.343000000000e+02 -5.857286131745e-01
1.344000000000e+02 -5.857286167871e-01
1.345000000000e+02 -5.857286205806e-01
1.346000000000e+02 -5.857286245381e-01
1.347000000000e+02 -5.857286286572e-01
1.348000000000e+02 -5.857286328837e-01
1.349000000000e+02 -5.857286371676e-01
1.350000000000e+02 -5.857286414775e-01
1.351000000000e+02 -5.857286457408e-01
1.352000000000e+02 -5.857286499065e-01
1.353000000000e+02 -5.857286539501e-01
1.354000000000e+02 -5.857286578178e-01
1.355000000000e+02 -5.857286614906e-01
1.356000000000e+02 -5.857286649780e-01
1.357000000000e+02 -5.857286682627e-01
1.358000000000e+02 -5.857286713655e-01
1.359000000000e+02 -5.857286743249e-01
1.360000000000e+02 -5.857286771456e-01
1.361000000000e+02 -5.857286798631e-01
1.362000000000e+02 -5.857286825129e-01
1.363000000000e+02 -5.857286850857e-01
1.364000000000e+02 -5.857286875949e-01
1.365000000000e+02 -5.857286900386e-01
1.366000000000e+02 -5.857286923667e-01
1.367000000000e+02 -5.857286945515e-01
1.368000000000e+02 -5.857286965462e-01
1.369000000000e+02 -5.857286982646e-01
1.370000000000e+02 -5.857286996538e-01
1.371000000000e+02 -5.857287006486e-01
1.372000000000e+02 -5.857287011622e-01
1.373000000000e+02 -5.857287011567e-01
1.374000000000e+02 -5.857287005904e-01
1.375000000000e+02 -5.857286994168e-01
1.376000000000e+02 -5.857286976477e-01
1.377000000000e+02 -5.857286952918e-01
1.378000000000e+02 -5.857286923590e-01
1.379000000000e+02 -5.857286889146e-01
1.380000000000e+02 -5.857286850094e-01
1.381000000000e+02 -5.857286806907e-01
1.382000000000e+02 -5.857286760478e-01
1.383000000000e+02 -5.857286711381e-01
1.384000000000e+02 -5.857286660078e-01
1.385000000000e+02 -5.857286607307e-01
1.386000000000e+02 -5.857286553360e-01
1.387000000000e+02 -5.857286498406e-01
1.388000000000e+02 -5.857286442839e-01
1.389000000000e+02 -5.857286386591e-01
1.390000000000e+02 -5.857286329577e-01
1.391000000000e+02 -5.857286271986e-01
1.392000000000e+02 -5.857286213630e-01
1.393000000000e+02 -5.857286154473e-01
1.394000000000e+02 -5.857286094833e-01
1.395000000000e+02 -5.857286034749e-01
1.396000000000e+02 -5.857285974540e-01
1.397000000000e+02 -5.857285914891e-01
1.398000000000e+02 -5.857285856211e-01
1.399000000000e+02 -5.857285799217e-01
1.400000000000e+02 -5.857285744876e-01
1.401000000000e+02 -5.857285693784e-01
1.402000000000e+02 -5.857285646763e-01
1.403000000000e+02 -5.857285604700e-01
1.404000000000e+02 -5.857285567974e-01
1.405000000000e+02 -5.857285537104e-01
1.406000000000e+02 -5.857285512505e-01
1.407000000000e+02 -5.857285494029e-01
1.408000000000e+02 -5.857285481661e-01
1.409000000000e+02 -5.857285475230e-01
1.410000000000e+02 -5.857285474070e-01
1.411000000000e+02 -5.857285477759e-01
1.412000000000e+02 -5.857285485780e-01
1.413000000000e+02 -5.857285497280e-01
1.414000000000e+02 -5.857285511816e-01
1.415000000000e+02 -5.857285528933e-01
1.416000000000e+02 -5.857285547999e-01
1.417000000000e+02 -5.857285568900e-01
1.418000000000e+02 -5.857285591517e-01
1.419000000000e+02 -5.857285615619e-01
1.420000000000e+02 -5.857285641480e-01
1.421000000000e+02 -5.857285669259e-01
1.422000000000e+02 -5.857285698964e-01
1.423000000000e+02 -5.857285730993e-01
1.424000000000e+02 -5.857285765469e-01
1.425000000000e+02 -5.857285802284e-01
1.426000000000e+02 -5.857285841613e-01
1.427000000000e+02 -5.857285883226e-01
1.428000000000e+02 -5.857285926667e-01
1.429000000000e+02 -5.857285971735e-01
1.430000000000e+02 -5.857286017813e-01
1.431000000000e+02 -5.857286064174e-01
1.432000000000e+02 -5.857286110424e-01
1.433000000000e+02 -5.857286155837e-01
1.434000000000e+02 -5.857286199767e-01
1.435000000000e+02 -5.857286241998e-01
1.436000000000e+02 -5.857286282078e-01
1.437000000000e+02 -5.857286319782e-01
1.438000000000e+02 -5.857286355343e-01
1.439000000000e+02 -5.857286388763e-01
1.440000000000e+02 -5.857286420307e-01
1.441000000000e+02 -5.857286450598e-01
1.442000000000e+02 -5.857286479925e-01
1.443000000000e+02 -5.857286508765e-01
1.444000000000e+02 -5.857286537777e-01
1.445000000000e+02 -5.857286567136e-01
1.446000000000e+02 -5.857286597126e-01
1.447000000000e+02 -5.857286628042e-01
1.448000000000e+02 -5.857286659626e-01
1.449000000000e+02 -5.857286691720e-01
1.450000000000e+02 -5.857286724127e-01
1.451000000000e+02 -5.857286756143e-01
1.452000000000e+02 -5.857286787278e-01
1.453000000000e+02 -5.857286817057e-01
1.454000000000e+02 -5.857286844639e-01
1.455000000000e+02 -5.857286869571e-01
1.456000000000e+02 -5.857286891487e-01
1.457000000000e+02 -5.857286909800e-01
1.458000000000e+02 -5.857286924425e-01
1.459000000000e+02 -5.857286935367e-01
1.460000000000e+02 -5.857286942460e-01
1.461000000000e+02 -5.857286946037e-01
1.462000000000e+02 -5.857286946409e-01
1.463000000000e+02 -5.857286943664e-01
1.464000000000e+02 -5.857286938290e-01
1.465000000000e+02 -5.857286930581e-01
1.466000000000e+02 -5.857286920530e-01
1.467000000000e+02 -5.857286908428e-01
1.468000000000e+02 -5.857286894242e-01
1.469000000000e+02 -5.857286877636e-01
1.470000000000e+02 -5.857286858561e-01
1.471000000000e+02 -5.857286836624e-01
1.472000000000e+02 -5.857286811250e-01
1.473000000000e+02 -5.857286782240e-01
1.474000000000e+02 -5.857286749129e-01
1.475000000000e+02 -5.857286711462e-01
1.476000000000e+02 -5.857286669274e-01
1.477000000000e+02 -5.857286622425e-01
1.478000000000e+02 -5.857286570935e-01
1.479000000000e+02 -5.857286515356e-01
1.480000000000e+02 -5.857286456063e-01
1.481000000000e+02 -5.857286393628e-01
1.482000000000e+02 -5.857286329069e-01
1.483000000000e+02 -5.857286263110e-01
1.484000000000e+02 -5.857286196604e-01
1.485000000000e+02 -5.857286130672e-01
1.486000000000e+02 -5.857286065980e-01
1.487000000000e+02 -5.857286003238e-01
1.488000000000e+02 -5.857285943258e-01
1.489000000000e+02 -5.857285886299e-01
1.490000000000e+02 -5.857285832658e-01
1.491000000000e+02 -5.857285782673e-01
1.492000000000e+02 -5.857285736153e-01
1.493000000000e+02 -5.857285693053e-01
1.494000000000e+02 -5.857285653410e-01
1.495000000000e+02 -5.857285616855e-01
1.496000000000e+02 -5.857285583325e-01
1.497000000000e+02 -5.857285552910e-01
1.498000000000e+02 -5.857285525405e-01
1.499000000000e+02 -5.857285501035e-01
1.500000000000e+02 -5.857285480159e-01
1.501000000000e+02 -5.857285462877e-01
1.502000000000e+02 -5.857285449713e-01
1.503000000000e+02 -5.857285441204e-01
1.504000000000e+02 -5.857285437560e-01
1.505000000000e+02 -5.857285439317e-01
1.506000000000e+02 -5.857285446843e-01
1.507000000000e+02 -5.857285460088e-01
1.508000000000e+02 -5.857285479234e-01
1.509000000000e+02 -5.857285504160e-01
1.510000000000e+02 -5.857285534312e-01
1.511000000000e+02 -5.857285569371e-01
1.512000000000e+02 -5.857285608692e-01
1.513000000000e+02 -5.857285651317e-01
1.514000000000e+02 -5.857285696626e-01
1.515000000000e+02 -5.857285743755e-01
1.516000000000e+02 -5.857285791724e-01
1.517000000000e+02 -5.857285840027e-01
1.518000000000e+02 -5.857285888012e-01
1.519000000000e+02 -5.857285935069e-01
1.520000000000e+02 -5.857285981137e-01
1.521000000000e+02 -5.857286026007e-01
1.522000000000e+02 -5.857286069572e-01
1.523000000000e+02 -5.857286112211e-01
1.524000000000e+02 -5.857286154048e-01
1.525000000000e+02 -5.857286195255e-01
1.526000000000e+02 -5.857286236340e-01
1.527000000000e+02 -5.857286277400e-01
1.528000000000e+02 -5.857286318511e-01
1.529000000000e+02 -5.857286359942e-01
1.530000000000e+02 -5.857286401449e-01
1.531000000000e+02 -5.857286442780e-01
1.532000000000e+02 -5.857286483827e-01
1.533000000000e+02 -5.857286523994e-01
1.534000000000e+02 -5.857286562792e-01
1.535000000000e+02 -5.857286599934e-01
1.536000000000e+02 -5.857286634754e-01
1.537000000000e+02 -5.857286666870e-01
1.538000000000e+02 -5.857286696171e-01
1.539000000000e+02 -5.857286722279e-01
1.540000000000e+02 -5.857286745218e-01
1.541000000000e+02 -5.857286765279e-01
1.542000000000e+02 -5.857286782500e-01
1.543000000000e+02 -5.857286797325e-01
1.544000000000e+02 -5.857286810338e-01
1.545000000000e+02 -5.857286821785e-01
1.546000000000e+02 -5.857286832229e-01
1.547000000000e+02 -5.857286842179e-01
1.548000000000e+02 -5.857286851700e-01
1.549000000000e+02 -5.857286861078e-01
1.550000000000e+02 -5.857286870401e-01
1.551000000000e+02 -5.857286879282e-01
1.552000000000e+02 -5.857286887556e-01
1.553000000000e+02 -5.857286894828e-01
1.554000000000e+02 -5.857286900328e-01
1.555000000000e+02 -5.857286903619e-01
1.556000000000e+02 -5.857286904106e-01
1.557000000000e+02 -5.857286900997e-01
1.558000000000e+02 -5.857286893986e-01
1.559000000000e+02 -5.857286882690e-01
1.560000000000e+02 -5.857286866689e-01
1.561000000000e+02 -5.857286846128e-01
1.562000000000e+02 -5.857286821073e-01
1.563000000000e+02 -5.857286791606e-01
1.564000000000e+02 -5.857286758328e-01
1.565000000000e+02 -5.857286721645e-01
1.566000000000e+02 -5.857286681932e-01
1.567000000000e+02 -5.857286639944e-01
1.568000000000e+02 -5.857286596078e-01
1.569000000000e+02 -5.857286550634e-01
1.570000000000e+02 -5.857286504160e-01
1.571000000000e+02 -5.857286456742e-01
1.572000000000e+02 -5.857286408378e-01
1.573000000000e+02 -5.857286359282e-01
1.574000000000e+02 -5.857286309214e-01
1.575000000000e+02 -5.857286257971e-01
1.576000000000e+02 -5.857286205628e-01
1.577000000000e+02 -5.857286151907e-01
1.578000000000e+02 -5.857286096743e-01
1.579000000000e+02 -5.857286040429e-01
1.580000000000e+02 -5.857285983000e-01
1.581000000000e+02 -5.857285924824e-01
1.582000000000e+02 -5.857285866628e-01
1.583000000000e+02 -5.857285808875e-01
1.584000000000e+02 -5.857285752371e-01
1.585000000000e+02 -5.857285698147e-01
1.586000000000e+02 -5.857285646868e-01
1.587000000000e+02 -5.857285599449e-01
1.588000000000e+02 -5.857285556833e-01
1.589000000000e+02 -5.857285519465e-01
1.590000000000e+02 -5.857285487945e-01
1.591000000000e+02 -5.857285462740e-01
1.592000000000e+02 -5.857285443768e-01
1.593000000000e+02 -5.857285431102e-01
1.594000000000e+02 -5.857285424632e-01
1.595000000000e+02 -5.857285423779e-01
1.596000000000e+02 -5.857285428229e-01
1.597000000000e+02 -5.857285437546e-01
1.598000000000e+02 -5.857285450985e-01
1.599000000000e+02 -5.857285468221e-01
1.600000000000e+02 -5.857285488878e-01
1.601000000000e+02 -5.857285512422e-01
1.602000000000e+02 -5.857285538825e-01
1.603000000000e+02 -5.857285568003e-01
1.604000000000e+02 -5.857285599758e-01
1.605000000000e+02 -5.857285634370e-01
1.606000000000e+02 -5.857285671943e-01
1.607000000000e+02 -5.857285712421e-01
1.608000000000e+02 -5.857285756105e-01
1.609000000000e+02 -5.857285802960e-01
1.610000000000e+02 -5.857285852726e-01
1.611000000000e+02 -5.857285905395e-01
1.612000000000e+02 -5.857285960515e-01
1.613000000000e+02 -5.857286017435e-01
1.614000000000e+02 -5.857286075741e-01
1.615000000000e+02 -5.857286134594e-01
1.616000000000e+02 -5.857286193088e-01
1.617000000000e+02 -5.857286250648e-01
1.618000000000e+02 -5.857286306375e-01
1.619000000000e+02 -5.857286359501e-01
1.620000000000e+02 -5.857286409693e-01
1.621000000000e+02 -5.857286456391e-01
1.622000000000e+02 -5.857286499315e-01
1.623000000000e+02 -5.857286538633e-01
1.624000000000e+02 -5.857286574295e-01
1.625000000000e+02 -5.857286606551e-01
1.626000000000e+02 -5.857286635992e-01
1.627000000000e+02 -5.857286662882e-01
1.628000000000e+02 -5.857286687713e-01
1.629000000000e+02 -5.857286711130e-01
1.630000000000e+02 -5.857286733315e-01
1.631000000000e+02 -5.857286754589e-01
1.632000000000e+02 -5.857286775279e-01
1.633000000000e+02 -5.857286795176e-01
1.634000000000e+02 -5.857286814224e-01
1.635000000000e+02 -5.857286832316e-01
1.636000000000e+02 -5.857286848879e-01
1.637000000000e+02 -5.857286863601e-01
1.638000000000e+02 -5.857286876176e-01
1.639000000000e+02 -5.857286885974e-01
1.640000000000e+02 -5.857286892786e-01
1.641000000000e+02 -5.857286896467e-01
1.642000000000e+02 -5.857286896682e-01
1.643000000000e+02 -5.857286893606e-01
1.644000000000e+02 -5.857286887461e-01
1.645000000000e+02 -5.857286878308e-01
1.646000000000e+02 -5.857286866690e-01
1.647000000000e+02 -5.857286853067e-01
1.648000000000e+02 -5.857286837673e-01
1.649000000000e+02 -5.857286821109e-01
1.650000000000e+02 -5.857286803715e-01
1.651000000000e+02 -5.857286785531e-01
1.652000000000e+02 -5.857286766861e-01
1.653000000000e+02 -5.857286747630e-01
1.654000000000e+02 -5.857286727471e-01
1.655000000000e+02 -5.857286706280e-01
1.656000000000e+02 -5.857286683574e-01
1.657000000000e+02 -5.857286658713e-01
1.658000000000e+02 -5.857286631416e-01
1.659000000000e+02 -5.857286601118e-01
1.660000000000e+02 -5.857286567293e-01
1.661000000000e+02 -5.857286529890e-01
1.662000000000e+02 -5.857286488666e-01
1.663000000000e+02 -5.857286443566e-01
1.664000000000e+02 -5.857286395044e-01
1.665000000000e+02 -5.857286343357e-01
1.666000000000e+02 -5.857286288983e-01
1.667000000000e+02 -5.857286232809e-01
1.668000000000e+02 -5.857286175414e-01
1.669000000000e+02 -5.857286117530e-01
1.670000000000e+02 -5.857286060121e-01
1.671000000000e+02 -5.857286003694e-01
1.672000000000e+02 -5.857285948832e-01
1.673000000000e+02 -5.857285896200e-01
1.674000000000e+02 -5.857285845930e-01
1.675000000000e+02 -5.857285798233e-01
1.676000000000e+02 -5.857285753362e-01
1.677000000000e+02 -5.857285711074e-01
1.678000000000e+02 -5.857285671330e-01
1.679000000000e+02 -5.857285634176e-01
1.680000000000e+02 -5.857285599293e-01
1.681000000000e+02 -5.857285566721e-01
1.682000000000e+02 -5.857285536645e-01
1.683000000000e+02 -5.857285508994e-01
1.684000000000e+02 -5.857285484150e-01
1.685000000000e+02 -5.857285462612e-01
1.686000000000e+02 -5.857285444637e-01
1.687000000000e+02 -5.857285430908e-01
1.688000000000e+02 -5.857285422083e-01
1.689000000000e+02 -5.857285418494e-01
1.690000000000e+02 -5.857285420792e-01
1.691000000000e+02 -5.857285429409e-01
1.692000000000e+02 -5.857285444360e-01
1.693000000000e+02 -5.857285465882e-01
1.694000000000e+02 -5.857285493857e-01
1.695000000000e+02 -5.857285527755e-01
1.696000000000e+02 -5.857285567266e-01
1.697000000000e+02 -5.857285611721e-01
1.698000000000e+02 -5.857285660160e-01
1.699000000000e+02 -5.857285711955e-01
1.700000000000e+02 -5.857285766208e-01
1.701000000000e+02 -5.857285821927e-01
1.702000000000e+02 -5.857285878584e-01
1.703000000000e+02 -5.857285935473e-01
1.704000000000e+02 -5.857285991951e-01
1.705000000000e+02 -5.857286047896e-01
1.706000000000e+02 -5.857286103002e-01
1.707000000000e+02 -5.857286157079e-01
1.708000000000e+02 -5.857286210380e-01
1.709000000000e+02 -5.857286262870e-01
1.710000000000e+02 -5.857286314575e-01
1.711000000000e+02 -5.857286365817e-01
1.712000000000e+02 -5.857286416485e-01
1.713000000000e+02 -5.857286466470e-01
1.714000000000e+02 -5.857286515832e-01
1.715000000000e+02 -5.857286564126e-01
1.716000000000e+02 -5.857286610933e-01
1.717000000000e+02 -5.857286655981e-01
1.718000000000e+02 -5.857286698533e-01
1.719000000000e+02 -5.857286738021e-01
1.720000000000e+02 -5.857286774082e-01
1.721000000000e+02 -5.857286806021e-01
1.722000000000e+02 -5.857286833481e-01
1.723000000000e+02 -5.857286856384e-01
1.724000000000e+02 -5.857286874423e-01
1.725000000000e+02 -5.857286887740e-01
1.726000000000e+02 -5.857286896733e-01
1.727000000000e+02 -5.857286901575e-01
1.728000000000e+02 -5.857286902873e-01
1.729000000000e+02 -5.857286901349e-01
1.730000000000e+02 -5.857286897404e-01
1.731000000000e+02 -5.857286891765e-01
1.732000000000e+02 -5.857286885080e-01
1.733000000000e+02 -5.857286877561e-01
1.734000000000e+02 -5.857286869659e-01
1.735000000000e+02 -5.857286861589e-01
1.736000000000e+02 -5.857286853119e-01
1.737000000000e+02 -5.857286844251e-01
1.738000000000e+02 -5.857286834729e-01
1.739000000000e+02 -5.857286823954e-01
1.740000000000e+02 -5.857286811669e-01
1.741000000000e+02 -5.857286797432e-01
1.742000000000e+02 -5.857286780635e-01
1.743000000000e+02 -5.857286761146e-01
1.744000000000e+02 -5.857286738725e-01
1.745000000000e+02 -5.857286713106e-01
1.746000000000e+02 -5.857286684565e-01
1.747000000000e+02 -5.857286653245e-01
1.748000000000e+02 -5.857286619309e-01
1.749000000000e+02 -5.857286583389e-01
1.750000000000e+02 -5.857286545870e-01
1.751000000000e+02 -5.857286507095e-01
1.752000000000e+02 -5.857286467739e-01
1.753000000000e+02 -5.857286428069e-01
1.754000000000e+02 -5.857286388255e-01
1.755000000000e+02 -5.857286348680e-01
1.756000000000e+02 -5.857286309232e-01
1.757000000000e+02 -5.857286269732e-01
1.758000000000e+02 -5.857286230198e-01
1.759000000000e+02 -5.857286190189e-01
1.760000000000e+02 -5.857286149340e-01
1.761000000000e+02 -5.857286107556e-01
1.762000000000e+02 -5.857286064402e-01
1.763000000000e+02 -5.857286019703e-01
1.764000000000e+02 -5.857285973634e-01
1.765000000000e+02 -5.857285926129e-01
1.766000000000e+02 -5.857285877498e-01
1.767000000000e+02 -5.857285828390e-01
1.768000000000e+02 -5.857285779207e-01
1.769000000000e+02 -5.857285730725e-01
1.770000000000e+02 -5.857285683916e-01
1.771000000000e+02 -5.857285639399e-01
1.772000000000e+02 -5.857285598071e-01
1.773000000000e+02 -5.857285560825e-01
1.774000000000e+02 -5.857285528076e-01
1.775000000000e+02 -5.857285500424e-01
1.776000000000e+02 -5.857285478315e-01
1.777000000000e+02 -5.857285461678e-01
1.778000000000e+02 -5.857285450630e-01
1.779000000000e+02 -5.857285445098e-01
1.780000000000e+02 -5.857285444581e-01
1.781000000000e+02 -5.857285448876e-01
1.782000000000e+02 -5.857285457649e-01
1.783000000000e+02 -5.857285470300e-01
1.784000000000e+02 -5.857285486666e-01
1.785000000000e+02 -5.857285506516e-01
1.786000000000e+02 -5.857285529483e-01
1.787000000000e+02 -5.857285555705e-01
1.788000000000e+02 -5.857285585223e-01
1.789000000000e+02 -5.857285617973e-01
1.790000000000e+02 -5.857285654339e-01
1.791000000000e+02 -5.857285694476e-01
1.792000000000e+02 -5.857285738378e-01
1.793000000000e+02 -5.857285786355e-01
1.794000000000e+02 -5.857285838326e-01
1.795000000000e+02 -5.857285893987e-01
1.796000000000e+02 -5.857285953250e-01
1.797000000000e+02 -5.857286015545e-01
1.798000000000e+02 -5.857286080115e-01
1.799000000000e+02 -5.857286146422e-01
1.800000000000e+02 -5.857286213475e-01
1.801000000000e+02 -5.857286280257e-01
1.802000000000e+02 -5.857286346061e-01
1.803000000000e+02 -5.857286409852e-01
1.804000000000e+02 -5.857286470766e-01
1.805000000000e+02 -5.857286528356e-01
1.806000000000e+02 -5.857286581948e-01
1.807000000000e+02 -5.857286631181e-01
1.808000000000e+02 -5.857286676119e-01
1.809000000000e+02 -5.857286716605e-01
1.810000000000e+02 -5.857286752807e-01
1.811000000000e+02 -5.857286785206e-01
1.812000000000e+02 -5.857286813955e-01
1.813000000000e+02 -5.857286839459e-01
1.814000000000e+02 -5.857286862251e-01
1.815000000000e+02 -5.857286882410e-01
1.816000000000e+02 -5.857286900195e-01
1.817000000000e+02 -5.857286915848e-01
1.818000000000e+02 -5.857286929117e-01
1.819000000000e+02 -5.857286939942e-01
1.820000000000e+02 -5.857286948217e-01
1.821000000000e+02 -5.857286953418e-01
1.822000000000e+02 -5.857286955333e-01
1.823000000000e+02 -5.857286953759e-01
1.824000000000e+02 -5.857286948225e-01
1.825000000000e+02 -5.857286938719e-01
1.826000000000e+02 -5.857286925288e-01
1.827000000000e+02 -5.857286907829e-01
1.828000000000e+02 -5.857286886767e-01
1.829000000000e+02 -5.857286862549e-01
1.830000000000e+02 -5.857286835478e-01
1.831000000000e+02 -5.857286806335e-01
1.832000000000e+02 -5.857286775774e-01
1.833000000000e+02 -5.857286744227e-01
1.834000000000e+02 -5.857286712472e-01
1.835000000000e+02 -5.857286680974e-01
1.836000000000e+02 -5.857286649903e-01
1.837000000000e+02 -5.857286619668e-01
1.838000000000e+02 -5.857286590252e-01
1.839000000000e+02 -5.857286561364e-01
1.840000000000e+02 -5.857286532951e-01
1.841000000000e+02 -5.857286504547e-01
1.842000000000e+02 -5.857286475556e-01
1.843000000000e+02 -5.857286445716e-01
1.844000000000e+02 -5.857286414458e-01
1.845000000000e+02 -5.857286381275e-01
1.846000000000e+02 -5.857286346107e-01
1.847000000000e+02 -5.857286308674e-01
1.848000000000e+02 -5.857286268901e-01
1.849000000000e+02 -5.857286227178e-01
1.850000000000e+02 -5.857286183669e-01
1.851000000000e+02 -5.857286138763e-01
1.852000000000e+02 -5.857286093212e-01
1.853000000000e+02 -5.857286047428e-01
1.854000000000e+02 -5.857286001979e-01
1.855000000000e+02 -5.857285957626e-01
1.856000000000e+02 -5.857285914656e-01
1.857000000000e+02 -5.857285873448e-01
1.858000000000e+02 -5.857285834439e-01
1.859000000000e+02 -5.857285797539e-01
1.860000000000e+02 -5.857285762781e-01
1.861000000000e+02 -5.857285730225e-01
1.862000000000e+02 -5.857285699473e-01
1.863000000000e+02 -5.857285670383e-01
1.864000000000e+02 -5.857285642898e-01
1.865000000000e+02 -5.857285616642e-01
1.866000000000e+02 -5.857285591651e-01
1.867000000000e+02 -5.857285568099e-01
1.868000000000e+02 -5.857285545951e-01
1.869000000000e+02 -5.857285525660e-01
1.870000000000e+02 -5.857285507776e-01
1.871000000000e+02 -5.857285492639e-01
1.872000000000e+02 -5.857285481033e-01
1.873000000000e+02 -5.857285473683e-01
1.874000000000e+02 -5.857285471012e-01
1.875000000000e+02 -5.857285473762e-01
1.876000000000e+02 -5.857285482423e-01
1.877000000000e+02 -5.857285497089e-01
1.878000000000e+02 -5.857285518077e-01
1.879000000000e+02 -5.857285545319e-01
1.880000000000e+02 -5.857285578366e-01
1.881000000000e+02 -5.857285616988e-01
1.882000000000e+02 -5.857285660577e-01
1.883000000000e+02 -5.857285708272e-01
1.884000000000e+02 -5.857285759540e-01
1.885000000000e+02 -5.857285813557e-01
1.886000000000e+02 -5.857285869442e-01
1.887000000000e+02 -5.857285926760e-01
1.888000000000e+02 -5.857285984869e-01
1.889000000000e+02 -5.857286043213e-01
1.890000000000e+02 -5.857286101717e-01
1.891000000000e+02 -5.857286160089e-01
1.892000000000e+02 -5.857286218150e-01
1.893000000000e+02 -5.857286276119e-01
1.894000000000e+02 -5.857286333883e-01
1.895000000000e+02 -5.857286391390e-01
1.896000000000e+02 -5.857286448831e-01
1.897000000000e+02 -5.857286505933e-01
1.898000000000e+02 -5.857286562437e-01
1.899000000000e+02 -5.857286618215e-01
1.900000000000e+02 -5.857286672621e-01
1.901000000000e+02 -5.857286725071e-01
1.902000000000e+02 -5.857286775104e-01
1.903000000000e+02 -5.857286821812e-01
1.904000000000e+02 -5.857286864502e-01
1.905000000000e+02 -5.857286902679e-01
1.906000000000e+02 -5.857286935548e-01
1.907000000000e+02 -5.857286962701e-01
1.908000000000e+02 -5.857286984003e-01
1.909000000000e+02 -5.857286999121e-01
1.910000000000e+02 -5.857287008216e-01
1.911000000000e+02 -5.857287011683e-01
1.912000000000e+02 -5.857287009722e-01
1.913000000000e+02 -5.857287002994e-01
1.914000000000e+02 -5.857286992249e-01
1.915000000000e+02 -5.857286977939e-01
1.916000000000e+02 -5.857286960864e-01
1.917000000000e+02 -5.857286941713e-01
1.918000000000e+02 -5.857286920778e-01
1.919000000000e+02 -5.857286898601e-01
1.920000000000e+02 -5.857286875476e-01
1.921000000000e+02 -5.857286851287e-01
1.922000000000e+02 -5.857286826179e-01
1.923000000000e+02 -5.857286800026e-01
1.924000000000e+02 -5.857286772411e-01
1.925000000000e+02 -5.857286743274e-01
1.926000000000e+02 -5.857286712363e-01
1.927000000000e+02 -5.857286679300e-01
1.928000000000e+02 -5.857286644189e-01
1.929000000000e+02 -5.857286606996e-01
1.930000000000e+02 -5.857286567695e-01
1.931000000000e+02 -5.857286526770e-01
1.932000000000e+02 -5.857286484535e-01
1.933000000000e+02 -5.857286441326e-01
1.934000000000e+02 -5.857286397906e-01
1.935000000000e+02 -5.857286354731e-01
1.936000000000e+02 -5.857286312216e-01
1.937000000000e+02 -5.857286271048e-01
1.938000000000e+02 -5.857286231458e-01
1.939000000000e+02 -5.857286193578e-01
1.940000000000e+02 -5.857286157705e-01
1.941000000000e+02 -5.857286123605e-01
1.942000000000e+02 -5.857286090995e-01
1.943000000000e+02 -5.857286059750e-01
1.944000000000e+02 -5.857286029276e-01
1.945000000000e+02 -5.857285999080e-01
1.946000000000e+02 -5.857285968916e-01
1.947000000000e+02 -5.857285938198e-01
1.948000000000e+02 -5.857285906632e-01
1.949000000000e+02 -5.857285874248e-01
1.950000000000e+02 -5.857285840839e-01
1.951000000000e+02 -5.857285806603e-01
1.952000000000e+02 -5.857285772041e-01
1.953000000000e+02 -5.857285737413e-01
1.954000000000e+02 -5.857285703369e-01
1.955000000000e+02 -5.857285670721e-01
1.956000000000e+02 -5.857285639934e-01
1.957000000000e+02 -5.857285611769e-01
1.958000000000e+02 -5.857285586954e-01
1.959000000000e+02 -5.857285565759e-01
1.960000000000e+02 -5.857285548668e-01
1.961000000000e+02 -5.857285535993e-01
1.962000000000e+02 -5.857285527573e-01
1.963000000000e+02 -5.857285523474e-01
1.964000000000e+02 -5.857285523568e-01
1.965000000000e+02 -5.857285527358e-01
1.966000000000e+02 -5.857285534688e-01
1.967000000000e+02 -5.857285545271e-01
1.968000000000e+02 -5.857285558613e-01
1.969000000000e+02 -5.857285574686e-01
1.970000000000e+02 -5.857285593385e-01
1.971000000000e+02 -5.857285614516e-01
1.972000000000e+02 -5.857285638393e-01
1.973000000000e+02 -5.857285665205e-01
1.974000000000e+02 -5.857285695062e-01
1.975000000000e+02 -5.857285728506e-01
1.976000000000e+02 -5.857285765806e-01
1.977000000000e+02 -5.857285807080e-01
1.978000000000e+02 -5.857285852732e-01
1.979000000000e+02 -5.857285902730e-01
1.980000000000e+02 -5.857285956834e-01
1.981000000000e+02 -5.857286014986e-01
1.982000000000e+02 -5.857286076610e-01
1.983000000000e+02 -5.857286140969e-01
1.984000000000e+02 -5.857286207514e-01
1.985000000000e+02 -5.857286275230e-01
1.986000000000e+02 -5.857286343100e-01
1.987000000000e+02 -5.857286410394e-01
1.988000000000e+02 -5.857286476044e-01
1.989000000000e+02 -5.857286539182e-01
1.990000000000e+02 -5.857286599322e-01
1.991000000000e+02 -5.857286655746e-01
1.992000000000e+02 -5.857286708061e-01
1.993000000000e+02 -5.857286756264e-01
1.994000000000e+02 -5.857286800107e-01
1.995000000000e+02 -5.857286839685e-01
1.996000000000e+02 -5.857286875353e-01
1.997000000000e+02 -5.857286907128e-01
1.998000000000e+02 -5.857286935287e-01
1.999000000000e+02 -5.857286960196e-01
2.000000000000e+02 -5.857286981772e-01
