0.000000000000e+00 -2.158987459134e-11
1.000000000000e-01 5.188585331702e-07
2.000000000000e-01 1.550331301473e-06
3.000000000000e-01 2.572844343828e-06
4.000000000000e-01 3.583056681218e-06
5.000000000000e-01 4.569649156167e-06
6.000000000000e-01 5.532707014407e-06
7.000000000000e-01 6.470153916322e-06
8.000000000000e-01 7.373864234427e-06
9.000000000000e-01 8.247833771338e-06
1.000000000000e+00 9.092056104638e-06
1.100000000000e+00 9.902171152789e-06
1.200000000000e+00 1.068577055343e-05
1.300000000000e+00 1.144433379276e-05
1.400000000000e+00 1.217648722319e-05
1.500000000000e+00 1.289192575802e-05
1.600000000000e+00 1.359215908433e-05
1.700000000000e+00 1.427734779632e-05
1.800000000000e+00 1.495742699421e-05
1.900000000000e+00 1.563243548867e-05
2.000000000000e+00 1.630274282852e-05
2.100000000000e+00 1.697701032266e-05
2.200000000000e+00 1.765284082641e-05
2.300000000000e+00 1.833002853834e-05
2.400000000000e+00 1.901505964885e-05
2.500000000000e+00 1.970276361727e-05
2.600000000000e+00 2.039208170435e-05
2.700000000000e+00 2.108691886362e-05
2.800000000000e+00 2.177944934860e-05
2.900000000000e+00 2.246781794356e-05
3.000000000000e+00 2.315331457654e-05
3.100000000000e+00 2.382595124844e-05
3.200000000000e+00 2.448347119256e-05
3.300000000000e+00 2.512497571250e-05
3.400000000000e+00 2.573931339971e-05
3.500000000000e+00 2.632472674922e-05
3.600000000000e+00 2.687916450820e-05
3.700000000000e+00 2.739189780351e-05
3.800000000000e+00 2.786305978967e-05
3.900000000000e+00 2.829094848779e-05
4.000000000000e+00 2.866710833682e-05
4.100000000000e+00 2.899497325079e-05
4.200000000000e+00 2.927453452804e-05
4.300000000000e+00 2.950097566492e-05
4.400000000000e+00 2.968165735125e-05
4.500000000000e+00 2.981863735510e-05
4.600000000000e+00 2.991085959781e-05
4.700000000000e+00 2.996883942279e-05
4.800000000000e+00 2.999568157756e-05
4.900000000000e+00 2.999277866972e-05
5.000000000000e+00 2.997173486643e-05
5.100000000000e+00 2.993466039590e-05
5.200000000000e+00 2.988328646590e-05
5.300000000000e+00 2.982781534771e-05
5.400000000000e+00 2.976733078223e-05
5.500000000000e+00 2.970211194445e-05
5.600000000000e+00 2.963918605470e-05
5.700000000000e+00 2.957364119396e-05
5.800000000000e+00 2.950373598757e-05
5.900000000000e+00 2.943296682777e-05
6.000000000000e+00 2.935294534509e-05
6.100000000000e+00 2.926070914775e-05
6.200000000000e+00 2.915716134823e-05
6.300000000000e+00 2.903205130939e-05
6.400000000000e+00 2.888276423869e-05
6.500000000000e+00 2.870909994660e-05
6.600000000000e+00 2.850081597223e-05
6.700000000000e+00 2.825714340394e-05
6.800000000000e+00 2.797804050204e-05
6.900000000000e+00 2.765471481973e-05
7.000000000000e+00 2.728914264957e-05
7.100000000000e+00 2.688211515852e-05
7.200000000000e+00 2.642710214478e-05
7.300000000000e+00 2.592908478153e-05
7.400000000000e+00 2.538985836477e-05
7.500000000000e+00 2.480547969552e-05
7.600000000000e+00 2.418374873046e-05
7.700000000000e+00 2.352730614786e-05
7.800000000000e+00 2.283475727617e-05
7.900000000000e+00 2.211615143342e-05
8.000000000000e+00 2.137447186323e-05
8.100000000000e+00 2.061037017869e-05
8.200000000000e+00 1.983506366745e-05
8.300000000000e+00 1.905087719949e-05
8.400000000000e+00 1.825941634895e-05
8.500000000000e+00 1.747143111649e-05
8.600000000000e+00 1.668715200697e-05
8.700000000000e+00 1.590765894687e-05
8.800000000000e+00 1.514142136714e-05
8.900000000000e+00 1.438522812849e-05
9.000000000000e+00 1.363842410775e-05
9.100000000000e+00 1.290598097282e-05
9.200000000000e+00 1.218078830557e-05
9.300000000000e+00 1.146030313198e-05
9.400000000000e+00 1.074608002377e-05
9.500000000000e+00 1.002807639572e-05
9.600000000000e+00 9.303092970470e-06
9.700000000000e+00 8.570724912240e-06
9.800000000000e+00 7.820177529528e-06
9.900000000000e+00 7.049723670418e-06
1.000000000000e+01 6.259109594240e-06
1.010000000000e+01 5.439235136579e-06
1.020000000000e+01 4.591799293828e-06
1.030000000000e+01 3.718330275084e-06
1.040000000000e+01 2.813013881166e-06
1.050000000000e+01 1.881751641177e-06
1.060000000000e+01 9.281806011028e-07
1.070000000000e+01 -5.009156644576e-08
1.080000000000e+01 -1.043677327410e-06
1.090000000000e+01 -2.047838651827e-06
1.100000000000e+01 -3.062630484035e-06
1.110000000000e+01 -4.076900958441e-06
1.120000000000e+01 -5.086476806588e-06
1.130000000000e+01 -6.090590754798e-06
1.140000000000e+01 -7.078190519609e-06
1.150000000000e+01 -8.047152617196e-06
1.160000000000e+01 -8.997077699393e-06
1.170000000000e+01 -9.918376875050e-06
1.180000000000e+01 -1.081180821294e-05
1.190000000000e+01 -1.167790844119e-05
1.200000000000e+01 -1.250927361383e-05
1.210000000000e+01 -1.330973318746e-05
1.220000000000e+01 -1.408082989124e-05
1.230000000000e+01 -1.481759635756e-05
1.240000000000e+01 -1.552668514855e-05
1.250000000000e+01 -1.621039500817e-05
1.260000000000e+01 -1.686608972303e-05
1.270000000000e+01 -1.750261259837e-05
1.280000000000e+01 -1.812241811497e-05
1.290000000000e+01 -1.872463454636e-05
1.300000000000e+01 -1.931914859479e-05
1.310000000000e+01 -1.990748500814e-05
1.320000000000e+01 -2.048940792443e-05
1.330000000000e+01 -2.107418692423e-05
1.340000000000e+01 -2.166096131041e-05
1.350000000000e+01 -2.224869752656e-05
1.360000000000e+01 -2.284430347860e-05
1.370000000000e+01 -2.344327445482e-05
1.380000000000e+01 -2.404273254187e-05
1.390000000000e+01 -2.464617793287e-05
1.400000000000e+01 -2.524519173840e-05
1.410000000000e+01 -2.583513630960e-05
1.420000000000e+01 -2.641639920236e-05
1.430000000000e+01 -2.697781584576e-05
1.440000000000e+01 -2.751442881526e-05
1.450000000000e+01 -2.802511670778e-05
1.460000000000e+01 -2.849825337293e-05
1.470000000000e+01 -2.893076987131e-05
1.480000000000e+01 -2.932213717084e-05
1.490000000000e+01 -2.966265719211e-05
1.500000000000e+01 -2.995301971328e-05
1.510000000000e+01 -3.019475452504e-05
1.520000000000e+01 -3.038150071734e-05
1.530000000000e+01 -3.051829590773e-05
1.540000000000e+01 -3.060882579165e-05
1.550000000000e+01 -3.064999900368e-05
1.560000000000e+01 -3.065030891588e-05
1.570000000000e+01 -3.061440830448e-05
1.580000000000e+01 -3.054127058236e-05
1.590000000000e+01 -3.044104830248e-05
1.600000000000e+01 -3.031763086443e-05
1.610000000000e+01 -3.017054592892e-05
1.620000000000e+01 -3.000978123631e-05
1.630000000000e+01 -2.983701799139e-05
1.640000000000e+01 -2.965124417820e-05
1.650000000000e+01 -2.946102155219e-05
1.660000000000e+01 -2.926507890050e-05
1.670000000000e+01 -2.906141996635e-05
1.680000000000e+01 -2.885656651626e-05
1.690000000000e+01 -2.864618867347e-05
1.700000000000e+01 -2.842734990224e-05
1.710000000000e+01 -2.820436794511e-05
1.720000000000e+01 -2.797017501059e-05
1.730000000000e+01 -2.772124864976e-05
1.740000000000e+01 -2.745988753392e-05
1.750000000000e+01 -2.717699238349e-05
1.760000000000e+01 -2.686916059327e-05
1.770000000000e+01 -2.653731396672e-05
1.780000000000e+01 -2.617153804441e-05
1.790000000000e+01 -2.576972294536e-05
1.800000000000e+01 -2.533258052027e-05
1.810000000000e+01 -2.485106472907e-05
1.820000000000e+01 -2.432583245962e-05
1.830000000000e+01 -2.375876763154e-05
1.840000000000e+01 -2.314336137352e-05
1.850000000000e+01 -2.248420235460e-05
1.860000000000e+01 -2.178522932341e-05
1.870000000000e+01 -2.104334246919e-05
1.880000000000e+01 -2.026714820326e-05
1.890000000000e+01 -1.946232693466e-05
1.900000000000e+01 -1.862868946098e-05
1.910000000000e+01 -1.777750923674e-05
1.920000000000e+01 -1.691458098948e-05
1.930000000000e+01 -1.604090066666e-05
1.940000000000e+01 -1.516805298355e-05
1.950000000000e+01 -1.429968914001e-05
1.960000000000e+01 -1.343592801775e-05
1.970000000000e+01 -1.258636276686e-05
1.980000000000e+01 -1.175074135344e-05
1.990000000000e+01 -1.092702382744e-05
2.000000000000e+01 -1.012160316153e-05
2.010000000000e+01 -9.329931981660e-06
2.020000000000e+01 -8.547949100956e-06
2.030000000000e+01 -7.779119500341e-06
2.040000000000e+01 -7.015660997173e-06
2.050000000000e+01 -6.252849395765e-06
2.060000000000e+01 -5.492535223290e-06
2.070000000000e+01 -4.725554652442e-06
2.080000000000e+01 -3.948299836676e-06
2.090000000000e+01 -3.162497514787e-06
2.100000000000e+01 -2.359371663443e-06
2.110000000000e+01 -1.537821608900e-06
2.120000000000e+01 -7.004390952899e-07
2.130000000000e+01 1.600160439911e-07
2.140000000000e+01 1.041485444661e-06
2.150000000000e+01 1.940194605090e-06
2.160000000000e+01 2.861346155607e-06
2.170000000000e+01 3.799702254626e-06
2.180000000000e+01 4.750463759396e-06
2.190000000000e+01 5.716723577580e-06
2.200000000000e+01 6.690457846533e-06
2.210000000000e+01 7.666303694785e-06
2.220000000000e+01 8.645512461092e-06
2.230000000000e+01 9.618055235727e-06
2.240000000000e+01 1.057881905717e-05
2.250000000000e+01 1.152793219558e-05
2.260000000000e+01 1.245464468486e-05
2.270000000000e+01 1.335535068033e-05
2.280000000000e+01 1.423025799069e-05
2.290000000000e+01 1.506959290222e-05
2.300000000000e+01 1.587274080912e-05
2.310000000000e+01 1.664131323826e-05
2.320000000000e+01 1.736809792247e-05
2.330000000000e+01 1.805653767917e-05
2.340000000000e+01 1.871036376719e-05
2.350000000000e+01 1.932562046693e-05
2.360000000000e+01 1.990971774774e-05
2.370000000000e+01 2.046797578353e-05
2.380000000000e+01 2.099900822185e-05
2.390000000000e+01 2.151268184703e-05
2.400000000000e+01 2.201411818159e-05
2.410000000000e+01 2.250268341864e-05
2.420000000000e+01 2.298830823210e-05
2.430000000000e+01 2.347364388620e-05
2.440000000000e+01 2.395682058586e-05
2.450000000000e+01 2.444565178301e-05
2.460000000000e+01 2.493870058141e-05
2.470000000000e+01 2.543178962764e-05
2.480000000000e+01 2.592963233454e-05
2.490000000000e+01 2.642652431484e-05
2.500000000000e+01 2.691636225143e-05
2.510000000000e+01 2.740124497860e-05
2.520000000000e+01 2.787242987976e-05
2.530000000000e+01 2.832341508324e-05
2.540000000000e+01 2.875510357131e-05
2.550000000000e+01 2.915762045676e-05
2.560000000000e+01 2.952588800696e-05
2.570000000000e+01 2.986108375288e-05
2.580000000000e+01 3.015391194046e-05
2.590000000000e+01 3.040205803533e-05
2.600000000000e+01 3.060786440218e-05
2.610000000000e+01 3.076365550701e-05
2.620000000000e+01 3.087044968243e-05
2.630000000000e+01 3.093195845182e-05
2.640000000000e+01 3.094252894376e-05
2.650000000000e+01 3.090646351251e-05
2.660000000000e+01 3.082858648857e-05
2.670000000000e+01 3.070526197081e-05
2.680000000000e+01 3.054362705413e-05
2.690000000000e+01 3.034906924638e-05
2.700000000000e+01 3.011963332070e-05
2.710000000000e+01 2.986445313788e-05
2.720000000000e+01 2.958857725660e-05
2.730000000000e+01 2.929095408999e-05
2.740000000000e+01 2.898138658325e-05
2.750000000000e+01 2.866326617706e-05
2.760000000000e+01 2.833523116132e-05
2.770000000000e+01 2.800607123814e-05
2.780000000000e+01 2.767605415360e-05
2.790000000000e+01 2.734226967726e-05
2.800000000000e+01 2.701102287260e-05
2.810000000000e+01 2.667851627972e-05
2.820000000000e+01 2.633976307300e-05
2.830000000000e+01 2.599808600173e-05
2.840000000000e+01 2.564590272633e-05
2.850000000000e+01 2.527690672966e-05
2.860000000000e+01 2.489231893941e-05
2.870000000000e+01 2.448243900320e-05
2.880000000000e+01 2.404158212498e-05
2.890000000000e+01 2.357076655303e-05
2.900000000000e+01 2.306058950789e-05
2.910000000000e+01 2.250825872836e-05
2.920000000000e+01 2.191649391344e-05
2.930000000000e+01 2.127823610175e-05
2.940000000000e+01 2.059505359583e-05
2.950000000000e+01 1.987222640997e-05
2.960000000000e+01 1.910579660001e-05
2.970000000000e+01 1.830166749308e-05
2.980000000000e+01 1.746706570961e-05
2.990000000000e+01 1.660045081433e-05
3.000000000000e+01 1.571068405262e-05
3.010000000000e+01 1.480526762451e-05
3.020000000000e+01 1.388357605975e-05
3.030000000000e+01 1.295549648043e-05
3.040000000000e+01 1.202696384826e-05
3.050000000000e+01 1.109683854581e-05
3.060000000000e+01 1.017440031641e-05
3.070000000000e+01 9.262744862795e-06
3.080000000000e+01 8.359438335202e-06
3.090000000000e+01 7.472229015766e-06
3.100000000000e+01 6.600892350611e-06
3.110000000000e+01 5.741611430239e-06
3.120000000000e+01 4.900303860782e-06
3.130000000000e+01 4.073544083233e-06
3.140000000000e+01 3.256483930949e-06
3.150000000000e+01 2.453294090451e-06
3.160000000000e+01 1.657850722665e-06
3.170000000000e+01 8.649114779096e-07
3.180000000000e+01 7.730357446184e-08
3.190000000000e+01 -7.129067395071e-07
3.200000000000e+01 -1.510372604800e-06
3.210000000000e+01 -2.312780882343e-06
3.220000000000e+01 -3.128515551938e-06
3.230000000000e+01 -3.960274112563e-06
3.240000000000e+01 -4.805047257619e-06
3.250000000000e+01 -5.670019844949e-06
3.260000000000e+01 -6.554504021460e-06
3.270000000000e+01 -7.453659060527e-06
3.280000000000e+01 -8.372133734300e-06
3.290000000000e+01 -9.305054073255e-06
3.300000000000e+01 -1.024542150623e-05
3.310000000000e+01 -1.119505957285e-05
3.320000000000e+01 -1.214538466315e-05
3.330000000000e+01 -1.308822288198e-05
3.340000000000e+01 -1.402364581997e-05
3.350000000000e+01 -1.494117304320e-05
3.360000000000e+01 -1.583353822184e-05
3.370000000000e+01 -1.670102944107e-05
3.380000000000e+01 -1.753369225151e-05
3.390000000000e+01 -1.832742177789e-05
3.400000000000e+01 -1.908453034335e-05
3.410000000000e+01 -1.979748778024e-05
3.420000000000e+01 -2.046666489436e-05
3.430000000000e+01 -2.109704475775e-05
3.440000000000e+01 -2.168405758985e-05
3.450000000000e+01 -2.223232942572e-05
3.460000000000e+01 -2.274868739808e-05
3.470000000000e+01 -2.323066110895e-05
3.480000000000e+01 -2.368563427603e-05
3.490000000000e+01 -2.412049206206e-05
3.500000000000e+01 -2.453330645634e-05
3.510000000000e+01 -2.493229238150e-05
3.520000000000e+01 -2.532256170094e-05
3.530000000000e+01 -2.570136680958e-05
3.540000000000e+01 -2.607622545621e-05
3.550000000000e+01 -2.644929538231e-05
3.560000000000e+01 -2.681635792796e-05
3.570000000000e+01 -2.718344612663e-05
3.580000000000e+01 -2.754938600414e-05
3.590000000000e+01 -2.790852706647e-05
3.600000000000e+01 -2.826523561408e-05
3.610000000000e+01 -2.861520636860e-05
3.620000000000e+01 -2.895181537717e-05
3.630000000000e+01 -2.927793763204e-05
3.640000000000e+01 -2.958670403419e-05
3.650000000000e+01 -2.987125034932e-05
3.660000000000e+01 -3.013344368884e-05
3.670000000000e+01 -3.036479923651e-05
3.680000000000e+01 -3.055928620605e-05
3.690000000000e+01 -3.071865296155e-05
3.700000000000e+01 -3.083419456113e-05
3.710000000000e+01 -3.090213066389e-05
3.720000000000e+01 -3.092530156974e-05
3.730000000000e+01 -3.089639623684e-05
3.740000000000e+01 -3.081527704867e-05
3.750000000000e+01 -3.068690938743e-05
3.760000000000e+01 -3.050657859955e-05
3.770000000000e+01 -3.027845320842e-05
3.780000000000e+01 -3.000975676569e-05
3.790000000000e+01 -2.969846044908e-05
3.800000000000e+01 -2.935238370214e-05
3.810000000000e+01 -2.897982117723e-05
3.820000000000e+01 -2.858018917882e-05
3.830000000000e+01 -2.816302955653e-05
3.840000000000e+01 -2.773551916082e-05
3.850000000000e+01 -2.729651506372e-05
3.860000000000e+01 -2.685489055001e-05
3.870000000000e+01 -2.641450343554e-05
3.880000000000e+01 -2.597197318458e-05
3.890000000000e+01 -2.553378494974e-05
3.900000000000e+01 -2.509934355458e-05
3.910000000000e+01 -2.466261476460e-05
3.920000000000e+01 -2.422739633522e-05
3.930000000000e+01 -2.378906208357e-05
3.940000000000e+01 -2.333996519111e-05
3.950000000000e+01 -2.288225427769e-05
3.960000000000e+01 -2.240888443073e-05
3.970000000000e+01 -2.191248744986e-05
3.980000000000e+01 -2.139516675171e-05
3.990000000000e+01 -2.084936968176e-05
4.000000000000e+01 -2.026981807197e-05
4.010000000000e+01 -1.965986020020e-05
4.020000000000e+01 -1.901285414594e-05
4.030000000000e+01 -1.832670092256e-05
4.040000000000e+01 -1.760652037757e-05
4.050000000000e+01 -1.684723529298e-05
4.060000000000e+01 -1.605020569215e-05
4.070000000000e+01 -1.522216499631e-05
4.080000000000e+01 -1.435967230753e-05
4.090000000000e+01 -1.346727375732e-05
4.100000000000e+01 -1.255276111367e-05
4.110000000000e+01 -1.161406975154e-05
4.120000000000e+01 -1.065830852823e-05
4.130000000000e+01 -9.693506296982e-06
4.140000000000e+01 -8.718418146206e-06
4.150000000000e+01 -7.741716973333e-06
4.160000000000e+01 -6.770516064714e-06
4.170000000000e+01 -5.803449267023e-06
4.180000000000e+01 -4.849335575717e-06
4.190000000000e+01 -3.912919809226e-06
4.200000000000e+01 -2.991517935055e-06
4.210000000000e+01 -2.092532742013e-06
4.220000000000e+01 -1.217000825690e-06
4.230000000000e+01 -3.600018431310e-07
4.240000000000e+01 4.735312660620e-07
4.250000000000e+01 1.286788195639e-06
4.260000000000e+01 2.086862504007e-06
4.270000000000e+01 2.871180376598e-06
4.280000000000e+01 3.646329884109e-06
4.290000000000e+01 4.420199646974e-06
4.300000000000e+01 5.191181814355e-06
4.310000000000e+01 5.967241149034e-06
4.320000000000e+01 6.754791841263e-06
4.330000000000e+01 7.551178385892e-06
4.340000000000e+01 8.363412321432e-06
4.350000000000e+01 9.194312843392e-06
4.360000000000e+01 1.003865078829e-05
4.370000000000e+01 1.090096678280e-05
4.380000000000e+01 1.177954894847e-05
4.390000000000e+01 1.266641907290e-05
4.400000000000e+01 1.356359226703e-05
4.410000000000e+01 1.446545079427e-05
4.420000000000e+01 1.536251867612e-05
4.430000000000e+01 1.625549615789e-05
4.440000000000e+01 1.713657644013e-05
4.450000000000e+01 1.799677061764e-05
4.460000000000e+01 1.883710599011e-05
4.470000000000e+01 1.964947226224e-05
4.480000000000e+01 2.042715123582e-05
4.490000000000e+01 2.117271334689e-05
4.500000000000e+01 2.187905200209e-05
4.510000000000e+01 2.254271919929e-05
4.520000000000e+01 2.316823793372e-05
4.530000000000e+01 2.375003353692e-05
4.540000000000e+01 2.428812153533e-05
4.550000000000e+01 2.478871536506e-05
4.560000000000e+01 2.524774676410e-05
4.570000000000e+01 2.566836480551e-05
4.580000000000e+01 2.605783874958e-05
4.590000000000e+01 2.641327639746e-05
4.600000000000e+01 2.674029711932e-05
4.610000000000e+01 2.704633532593e-05
4.620000000000e+01 2.732906062234e-05
4.630000000000e+01 2.759553351040e-05
4.640000000000e+01 2.785214280102e-05
4.650000000000e+01 2.809614873900e-05
4.660000000000e+01 2.833463884998e-05
4.670000000000e+01 2.857149395503e-05
4.680000000000e+01 2.880240776253e-05
4.690000000000e+01 2.903301381354e-05
4.700000000000e+01 2.926342718915e-05
4.710000000000e+01 2.948699730563e-05
4.720000000000e+01 2.970702445843e-05
4.730000000000e+01 2.991950750273e-05
4.740000000000e+01 3.011572741756e-05
4.750000000000e+01 3.029697739316e-05
4.760000000000e+01 3.045614816871e-05
4.770000000000e+01 3.058402333809e-05
4.780000000000e+01 3.068143424810e-05
4.790000000000e+01 3.074027207298e-05
4.800000000000e+01 3.075316414202e-05
4.810000000000e+01 3.072249567483e-05
4.820000000000e+01 3.064141728809e-05
4.830000000000e+01 3.050643079253e-05
4.840000000000e+01 3.032284668755e-05
4.850000000000e+01 3.008638924097e-05
4.860000000000e+01 2.979817856372e-05
4.870000000000e+01 2.946639646993e-05
4.880000000000e+01 2.908916514023e-05
4.890000000000e+01 2.867141604664e-05
4.900000000000e+01 2.822276821941e-05
4.910000000000e+01 2.774238735768e-05
4.920000000000e+01 2.723722600660e-05
4.930000000000e+01 2.671629573056e-05
4.940000000000e+01 2.617815553604e-05
4.950000000000e+01 2.562994974440e-05
4.960000000000e+01 2.507835537881e-05
4.970000000000e+01 2.452020617683e-05
4.980000000000e+01 2.396166431101e-05
4.990000000000e+01 2.340618181719e-05
5.000000000000e+01 2.284858685370e-05
5.010000000000e+01 2.229367013741e-05
5.020000000000e+01 2.174156005763e-05
5.030000000000e+01 2.118545205402e-05
5.040000000000e+01 2.062889591464e-05
5.050000000000e+01 2.006909003775e-05
5.060000000000e+01 1.949831484790e-05
5.070000000000e+01 1.891928692064e-05
5.080000000000e+01 1.832698132254e-05
5.090000000000e+01 1.771372659321e-05
5.100000000000e+01 1.708208130873e-05
5.110000000000e+01 1.642585773638e-05
5.120000000000e+01 1.573869951149e-05
5.130000000000e+01 1.502400762307e-05
5.140000000000e+01 1.427583744610e-05
5.150000000000e+01 1.349061046748e-05
5.160000000000e+01 1.267368171652e-05
5.170000000000e+01 1.182073807908e-05
5.180000000000e+01 1.093214684849e-05
5.190000000000e+01 1.001584770621e-05
5.200000000000e+01 9.069856857820e-06
5.210000000000e+01 8.098667508231e-06
5.220000000000e+01 7.112318777646e-06
5.230000000000e+01 6.110619455181e-06
5.240000000000e+01 5.101011467656e-06
5.250000000000e+01 4.093885843888e-06
5.260000000000e+01 3.089163717297e-06
5.270000000000e+01 2.095062802691e-06
5.280000000000e+01 1.119938372618e-06
5.290000000000e+01 1.618283254713e-07
5.300000000000e+01 -7.724382099191e-07
5.310000000000e+01 -1.678463961298e-06
5.320000000000e+01 -2.561295071098e-06
5.330000000000e+01 -3.416591808302e-06
5.340000000000e+01 -4.244459089198e-06
5.350000000000e+01 -5.052748977254e-06
5.360000000000e+01 -5.839211262427e-06
5.370000000000e+01 -6.607477761344e-06
5.380000000000e+01 -7.366609666015e-06
5.390000000000e+01 -8.114967168581e-06
5.400000000000e+01 -8.857869382123e-06
5.410000000000e+01 -9.603507407169e-06
5.420000000000e+01 -1.034921657547e-05
5.430000000000e+01 -1.110025473740e-05
5.440000000000e+01 -1.186229485251e-05
5.450000000000e+01 -1.263064144596e-05
5.460000000000e+01 -1.340946649154e-05
5.470000000000e+01 -1.420115379500e-05
5.480000000000e+01 -1.499883687967e-05
5.490000000000e+01 -1.580535853865e-05
5.500000000000e+01 -1.661981955303e-05
5.510000000000e+01 -1.743366701152e-05
5.520000000000e+01 -1.824865804365e-05
5.530000000000e+01 -1.906107018078e-05
5.540000000000e+01 -1.986147055138e-05
5.550000000000e+01 -2.065102034846e-05
5.560000000000e+01 -2.142393306341e-05
5.570000000000e+01 -2.217093394723e-05
5.580000000000e+01 -2.289333293219e-05
5.590000000000e+01 -2.358437347709e-05
5.600000000000e+01 -2.423626400791e-05
5.610000000000e+01 -2.485149649574e-05
5.620000000000e+01 -2.542374045738e-05
5.630000000000e+01 -2.594815065064e-05
5.640000000000e+01 -2.642946592018e-05
5.650000000000e+01 -2.686307678371e-05
5.660000000000e+01 -2.724816016243e-05
5.670000000000e+01 -2.759218981215e-05
5.680000000000e+01 -2.789279797835e-05
5.690000000000e+01 -2.815320259785e-05
5.700000000000e+01 -2.838293333572e-05
5.710000000000e+01 -2.858113342617e-05
5.720000000000e+01 -2.875374118402e-05
5.730000000000e+01 -2.891044822190e-05
5.740000000000e+01 -2.905012565939e-05
5.750000000000e+01 -2.917922958810e-05
5.760000000000e+01 -2.930521878309e-05
5.770000000000e+01 -2.942475328553e-05
5.780000000000e+01 -2.954277397975e-05
5.790000000000e+01 -2.966272853944e-05
5.800000000000e+01 -2.977806095969e-05
5.810000000000e+01 -2.989133670091e-05
5.820000000000e+01 -3.000166465558e-05
5.830000000000e+01 -3.009978784835e-05
5.840000000000e+01 -3.018652755949e-05
5.850000000000e+01 -3.025780121830e-05
5.860000000000e+01 -3.030340818873e-05
5.870000000000e+01 -3.032402606246e-05
5.880000000000e+01 -3.031426302720e-05
5.890000000000e+01 -3.026507999901e-05
5.900000000000e+01 -3.017862876463e-05
5.910000000000e+01 -3.004987385696e-05
5.920000000000e+01 -2.987250840701e-05
5.930000000000e+01 -2.965105397948e-05
5.940000000000e+01 -2.938171423811e-05
5.950000000000e+01 -2.906156956509e-05
5.960000000000e+01 -2.869753096355e-05
5.970000000000e+01 -2.828715020861e-05
5.980000000000e+01 -2.783080301020e-05
5.990000000000e+01 -2.733720813102e-05
6.000000000000e+01 -2.680492769745e-05
6.010000000000e+01 -2.623711989241e-05
6.020000000000e+01 -2.564343677482e-05
6.030000000000e+01 -2.502289005622e-05
6.040000000000e+01 -2.438063049643e-05
6.050000000000e+01 -2.372614601677e-05
6.060000000000e+01 -2.305810164798e-05
6.070000000000e+01 -2.238252855601e-05
6.080000000000e+01 -2.170738905678e-05
6.090000000000e+01 -2.102995540470e-05
6.100000000000e+01 -2.035577457971e-05
6.110000000000e+01 -1.968984362080e-05
6.120000000000e+01 -1.902704433157e-05
6.130000000000e+01 -1.837126181842e-05
6.140000000000e+01 -1.772356549947e-05
6.150000000000e+01 -1.707611530779e-05
6.160000000000e+01 -1.643080895147e-05
6.170000000000e+01 -1.578493810732e-05
6.180000000000e+01 -1.512881917864e-05
6.190000000000e+01 -1.446328302948e-05
6.200000000000e+01 -1.378330606224e-05
6.210000000000e+01 -1.307938685932e-05
6.220000000000e+01 -1.235316403082e-05
6.230000000000e+01 -1.159951008270e-05
6.240000000000e+01 -1.081148977114e-05
6.250000000000e+01 -9.993414830205e-06
6.260000000000e+01 -9.141937669814e-06
6.270000000000e+01 -8.254307542406e-06
6.280000000000e+01 -7.338310317014e-06
6.290000000000e+01 -6.392993744960e-06
6.300000000000e+01 -5.419902059082e-06
6.310000000000e+01 -4.429550366495e-06
6.320000000000e+01 -3.422528685197e-06
6.330000000000e+01 -2.403372190357e-06
6.340000000000e+01 -1.383427848771e-06
6.350000000000e+01 -3.631238243767e-07
6.360000000000e+01 6.519199716280e-07
6.370000000000e+01 1.651636727334e-06
6.380000000000e+01 2.637343394224e-06
6.390000000000e+01 3.603905162154e-06
6.400000000000e+01 4.544013465127e-06
6.410000000000e+01 5.461514732261e-06
6.420000000000e+01 6.352494403495e-06
6.430000000000e+01 7.212945984118e-06
6.440000000000e+01 8.049146312580e-06
6.450000000000e+01 8.858383395723e-06
6.460000000000e+01 9.639780078772e-06
6.470000000000e+01 1.040137864324e-05
6.480000000000e+01 1.114124478325e-05
6.490000000000e+01 1.186107778130e-05
6.500000000000e+01 1.256975433136e-05
6.510000000000e+01 1.326549878000e-05
6.520000000000e+01 1.395177539947e-05
6.530000000000e+01 1.463715357021e-05
6.540000000000e+01 1.531918036072e-05
6.550000000000e+01 1.600197207135e-05
6.560000000000e+01 1.669241162681e-05
6.570000000000e+01 1.738632734975e-05
6.580000000000e+01 1.808717798516e-05
6.590000000000e+01 1.879876800794e-05
6.600000000000e+01 1.951429753442e-05
6.610000000000e+01 2.023552774679e-05
6.620000000000e+01 2.096235813722e-05
6.630000000000e+01 2.168520648696e-05
6.640000000000e+01 2.240401876028e-05
6.650000000000e+01 2.311512229265e-05
6.660000000000e+01 2.380723061518e-05
6.670000000000e+01 2.447959463617e-05
6.680000000000e+01 2.512656662829e-05
6.690000000000e+01 2.573730844426e-05
6.700000000000e+01 2.631233183231e-05
6.710000000000e+01 2.684622664194e-05
6.720000000000e+01 2.733096202422e-05
6.730000000000e+01 2.777009537267e-05
6.740000000000e+01 2.816018187300e-05
6.750000000000e+01 2.849745448971e-05
6.760000000000e+01 2.878911647224e-05
6.770000000000e+01 2.903406664515e-05
6.780000000000e+01 2.923270829908e-05
6.790000000000e+01 2.939493962689e-05
6.800000000000e+01 2.952095144857e-05
6.810000000000e+01 2.961388581658e-05
6.820000000000e+01 2.968433184777e-05
6.830000000000e+01 2.973199907068e-05
6.840000000000e+01 2.976087247270e-05
6.850000000000e+01 2.978014919968e-05
6.860000000000e+01 2.978753730053e-05
6.870000000000e+01 2.978642018539e-05
6.880000000000e+01 2.978324345369e-05
6.890000000000e+01 2.977306288476e-05
6.900000000000e+01 2.975809040745e-05
6.910000000000e+01 2.974160395615e-05
6.920000000000e+01 2.971623526812e-05
6.930000000000e+01 2.968318114784e-05
6.940000000000e+01 2.964281489558e-05
6.950000000000e+01 2.958610032660e-05
6.960000000000e+01 2.951373871616e-05
6.970000000000e+01 2.942380393005e-05
6.980000000000e+01 2.930658465650e-05
6.990000000000e+01 2.916297515215e-05
7.000000000000e+01 2.898959034558e-05
7.010000000000e+01 2.877723482761e-05
7.020000000000e+01 2.852787757126e-05
7.030000000000e+01 2.823779173241e-05
7.040000000000e+01 2.789969799628e-05
7.050000000000e+01 2.751767968753e-05
7.060000000000e+01 2.708892526711e-05
7.070000000000e+01 2.660941152688e-05
7.080000000000e+01 2.608616030026e-05
7.090000000000e+01 2.551817188762e-05
7.100000000000e+01 2.490537478233e-05
7.110000000000e+01 2.425771292288e-05
7.120000000000e+01 2.357591605059e-05
7.130000000000e+01 2.286335939516e-05
7.140000000000e+01 2.213164770989e-05
7.150000000000e+01 2.138194509974e-05
7.160000000000e+01 2.061936495191e-05
7.170000000000e+01 1.985492547530e-05
7.180000000000e+01 1.908821588413e-05
7.190000000000e+01 1.832390795031e-05
7.200000000000e+01 1.757013187752e-05
7.210000000000e+01 1.682322626990e-05
7.220000000000e+01 1.608587367301e-05
7.230000000000e+01 1.536204541256e-05
7.240000000000e+01 1.464444300339e-05
7.250000000000e+01 1.393362994959e-05
7.260000000000e+01 1.322971782172e-05
7.270000000000e+01 1.252292468287e-05
7.280000000000e+01 1.181293697882e-05
7.290000000000e+01 1.109755601747e-05
7.300000000000e+01 1.036660932519e-05
7.310000000000e+01 9.620734345777e-06
7.320000000000e+01 8.857291494933e-06
7.330000000000e+01 8.067754932282e-06
7.340000000000e+01 7.255157819057e-06
7.350000000000e+01 6.417727181612e-06
7.360000000000e+01 5.549817489092e-06
7.370000000000e+01 4.657372260681e-06
7.380000000000e+01 3.739889930697e-06
7.390000000000e+01 2.794891905549e-06
7.400000000000e+01 1.830879526021e-06
7.410000000000e+01 8.483314790031e-07
7.420000000000e+01 -1.524136181829e-07
7.430000000000e+01 -1.161135665885e-06
7.440000000000e+01 -2.176987391367e-06
7.450000000000e+01 -3.197465111080e-06
7.460000000000e+01 -4.211681381771e-06
7.470000000000e+01 -5.219174338704e-06
7.480000000000e+01 -6.216142956220e-06
7.490000000000e+01 -7.192267838339e-06
7.500000000000e+01 -8.148399829107e-06
7.510000000000e+01 -9.080557844693e-06
7.520000000000e+01 -9.980401469583e-06
7.530000000000e+01 -1.085112749801e-05
7.540000000000e+01 -1.168977089715e-05
7.550000000000e+01 -1.249125391537e-05
7.560000000000e+01 -1.326185072839e-05
7.570000000000e+01 -1.400036376778e-05
7.580000000000e+01 -1.470553853290e-05
7.590000000000e+01 -1.538654460036e-05
7.600000000000e+01 -1.604367507157e-05
7.610000000000e+01 -1.667883281209e-05
7.620000000000e+01 -1.730265887075e-05
7.630000000000e+01 -1.791548709047e-05
7.640000000000e+01 -1.852058420586e-05
7.650000000000e+01 -1.912775143261e-05
7.660000000000e+01 -1.973533277341e-05
7.670000000000e+01 -2.034584444279e-05
7.680000000000e+01 -2.096603935760e-05
7.690000000000e+01 -2.159073324596e-05
7.700000000000e+01 -2.222035401854e-05
7.710000000000e+01 -2.285754181139e-05
7.720000000000e+01 -2.349342900953e-05
7.730000000000e+01 -2.412648321094e-05
7.740000000000e+01 -2.475574907937e-05
7.750000000000e+01 -2.537002969040e-05
7.760000000000e+01 -2.596726384123e-05
7.770000000000e+01 -2.654455998074e-05
7.780000000000e+01 -2.709056652452e-05
7.790000000000e+01 -2.760456909358e-05
7.800000000000e+01 -2.808357711483e-05
7.810000000000e+01 -2.851806842807e-05
7.820000000000e+01 -2.891004515042e-05
7.830000000000e+01 -2.925759145529e-05
7.840000000000e+01 -2.955412585986e-05
7.850000000000e+01 -2.980475636736e-05
7.860000000000e+01 -3.000889354036e-05
7.870000000000e+01 -3.016306838398e-05
7.880000000000e+01 -3.027503889104e-05
7.890000000000e+01 -3.034513525494e-05
7.900000000000e+01 -3.037258540700e-05
7.910000000000e+01 -3.036689460451e-05
7.920000000000e+01 -3.032862959925e-05
7.930000000000e+01 -3.025903478477e-05
7.940000000000e+01 -3.016827704783e-05
7.950000000000e+01 -3.005635786257e-05
7.960000000000e+01 -2.992566417054e-05
7.970000000000e+01 -2.978576608712e-05
7.980000000000e+01 -2.963515174035e-05
7.990000000000e+01 -2.947625382880e-05
8.000000000000e+01 -2.931665118506e-05
8.010000000000e+01 -2.915231402937e-05
8.020000000000e+01 -2.898461403468e-05
8.030000000000e+01 -2.881793732633e-05
8.040000000000e+01 -2.864512193754e-05
8.050000000000e+01 -2.846589407045e-05
8.060000000000e+01 -2.828104641212e-05
8.070000000000e+01 -2.808064312562e-05
8.080000000000e+01 -2.786325047680e-05
8.090000000000e+01 -2.762689952942e-05
8.100000000000e+01 -2.736047093449e-05
8.110000000000e+01 -2.706297304903e-05
8.120000000000e+01 -2.673154860295e-05
8.130000000000e+01 -2.635625715381e-05
8.140000000000e+01 -2.593859059573e-05
8.150000000000e+01 -2.547684175224e-05
8.160000000000e+01 -2.496435503934e-05
8.170000000000e+01 -2.440650064143e-05
8.180000000000e+01 -2.380384490276e-05
8.190000000000e+01 -2.315387295155e-05
8.200000000000e+01 -2.246576657811e-05
8.210000000000e+01 -2.174199193568e-05
8.220000000000e+01 -2.098345836964e-05
8.230000000000e+01 -2.020162621494e-05
8.240000000000e+01 -1.939926668539e-05
8.250000000000e+01 -1.857896800281e-05
8.260000000000e+01 -1.775224871001e-05
8.270000000000e+01 -1.692028675655e-05
8.280000000000e+01 -1.608557296018e-05
8.290000000000e+01 -1.525777462184e-05
8.300000000000e+01 -1.443520635399e-05
8.310000000000e+01 -1.361923647469e-05
8.320000000000e+01 -1.281670659705e-05
8.330000000000e+01 -1.202280907632e-05
8.340000000000e+01 -1.123769696944e-05
8.350000000000e+01 -1.046533223455e-05
8.360000000000e+01 -9.698343566776e-06
8.370000000000e+01 -8.936188730094e-06
8.380000000000e+01 -8.180432092354e-06
8.390000000000e+01 -7.422097194624e-06
8.400000000000e+01 -6.660698754994e-06
8.410000000000e+01 -5.896108582710e-06
8.420000000000e+01 -5.118861397554e-06
8.430000000000e+01 -4.329373728393e-06
8.440000000000e+01 -3.526701236214e-06
8.450000000000e+01 -2.702161431910e-06
8.460000000000e+01 -1.858037564191e-06
8.470000000000e+01 -9.936330334793e-07
8.480000000000e+01 -1.024171050178e-07
8.490000000000e+01 8.104993521227e-07
8.500000000000e+01 1.744556031727e-06
8.510000000000e+01 2.703033687940e-06
8.520000000000e+01 3.677502948679e-06
8.530000000000e+01 4.665741960449e-06
8.540000000000e+01 5.667544998713e-06
8.550000000000e+01 6.671707109986e-06
8.560000000000e+01 7.675039142934e-06
8.570000000000e+01 8.674844913466e-06
8.580000000000e+01 9.658888090167e-06
8.590000000000e+01 1.062475600072e-05
8.600000000000e+01 1.156920139323e-05
8.610000000000e+01 1.248135224296e-05
8.620000000000e+01 1.336160954214e-05
8.630000000000e+01 1.420812016258e-05
8.640000000000e+01 1.501336480634e-05
8.650000000000e+01 1.578179936383e-05
8.660000000000e+01 1.651387361897e-05
8.670000000000e+01 1.720606540073e-05
8.680000000000e+01 1.786660748046e-05
8.690000000000e+01 1.849764279202e-05
8.700000000000e+01 1.909874994206e-05
8.710000000000e+01 1.968025426683e-05
8.720000000000e+01 2.024426136193e-05
8.730000000000e+01 2.079165156498e-05
8.740000000000e+01 2.133260108483e-05
8.750000000000e+01 2.186729342793e-05
8.760000000000e+01 2.239622031151e-05
8.770000000000e+01 2.292761007167e-05
8.780000000000e+01 2.345856962576e-05
8.790000000000e+01 2.398834688114e-05
8.800000000000e+01 2.452240369409e-05
8.810000000000e+01 2.505465543700e-05
8.820000000000e+01 2.558318304277e-05
8.830000000000e+01 2.611075384445e-05
8.840000000000e+01 2.662875976167e-05
8.850000000000e+01 2.713475487340e-05
8.860000000000e+01 2.762936694673e-05
8.870000000000e+01 2.810248311998e-05
8.880000000000e+01 2.855195893516e-05
8.890000000000e+01 2.897702231253e-05
8.900000000000e+01 2.936720951448e-05
8.910000000000e+01 2.972157138547e-05
8.920000000000e+01 3.003882444080e-05
8.930000000000e+01 3.030944209019e-05
8.940000000000e+01 3.053466070702e-05
8.950000000000e+01 3.071372094845e-05
8.960000000000e+01 3.083937832258e-05
8.970000000000e+01 3.091597741673e-05
8.980000000000e+01 3.094419474393e-05
8.990000000000e+01 3.092006928351e-05
9.000000000000e+01 3.085142550428e-05
9.010000000000e+01 3.074060994275e-05
9.020000000000e+01 3.058702461375e-05
9.030000000000e+01 3.040126513534e-05
9.040000000000e+01 3.018646463900e-05
9.050000000000e+01 2.994425189198e-05
9.060000000000e+01 2.968612459034e-05
9.070000000000e+01 2.941414904744e-05
9.080000000000e+01 2.913020961711e-05
9.090000000000e+01 2.884431520676e-05
9.100000000000e+01 2.855546935265e-05
9.110000000000e+01 2.826399242897e-05
9.120000000000e+01 2.797657113954e-05
9.130000000000e+01 2.768808373914e-05
9.140000000000e+01 2.739661815309e-05
9.150000000000e+01 2.710512116678e-05
9.160000000000e+01 2.680484730951e-05
9.170000000000e+01 2.649250110888e-05
9.180000000000e+01 2.616836926736e-05
9.190000000000e+01 2.582191364867e-05
9.200000000000e+01 2.545031445256e-05
9.210000000000e+01 2.505304319256e-05
9.220000000000e+01 2.462001617388e-05
9.230000000000e+01 2.415075623289e-05
9.240000000000e+01 2.364551669502e-05
9.250000000000e+01 2.309635196046e-05
9.260000000000e+01 2.250616334508e-05
9.270000000000e+01 2.187667611028e-05
9.280000000000e+01 2.120275202896e-05
9.290000000000e+01 2.049065259995e-05
9.300000000000e+01 1.974334118778e-05
9.310000000000e+01 1.895830034227e-05
9.320000000000e+01 1.814439070761e-05
9.330000000000e+01 1.730506986635e-05
9.340000000000e+01 1.643982501420e-05
9.350000000000e+01 1.555905230728e-05
9.360000000000e+01 1.466581259511e-05
9.370000000000e+01 1.376083842937e-05
9.380000000000e+01 1.285488493670e-05
9.390000000000e+01 1.194968111446e-05
9.400000000000e+01 1.104631704184e-05
9.410000000000e+01 1.015461575458e-05
9.420000000000e+01 9.273974989024e-06
9.430000000000e+01 8.404844514517e-06
9.440000000000e+01 7.554812276462e-06
9.450000000000e+01 6.720072371781e-06
9.460000000000e+01 5.899633946893e-06
9.470000000000e+01 5.097957915629e-06
9.480000000000e+01 4.307791632158e-06
9.490000000000e+01 3.526647101605e-06
9.500000000000e+01 2.755939402605e-06
9.510000000000e+01 1.985839596645e-06
9.520000000000e+01 1.213426798034e-06
9.530000000000e+01 4.383392853400e-07
9.540000000000e+01 -3.498542137483e-07
9.550000000000e+01 -1.152562795883e-06
9.560000000000e+01 -1.969946868135e-06
9.570000000000e+01 -2.810680020804e-06
9.580000000000e+01 -3.672727935172e-06
9.590000000000e+01 -4.554379746969e-06
9.600000000000e+01 -5.460892359110e-06
9.610000000000e+01 -6.385922947063e-06
9.620000000000e+01 -7.325471343704e-06
9.630000000000e+01 -8.281196593608e-06
9.640000000000e+01 -9.243170935185e-06
9.650000000000e+01 -1.020618817110e-05
9.660000000000e+01 -1.116956639739e-05
9.670000000000e+01 -1.212175429306e-05
9.680000000000e+01 -1.305831544356e-05
9.690000000000e+01 -1.397810501961e-05
9.700000000000e+01 -1.487018506487e-05
9.710000000000e+01 -1.573272456050e-05
9.720000000000e+01 -1.656561001931e-05
9.730000000000e+01 -1.736008473114e-05
9.740000000000e+01 -1.811783941409e-05
9.750000000000e+01 -1.884031891844e-05
9.760000000000e+01 -1.952147162580e-05
9.770000000000e+01 -2.016636974578e-05
9.780000000000e+01 -2.077764434565e-05
9.790000000000e+01 -2.135165760730e-05
9.800000000000e+01 -2.189603262835e-05
9.810000000000e+01 -2.241375441512e-05
9.820000000000e+01 -2.290294363720e-05
9.830000000000e+01 -2.337268364187e-05
9.840000000000e+01 -2.382537982797e-05
9.850000000000e+01 -2.426014526890e-05
9.860000000000e+01 -2.468634501927e-05
9.870000000000e+01 -2.510484718041e-05
9.880000000000e+01 -2.551489058872e-05
9.890000000000e+01 -2.592484829957e-05
9.900000000000e+01 -2.633306370922e-05
9.910000000000e+01 -2.673796465946e-05
9.920000000000e+01 -2.714569613865e-05
9.930000000000e+01 -2.755127847159e-05
9.940000000000e+01 -2.795166081205e-05
9.950000000000e+01 -2.835000463606e-05
9.960000000000e+01 -2.873790836910e-05
9.970000000000e+01 -2.911098191442e-05
9.980000000000e+01 -2.946965842845e-05
9.990000000000e+01 -2.980315851483e-05
1.000000000000e+02 -3.010700116066e-05
1.001000000000e+02 -3.038029500997e-05
1.002000000000e+02 -3.061195369585e-05
1.003000000000e+02 -3.079943835141e-05
1.004000000000e+02 -3.094251147440e-05
1.005000000000e+02 -3.103210051555e-05
1.006000000000e+02 -3.106946475021e-05
1.007000000000e+02 -3.105653843679e-05
1.008000000000e+02 -3.098774356379e-05
1.009000000000e+02 -3.086881338933e-05
1.010000000000e+02 -3.070402847178e-05
1.011000000000e+02 -3.049126263355e-05
1.012000000000e+02 -3.023979909077e-05
1.013000000000e+02 -2.995497291877e-05
1.014000000000e+02 -2.963670655577e-05
1.015000000000e+02 -2.929577136006e-05
1.016000000000e+02 -2.893650181494e-05
1.017000000000e+02 -2.855899211272e-05
1.018000000000e+02 -2.817331189450e-05
1.019000000000e+02 -2.778102230488e-05
1.020000000000e+02 -2.738102120081e-05
1.021000000000e+02 -2.698125732500e-05
1.022000000000e+02 -2.657973816122e-05
1.023000000000e+02 -2.617381728562e-05
1.024000000000e+02 -2.576895628167e-05
1.025000000000e+02 -2.535988017762e-05
1.026000000000e+02 -2.494291779892e-05
1.027000000000e+02 -2.452144009109e-05
1.028000000000e+02 -2.408779564564e-05
1.029000000000e+02 -2.363820965459e-05
1.030000000000e+02 -2.317466532821e-05
1.031000000000e+02 -2.268825327094e-05
1.032000000000e+02 -2.217607548340e-05
1.033000000000e+02 -2.163950274393e-05
1.034000000000e+02 -2.106954880326e-05
1.035000000000e+02 -2.046517354560e-05
1.036000000000e+02 -1.982798774706e-05
1.037000000000e+02 -1.915018177644e-05
1.038000000000e+02 -1.843355161024e-05
1.039000000000e+02 -1.768082038239e-05
1.040000000000e+02 -1.688652030326e-05
1.041000000000e+02 -1.605600681863e-05
1.042000000000e+02 -1.519364740954e-05
1.043000000000e+02 -1.429693617649e-05
1.044000000000e+02 -1.337473771100e-05
1.045000000000e+02 -1.243273846930e-05
1.046000000000e+02 -1.147096537981e-05
1.047000000000e+02 -1.050059637030e-05
1.048000000000e+02 -9.527212597572e-06
1.049000000000e+02 -8.551858496440e-06
1.050000000000e+02 -7.585873043613e-06
1.051000000000e+02 -6.632643696258e-06
1.052000000000e+02 -5.692274968777e-06
1.053000000000e+02 -4.774016445008e-06
1.054000000000e+02 -3.877296912599e-06
1.055000000000e+02 -2.999936291634e-06
1.056000000000e+02 -2.147808923473e-06
1.057000000000e+02 -1.315910498292e-06
1.058000000000e+02 -4.998453478693e-07
1.059000000000e+02 2.976232435906e-07
1.060000000000e+02 1.084820058493e-06
1.061000000000e+02 1.866869154541e-06
1.062000000000e+02 2.642586206318e-06
1.063000000000e+02 3.421478532021e-06
1.064000000000e+02 4.207290774496e-06
1.065000000000e+02 4.998559958553e-06
1.066000000000e+02 5.803859323582e-06
1.067000000000e+02 6.623861528525e-06
1.068000000000e+02 7.455607615887e-06
1.069000000000e+02 8.305477200725e-06
1.070000000000e+02 9.170441870072e-06
1.071000000000e+02 1.004588010821e-05
1.072000000000e+02 1.093577686704e-05
1.073000000000e+02 1.183380397683e-05
1.074000000000e+02 1.273434288413e-05
1.075000000000e+02 1.363948951825e-05
1.076000000000e+02 1.454059424552e-05
1.077000000000e+02 1.543205034799e-05
1.078000000000e+02 1.631481392443e-05
1.079000000000e+02 1.717905961749e-05
1.080000000000e+02 1.802022157492e-05
1.081000000000e+02 1.883890620918e-05
1.082000000000e+02 1.962529698818e-05
1.083000000000e+02 2.037687810076e-05
1.084000000000e+02 2.109474580775e-05
1.085000000000e+02 2.177032635448e-05
1.086000000000e+02 2.240412334516e-05
1.087000000000e+02 2.299853513947e-05
1.088000000000e+02 2.354732704621e-05
1.089000000000e+02 2.405466786954e-05
1.090000000000e+02 2.452466138813e-05
1.091000000000e+02 2.495389502991e-05
1.092000000000e+02 2.535002298452e-05
1.093000000000e+02 2.571834793570e-05
1.094000000000e+02 2.605769757262e-05
1.095000000000e+02 2.637787985755e-05
1.096000000000e+02 2.668382803933e-05
1.097000000000e+02 2.697500993622e-05
1.098000000000e+02 2.726118992451e-05
1.099000000000e+02 2.754482034868e-05
1.100000000000e+02 2.782410448577e-05
1.101000000000e+02 2.810662247306e-05
1.102000000000e+02 2.839070688634e-05
1.103000000000e+02 2.867215626823e-05
1.104000000000e+02 2.895530128834e-05
1.105000000000e+02 2.923409836734e-05
1.106000000000e+02 2.950227088669e-05
1.107000000000e+02 2.976139411083e-05
1.108000000000e+02 3.000235805976e-05
1.109000000000e+02 3.021848500683e-05
1.110000000000e+02 3.041025605297e-05
1.111000000000e+02 3.056769725739e-05
1.112000000000e+02 3.068588733233e-05
1.113000000000e+02 3.076604127428e-05
1.114000000000e+02 3.079936042359e-05
1.115000000000e+02 3.078428670893e-05
1.116000000000e+02 3.072384368693e-05
1.117000000000e+02 3.061150945749e-05
1.118000000000e+02 3.044958007262e-05
1.119000000000e+02 3.024288512618e-05
1.120000000000e+02 2.998722921573e-05
1.121000000000e+02 2.968825218367e-05
1.122000000000e+02 2.935179844868e-05
1.123000000000e+02 2.897540868004e-05
1.124000000000e+02 2.856703587325e-05
1.125000000000e+02 2.813246821971e-05
1.126000000000e+02 2.767020228857e-05
1.127000000000e+02 2.718935619270e-05
1.128000000000e+02 2.669460279987e-05
1.129000000000e+02 2.618460958105e-05
1.130000000000e+02 2.566848808034e-05
1.131000000000e+02 2.514878006220e-05
1.132000000000e+02 2.462351497118e-05
1.133000000000e+02 2.410060479787e-05
1.134000000000e+02 2.357951850687e-05
1.135000000000e+02 2.305691576278e-05
1.136000000000e+02 2.253850592811e-05
1.137000000000e+02 2.202013090167e-05
1.138000000000e+02 2.149682353178e-05
1.139000000000e+02 2.097175920723e-05
1.140000000000e+02 2.043747813420e-05
1.141000000000e+02 1.988807636494e-05
1.142000000000e+02 1.932493567077e-05
1.143000000000e+02 1.873875972919e-05
1.144000000000e+02 1.812441463265e-05
1.145000000000e+02 1.748316856593e-05
1.146000000000e+02 1.680611061077e-05
1.147000000000e+02 1.609099849834e-05
1.148000000000e+02 1.534081624658e-05
1.149000000000e+02 1.454906080789e-05
1.150000000000e+02 1.371787998468e-05
1.151000000000e+02 1.285290648362e-05
1.152000000000e+02 1.195088028666e-05
1.153000000000e+02 1.101837738408e-05
1.154000000000e+02 1.006310127827e-05
1.155000000000e+02 9.084317177896e-06
1.156000000000e+02 8.091545204228e-06
1.157000000000e+02 7.092712590186e-06
1.158000000000e+02 6.087845577148e-06
1.159000000000e+02 5.087164892998e-06
1.160000000000e+02 4.096640146416e-06
1.161000000000e+02 3.115281036073e-06
1.162000000000e+02 2.152066586204e-06
1.163000000000e+02 1.209505121738e-06
1.164000000000e+02 2.846654677076e-07
1.165000000000e+02 -6.156477909883e-07
1.166000000000e+02 -1.492738717616e-06
1.167000000000e+02 -2.351309441863e-06
1.168000000000e+02 -3.186636166976e-06
1.169000000000e+02 -4.003222732827e-06
1.170000000000e+02 -4.806639748447e-06
1.171000000000e+02 -5.593574717766e-06
1.172000000000e+02 -6.370666614134e-06
1.173000000000e+02 -7.143229161813e-06
1.174000000000e+02 -7.908564903618e-06
1.175000000000e+02 -8.674304167412e-06
1.176000000000e+02 -9.444432198571e-06
1.177000000000e+02 -1.021609406573e-05
1.178000000000e+02 -1.099677114229e-05
1.179000000000e+02 -1.178810713043e-05
1.180000000000e+02 -1.258632362255e-05
1.181000000000e+02 -1.339761704713e-05
1.182000000000e+02 -1.422039189582e-05
1.183000000000e+02 -1.504931067246e-05
1.184000000000e+02 -1.588839230110e-05
1.185000000000e+02 -1.673235581119e-05
1.186000000000e+02 -1.757420824737e-05
1.187000000000e+02 -1.841562421352e-05
1.188000000000e+02 -1.924811953831e-05
1.189000000000e+02 -2.006392357979e-05
1.190000000000e+02 -2.086327095584e-05
1.191000000000e+02 -2.163606505331e-05
1.192000000000e+02 -2.237559880486e-05
1.193000000000e+02 -2.308241762140e-05
1.194000000000e+02 -2.374705249218e-05
1.195000000000e+02 -2.436597844762e-05
1.196000000000e+02 -2.494180111406e-05
1.197000000000e+02 -2.546757007878e-05
1.198000000000e+02 -2.594429547499e-05
1.199000000000e+02 -2.637736918437e-05
1.200000000000e+02 -2.676296822928e-05
1.201000000000e+02 -2.710647242137e-05
1.202000000000e+02 -2.741524862708e-05
1.203000000000e+02 -2.768768439730e-05
1.204000000000e+02 -2.793189900731e-05
1.205000000000e+02 -2.815524949922e-05
1.206000000000e+02 -2.835649895401e-05
1.207000000000e+02 -2.854425632582e-05
1.208000000000e+02 -2.872370254186e-05
1.209000000000e+02 -2.889227939663e-05
1.210000000000e+02 -2.905727639318e-05
1.211000000000e+02 -2.922032213771e-05
1.212000000000e+02 -2.937679021703e-05
1.213000000000e+02 -2.953190388127e-05
1.214000000000e+02 -2.968354520891e-05
1.215000000000e+02 -2.982536380452e-05
1.216000000000e+02 -2.996076715432e-05
1.217000000000e+02 -3.008461172100e-05
1.218000000000e+02 -3.018984296265e-05
1.219000000000e+02 -3.027880478313e-05
1.220000000000e+02 -3.034443464819e-05
1.221000000000e+02 -3.038015392448e-05
1.222000000000e+02 -3.038806616862e-05
1.223000000000e+02 -3.036032968788e-05
1.224000000000e+02 -3.029193935290e-05
1.225000000000e+02 -3.018552445489e-05
1.226000000000e+02 -3.003358359462e-05
1.227000000000e+02 -2.983369708432e-05
1.228000000000e+02 -2.958975283008e-05
1.229000000000e+02 -2.929567107033e-05
1.230000000000e+02 -2.895247654990e-05
1.231000000000e+02 -2.856586252375e-05
1.232000000000e+02 -2.813195548734e-05
1.233000000000e+02 -2.765556922702e-05
1.234000000000e+02 -2.714414626986e-05
1.235000000000e+02 -2.659603011401e-05
1.236000000000e+02 -2.601920249343e-05
1.237000000000e+02 -2.542180584167e-05
1.238000000000e+02 -2.480335319255e-05
1.239000000000e+02 -2.417329862029e-05
1.240000000000e+02 -2.353854102863e-05
1.241000000000e+02 -2.289796982129e-05
1.242000000000e+02 -2.226029059316e-05
1.243000000000e+02 -2.162907320525e-05
1.244000000000e+02 -2.100094574394e-05
1.245000000000e+02 -2.038213426486e-05
1.246000000000e+02 -1.977169641167e-05
1.247000000000e+02 -1.916349844229e-05
1.248000000000e+02 -1.856091650328e-05
1.249000000000e+02 -1.795887630553e-05
1.250000000000e+02 -1.734952316672e-05
1.251000000000e+02 -1.673449929944e-05
1.252000000000e+02 -1.610636395785e-05
1.253000000000e+02 -1.545764962557e-05
1.254000000000e+02 -1.479015696542e-05
1.255000000000e+02 -1.409631459002e-05
1.256000000000e+02 -1.337118000146e-05
1.257000000000e+02 -1.261831505566e-05
1.258000000000e+02 -1.183168365418e-05
1.259000000000e+02 -1.101010614673e-05
1.260000000000e+02 -1.015947691331e-05
1.261000000000e+02 -9.275852228122e-06
1.262000000000e+02 -8.361859115398e-06
1.263000000000e+02 -7.425210294733e-06
1.264000000000e+02 -6.463658674832e-06
1.265000000000e+02 -5.482819256623e-06
1.266000000000e+02 -4.491101027661e-06
1.267000000000e+02 -3.487125203692e-06
1.268000000000e+02 -2.478358381396e-06
1.269000000000e+02 -1.472679406241e-06
1.270000000000e+02 -4.687353809441e-07
1.271000000000e+02 5.252847918678e-07
1.272000000000e+02 1.503146680330e-06
1.273000000000e+02 2.466934758228e-06
1.274000000000e+02 3.408827311908e-06
1.275000000000e+02 4.325245350884e-06
1.276000000000e+02 5.219696649102e-06
1.277000000000e+02 6.085753021643e-06
1.278000000000e+02 6.923298557744e-06
1.279000000000e+02 7.737723636299e-06
1.280000000000e+02 8.524660757678e-06
1.281000000000e+02 9.287703675054e-06
1.282000000000e+02 1.003391683673e-05
1.283000000000e+02 1.076085400768e-05
1.284000000000e+02 1.147506402878e-05
1.285000000000e+02 1.218407989865e-05
1.286000000000e+02 1.288620061947e-05
1.287000000000e+02 1.358915580327e-05
1.288000000000e+02 1.429892632937e-05
1.289000000000e+02 1.501274767482e-05
1.290000000000e+02 1.573735664236e-05
1.291000000000e+02 1.647516317138e-05
1.292000000000e+02 1.722083798641e-05
1.293000000000e+02 1.797858403853e-05
1.294000000000e+02 1.874624649308e-05
1.295000000000e+02 1.951567406976e-05
1.296000000000e+02 2.028841796550e-05
1.297000000000e+02 2.105835872995e-05
1.298000000000e+02 2.181579512028e-05
1.299000000000e+02 2.256093678099e-05
1.300000000000e+02 2.328559350280e-05
1.301000000000e+02 2.398073365395e-05
1.302000000000e+02 2.464716666233e-05
1.303000000000e+02 2.527684261683e-05
1.304000000000e+02 2.586349815986e-05
1.305000000000e+02 2.641004730881e-05
1.306000000000e+02 2.691009982961e-05
1.307000000000e+02 2.736126300359e-05
1.308000000000e+02 2.776895724511e-05
1.309000000000e+02 2.812883272537e-05
1.310000000000e+02 2.844227267740e-05
1.311000000000e+02 2.871654550646e-05
1.312000000000e+02 2.894881631286e-05
1.313000000000e+02 2.914335395106e-05
1.314000000000e+02 2.930807135519e-05
1.315000000000e+02 2.944076929749e-05
1.316000000000e+02 2.954746074488e-05
1.317000000000e+02 2.963545582804e-05
1.318000000000e+02 2.970234875431e-05
1.319000000000e+02 2.975480002826e-05
1.320000000000e+02 2.979840638309e-05
1.321000000000e+02 2.982982848433e-05
1.322000000000e+02 2.985533152281e-05
1.323000000000e+02 2.987781779849e-05
1.324000000000e+02 2.989237751218e-05
1.325000000000e+02 2.990394163530e-05
1.326000000000e+02 2.991197313872e-05
1.327000000000e+02 2.990964880701e-05
1.328000000000e+02 2.990002950071e-05
1.329000000000e+02 2.987901784768e-05
1.330000000000e+02 2.983824734834e-05
1.331000000000e+02 2.977921970169e-05
1.332000000000e+02 2.969516909568e-05
1.333000000000e+02 2.957755313033e-05
1.334000000000e+02 2.942761941032e-05
1.335000000000e+02 2.923778666205e-05
1.336000000000e+02 2.900142721898e-05
1.337000000000e+02 2.872135223235e-05
1.338000000000e+02 2.839128005042e-05
1.339000000000e+02 2.800844398670e-05
1.340000000000e+02 2.757857663589e-05
1.341000000000e+02 2.709804439028e-05
1.342000000000e+02 2.656874403923e-05
1.343000000000e+02 2.599935485057e-05
1.344000000000e+02 2.538876728218e-05
1.345000000000e+02 2.474273934157e-05
1.346000000000e+02 2.407141942910e-05
1.347000000000e+02 2.337474192181e-05
1.348000000000e+02 2.266033643505e-05
1.349000000000e+02 2.193752091892e-05
1.350000000000e+02 2.120531592265e-05
1.351000000000e+02 2.047106847019e-05
1.352000000000e+02 1.974123782074e-05
1.353000000000e+02 1.901255009309e-05
1.354000000000e+02 1.829071829742e-05
1.355000000000e+02 1.757839520711e-05
1.356000000000e+02 1.686978766825e-05
1.357000000000e+02 1.616878213052e-05
1.358000000000e+02 1.547445725064e-05
1.359000000000e+02 1.477930637022e-05
1.360000000000e+02 1.408604129141e-05
1.361000000000e+02 1.339112818254e-05
1.362000000000e+02 1.268662127623e-05
1.363000000000e+02 1.197498640112e-05
1.364000000000e+02 1.125121862562e-05
1.365000000000e+02 1.050819913623e-05
1.366000000000e+02 9.748983826759e-06
1.367000000000e+02 8.968161631208e-06
1.368000000000e+02 8.160538229889e-06
1.369000000000e+02 7.330460787419e-06
1.370000000000e+02 6.473095571970e-06
1.371000000000e+02 5.586126088340e-06
1.372000000000e+02 4.675763370867e-06
1.373000000000e+02 3.738600819053e-06
1.374000000000e+02 2.775868951036e-06
1.375000000000e+02 1.795868915994e-06
1.376000000000e+02 7.970149020264e-07
1.377000000000e+02 -2.159208111079e-07
1.378000000000e+02 -1.233082292950e-06
1.379000000000e+02 -2.254713309869e-06
1.380000000000e+02 -3.273527153027e-06
1.381000000000e+02 -4.279631342842e-06
1.382000000000e+02 -5.273353618182e-06
1.383000000000e+02 -6.246806534903e-06
1.384000000000e+02 -7.192207134464e-06
1.385000000000e+02 -8.111775819078e-06
1.386000000000e+02 -8.999065514065e-06
1.387000000000e+02 -9.850255140349e-06
1.388000000000e+02 -1.067066560964e-05
1.389000000000e+02 -1.145643551517e-05
1.390000000000e+02 -1.220831514249e-05
1.391000000000e+02 -1.293452197309e-05
1.392000000000e+02 -1.363342247676e-05
1.393000000000e+02 -1.430935154865e-05
1.394000000000e+02 -1.497176077729e-05
1.395000000000e+02 -1.561962039739e-05
1.396000000000e+02 -1.625879155900e-05
1.397000000000e+02 -1.689761621117e-05
1.398000000000e+02 -1.753372308755e-05
1.399000000000e+02 -1.817243406533e-05
1.400000000000e+02 -1.881905343233e-05
1.401000000000e+02 -1.946863349234e-05
1.402000000000e+02 -2.012479758467e-05
1.403000000000e+02 -2.078903172616e-05
1.404000000000e+02 -2.145377955632e-05
1.405000000000e+02 -2.212096913664e-05
1.406000000000e+02 -2.278865079543e-05
1.407000000000e+02 -2.344760982205e-05
1.408000000000e+02 -2.409886011953e-05
1.409000000000e+02 -2.473804846695e-05
1.410000000000e+02 -2.535565013936e-05
1.411000000000e+02 -2.595274507066e-05
1.412000000000e+02 -2.652372188977e-05
1.413000000000e+02 -2.706002979030e-05
1.414000000000e+02 -2.756365694480e-05
1.415000000000e+02 -2.802876764028e-05
1.416000000000e+02 -2.844888146992e-05
1.417000000000e+02 -2.882757418818e-05
1.418000000000e+02 -2.915972105085e-05
1.419000000000e+02 -2.944183898337e-05
1.420000000000e+02 -2.967961007213e-05
1.421000000000e+02 -2.986938769598e-05
1.422000000000e+02 -3.001128608151e-05
1.423000000000e+02 -3.011321359278e-05
1.424000000000e+02 -3.017325775718e-05
1.425000000000e+02 -3.019501267131e-05
1.426000000000e+02 -3.018792731803e-05
1.427000000000e+02 -3.015119623255e-05
1.428000000000e+02 -3.009075144477e-05
1.429000000000e+02 -3.001594059975e-05
1.430000000000e+02 -2.992554698060e-05
1.431000000000e+02 -2.982589814210e-05
1.432000000000e+02 -2.972407860664e-05
1.433000000000e+02 -2.961669077545e-05
1.434000000000e+02 -2.950853001120e-05
1.435000000000e+02 -2.940268734127e-05
1.436000000000e+02 -2.929255937348e-05
1.437000000000e+02 -2.918049036364e-05
1.438000000000e+02 -2.906518619976e-05
1.439000000000e+02 -2.893728046798e-05
1.440000000000e+02 -2.879726910240e-05
1.441000000000e+02 -2.864064493033e-05
1.442000000000e+02 -2.845712313143e-05
1.443000000000e+02 -2.824711253204e-05
1.444000000000e+02 -2.800501133920e-05
1.445000000000e+02 -2.772199283188e-05
1.446000000000e+02 -2.740030350403e-05
1.447000000000e+02 -2.703521545367e-05
1.448000000000e+02 -2.662118120142e-05
1.449000000000e+02 -2.616337360884e-05
1.450000000000e+02 -2.565890780158e-05
1.451000000000e+02 -2.510613090054e-05
1.452000000000e+02 -2.451299682941e-05
1.453000000000e+02 -2.387827817615e-05
1.454000000000e+02 -2.320370577373e-05
1.455000000000e+02 -2.249893740764e-05
1.456000000000e+02 -2.176351211293e-05
1.457000000000e+02 -2.100145976710e-05
1.458000000000e+02 -2.022274523153e-05
1.459000000000e+02 -1.942665871303e-05
1.460000000000e+02 -1.861839991785e-05
1.461000000000e+02 -1.780695555529e-05
1.462000000000e+02 -1.699053461403e-05
1.463000000000e+02 -1.617451718647e-05
1.464000000000e+02 -1.536583192158e-05
1.465000000000e+02 -1.456095927126e-05
1.466000000000e+02 -1.376458640312e-05
1.467000000000e+02 -1.298069542497e-05
1.468000000000e+02 -1.220358535108e-05
1.469000000000e+02 -1.143658280546e-05
1.470000000000e+02 -1.068020295345e-05
1.471000000000e+02 -9.926561381814e-06
1.472000000000e+02 -9.177506407932e-06
1.473000000000e+02 -8.430326240981e-06
1.474000000000e+02 -7.675785763314e-06
1.475000000000e+02 -6.915033978988e-06
1.476000000000e+02 -6.143381184601e-06
1.477000000000e+02 -5.351992887233e-06
1.478000000000e+02 -4.542919087518e-06
1.479000000000e+02 -3.711442068605e-06
1.480000000000e+02 -2.851287397212e-06
1.481000000000e+02 -1.967113495971e-06
1.482000000000e+02 -1.055971964958e-06
1.483000000000e+02 -1.157345846591e-07
1.484000000000e+02 8.455000699940e-07
1.485000000000e+02 1.828233504592e-06
1.486000000000e+02 2.830274188195e-06
1.487000000000e+02 3.840768052813e-06
1.488000000000e+02 4.858607703221e-06
1.489000000000e+02 5.878636006932e-06
1.490000000000e+02 6.889249486234e-06
1.491000000000e+02 7.889619460598e-06
1.492000000000e+02 8.873778857249e-06
1.493000000000e+02 9.831764738653e-06
1.494000000000e+02 1.076491433429e-05
1.495000000000e+02 1.166830751863e-05
1.496000000000e+02 1.253532687643e-05
1.497000000000e+02 1.337041088459e-05
1.498000000000e+02 1.417046585407e-05
1.499000000000e+02 1.493267202117e-05
1.500000000000e+02 1.566425980650e-05
1.501000000000e+02 1.636360456648e-05
1.502000000000e+02 1.703105902584e-05
1.503000000000e+02 1.767546202786e-05
1.504000000000e+02 1.829567656910e-05
1.505000000000e+02 1.889411474195e-05
1.506000000000e+02 1.947979771526e-05
1.507000000000e+02 2.005104759402e-05
1.508000000000e+02 2.061123784382e-05
1.509000000000e+02 2.116830580216e-05
1.510000000000e+02 2.171922492757e-05
1.511000000000e+02 2.226740259970e-05
1.512000000000e+02 2.281865049969e-05
1.513000000000e+02 2.336799423996e-05
1.514000000000e+02 2.391808239984e-05
1.515000000000e+02 2.447176981288e-05
1.516000000000e+02 2.502176286760e-05
1.517000000000e+02 2.556940104015e-05
1.518000000000e+02 2.611416325870e-05
1.519000000000e+02 2.664656727813e-05
1.520000000000e+02 2.716668434298e-05
1.521000000000e+02 2.767099044057e-05
1.522000000000e+02 2.814880303482e-05
1.523000000000e+02 2.859986543255e-05
1.524000000000e+02 2.901900605600e-05
1.525000000000e+02 2.939620561588e-05
1.526000000000e+02 2.973255254298e-05
1.527000000000e+02 3.002318562210e-05
1.528000000000e+02 3.026089428400e-05
1.529000000000e+02 3.044975721435e-05
1.530000000000e+02 3.058688334984e-05
1.531000000000e+02 3.066930762250e-05
1.532000000000e+02 3.070474148237e-05
1.533000000000e+02 3.069270725785e-05
1.534000000000e+02 3.063445652122e-05
1.535000000000e+02 3.054042678201e-05
1.536000000000e+02 3.041150233873e-05
1.537000000000e+02 3.025164200631e-05
1.538000000000e+02 3.007187935283e-05
1.539000000000e+02 2.987248388274e-05
1.540000000000e+02 2.965796781993e-05
1.541000000000e+02 2.943759240100e-05
1.542000000000e+02 2.920919690521e-05
1.543000000000e+02 2.897613347776e-05
1.544000000000e+02 2.874433593199e-05
1.545000000000e+02 2.850845099885e-05
1.546000000000e+02 2.827010082445e-05
1.547000000000e+02 2.803161589863e-05
1.548000000000e+02 2.778493660912e-05
1.549000000000e+02 2.753048998533e-05
1.550000000000e+02 2.726774715309e-05
1.551000000000e+02 2.698722902186e-05
1.552000000000e+02 2.668924140590e-05
1.553000000000e+02 2.637154088210e-05
1.554000000000e+02 2.602468061094e-05
1.555000000000e+02 2.564989400761e-05
1.556000000000e+02 2.524428939862e-05
1.557000000000e+02 2.479970652618e-05
1.558000000000e+02 2.431908837214e-05
1.559000000000e+02 2.379976820534e-05
1.560000000000e+02 2.323587759226e-05
1.561000000000e+02 2.263263111324e-05
1.562000000000e+02 2.198830129254e-05
1.563000000000e+02 2.130008727907e-05
1.564000000000e+02 2.057576770494e-05
1.565000000000e+02 1.981499031564e-05
1.566000000000e+02 1.901834428481e-05
1.567000000000e+02 1.819591678512e-05
1.568000000000e+02 1.734853483710e-05
1.569000000000e+02 1.647967971842e-05
1.570000000000e+02 1.560061553086e-05
1.571000000000e+02 1.471226579698e-05
1.572000000000e+02 1.381955736656e-05
1.573000000000e+02 1.293298111804e-05
1.574000000000e+02 1.205183129259e-05
1.575000000000e+02 1.118054183151e-05
1.576000000000e+02 1.032672591529e-05
1.577000000000e+02 9.486488035867e-06
1.578000000000e+02 8.662272721702e-06
1.579000000000e+02 7.857541048003e-06
1.580000000000e+02 7.064770706806e-06
1.581000000000e+02 6.284209146321e-06
1.582000000000e+02 5.515411090380e-06
1.583000000000e+02 4.748341539316e-06
1.584000000000e+02 3.982312026731e-06
1.585000000000e+02 3.214606936233e-06
1.586000000000e+02 2.434919407217e-06
1.587000000000e+02 1.643666807851e-06
1.588000000000e+02 8.380005489329e-07
1.589000000000e+02 9.658122261950e-09
1.590000000000e+02 -8.381134425860e-07
1.591000000000e+02 -1.706745872221e-06
1.592000000000e+02 -2.601065676398e-06
1.593000000000e+02 -3.514415871477e-06
1.594000000000e+02 -4.446458736801e-06
1.595000000000e+02 -5.398488806818e-06
1.596000000000e+02 -6.361096651717e-06
1.597000000000e+02 -7.332881236028e-06
1.598000000000e+02 -8.312462852915e-06
1.599000000000e+02 -9.289064271857e-06
1.600000000000e+02 -1.026138068036e-05
1.601000000000e+02 -1.122652753841e-05
1.602000000000e+02 -1.217383329146e-05
1.603000000000e+02 -1.310315181750e-05
1.604000000000e+02 -1.401112932701e-05
1.605000000000e+02 -1.488842940523e-05
1.606000000000e+02 -1.573683523063e-05
1.607000000000e+02 -1.655333987095e-05
1.608000000000e+02 -1.733091993698e-05
1.609000000000e+02 -1.807380768504e-05
1.610000000000e+02 -1.877998544216e-05
1.611000000000e+02 -1.944546366323e-05
1.612000000000e+02 -2.007714421535e-05
1.613000000000e+02 -2.067432217262e-05
1.614000000000e+02 -2.123627263578e-05
1.615000000000e+02 -2.177219713534e-05
1.616000000000e+02 -2.228236365783e-05
1.617000000000e+02 -2.276870145288e-05
1.618000000000e+02 -2.324145525589e-05
1.619000000000e+02 -2.370066150082e-05
1.620000000000e+02 -2.414939075311e-05
1.621000000000e+02 -2.459692591312e-05
1.622000000000e+02 -2.504132093552e-05
1.623000000000e+02 -2.548490318873e-05
1.624000000000e+02 -2.593396108002e-05
1.625000000000e+02 -2.638312672871e-05
1.626000000000e+02 -2.683267403827e-05
1.627000000000e+02 -2.728481827023e-05
1.628000000000e+02 -2.773055038052e-05
1.629000000000e+02 -2.816814453335e-05
1.630000000000e+02 -2.859620717303e-05
1.631000000000e+02 -2.900341926915e-05
1.632000000000e+02 -2.938751839363e-05
1.633000000000e+02 -2.974527029962e-05
1.634000000000e+02 -3.006538255790e-05
1.635000000000e+02 -3.034715871705e-05
1.636000000000e+02 -3.058763071314e-05
1.637000000000e+02 -3.077779022813e-05
1.638000000000e+02 -3.092013370687e-05
1.639000000000e+02 -3.101334602747e-05
1.640000000000e+02 -3.105193321426e-05
1.641000000000e+02 -3.104199284855e-05
1.642000000000e+02 -3.098401353593e-05
1.643000000000e+02 -3.087594569302e-05
1.644000000000e+02 -3.072668214980e-05
1.645000000000e+02 -3.053765817558e-05
1.646000000000e+02 -3.030932438396e-05
1.647000000000e+02 -3.005191722986e-05
1.648000000000e+02 -2.976659809938e-05
1.649000000000e+02 -2.945514891273e-05
1.650000000000e+02 -2.912768265879e-05
1.651000000000e+02 -2.878403321691e-05
1.652000000000e+02 -2.842633042769e-05
1.653000000000e+02 -2.806337349028e-05
1.654000000000e+02 -2.769293601151e-05
1.655000000000e+02 -2.731675280421e-05
1.656000000000e+02 -2.694138302377e-05
1.657000000000e+02 -2.656207354070e-05
1.658000000000e+02 -2.617961371006e-05
1.659000000000e+02 -2.579767738188e-05
1.660000000000e+02 -2.540884990706e-05
1.661000000000e+02 -2.501278019127e-05
1.662000000000e+02 -2.461013267410e-05
1.663000000000e+02 -2.419133129492e-05
1.664000000000e+02 -2.375537766599e-05
1.665000000000e+02 -2.330065737071e-05
1.666000000000e+02 -2.281681247333e-05
1.667000000000e+02 -2.230352601834e-05
1.668000000000e+02 -2.175847821809e-05
1.669000000000e+02 -2.117258039563e-05
1.670000000000e+02 -2.054796343252e-05
1.671000000000e+02 -1.988342342672e-05
1.672000000000e+02 -1.917308795179e-05
1.673000000000e+02 -1.842284627437e-05
1.674000000000e+02 -1.763372469139e-05
1.675000000000e+02 -1.680394860516e-05
1.676000000000e+02 -1.594316796349e-05
1.677000000000e+02 -1.505433459765e-05
1.678000000000e+02 -1.413909738846e-05
1.679000000000e+02 -1.320934155212e-05
1.680000000000e+02 -1.226829821416e-05
1.681000000000e+02 -1.131916602550e-05
1.682000000000e+02 -1.037365910454e-05
1.683000000000e+02 -9.433155420491e-06
1.684000000000e+02 -8.500351840280e-06
1.685000000000e+02 -7.584619535671e-06
1.686000000000e+02 -6.683971794290e-06
1.687000000000e+02 -5.799395710027e-06
1.688000000000e+02 -4.936866373042e-06
1.689000000000e+02 -4.090799419270e-06
1.690000000000e+02 -3.260526726616e-06
1.691000000000e+02 -2.448856722887e-06
1.692000000000e+02 -1.647554175297e-06
1.693000000000e+02 -8.552913091492e-07
1.694000000000e+02 -7.273190304976e-08
1.695000000000e+02 7.095077499754e-07
1.696000000000e+02 1.492147592058e-06
1.697000000000e+02 2.275513164249e-06
1.698000000000e+02 3.068688894760e-06
1.699000000000e+02 3.870752901172e-06
1.700000000000e+02 4.682099614147e-06
1.701000000000e+02 5.510375280631e-06
1.702000000000e+02 6.352326803292e-06
1.703000000000e+02 7.207755734066e-06
1.704000000000e+02 8.082008136040e-06
1.705000000000e+02 8.969095707560e-06
1.706000000000e+02 9.867779228523e-06
1.707000000000e+02 1.078054300899e-05
1.708000000000e+02 1.169862795302e-05
1.709000000000e+02 1.261969592652e-05
1.710000000000e+02 1.354336653361e-05
1.711000000000e+02 1.445873916513e-05
1.712000000000e+02 1.536303242764e-05
1.713000000000e+02 1.625385137510e-05
1.714000000000e+02 1.711965786098e-05
1.715000000000e+02 1.795867270514e-05
1.716000000000e+02 1.876811642903e-05
1.717000000000e+02 1.953790139069e-05
1.718000000000e+02 2.026902089978e-05
1.719000000000e+02 2.096006031519e-05
1.720000000000e+02 2.160422888095e-05
1.721000000000e+02 2.220647552169e-05
1.722000000000e+02 2.276766430855e-05
1.723000000000e+02 2.328498836952e-05
1.724000000000e+02 2.376714441745e-05
1.725000000000e+02 2.421673581323e-05
1.726000000000e+02 2.463407463211e-05
1.727000000000e+02 2.502991160840e-05
1.728000000000e+02 2.540678951548e-05
1.729000000000e+02 2.576619081609e-05
1.730000000000e+02 2.611848637658e-05
1.731000000000e+02 2.646402901155e-05
1.732000000000e+02 2.680351345346e-05
1.733000000000e+02 2.714487659315e-05
1.734000000000e+02 2.748491606507e-05
1.735000000000e+02 2.782253176168e-05
1.736000000000e+02 2.816237137161e-05
1.737000000000e+02 2.849763346194e-05
1.738000000000e+02 2.882569804443e-05
1.739000000000e+02 2.914832170780e-05
1.740000000000e+02 2.945619449261e-05
1.741000000000e+02 2.974630885954e-05
1.742000000000e+02 3.001863221525e-05
1.743000000000e+02 3.026290048406e-05
1.744000000000e+02 3.047703369625e-05
1.745000000000e+02 3.066035757108e-05
1.746000000000e+02 3.080308168700e-05
1.747000000000e+02 3.090507787686e-05
1.748000000000e+02 3.096589425916e-05
1.749000000000e+02 3.097730852986e-05
1.750000000000e+02 3.094179858719e-05
1.751000000000e+02 3.085972535556e-05
1.752000000000e+02 3.072524167164e-05
1.753000000000e+02 3.054378323175e-05
1.754000000000e+02 3.031687913337e-05
1.755000000000e+02 3.004154238767e-05
1.756000000000e+02 2.972611675692e-05
1.757000000000e+02 2.937322967522e-05
1.758000000000e+02 2.898264947346e-05
1.759000000000e+02 2.856487860359e-05
1.760000000000e+02 2.812284880148e-05
1.761000000000e+02 2.765812756488e-05
1.762000000000e+02 2.718178146519e-05
1.763000000000e+02 2.669550275890e-05
1.764000000000e+02 2.620100327612e-05
1.765000000000e+02 2.570782107888e-05
1.766000000000e+02 2.521466447204e-05
1.767000000000e+02 2.472174568301e-05
1.768000000000e+02 2.423535505911e-05
1.769000000000e+02 2.375019252926e-05
1.770000000000e+02 2.326427665271e-05
1.771000000000e+02 2.278017803154e-05
1.772000000000e+02 2.228901383680e-05
1.773000000000e+02 2.178738846806e-05
1.774000000000e+02 2.127521011661e-05
1.775000000000e+02 2.074186606117e-05
1.776000000000e+02 2.018449027661e-05
1.777000000000e+02 1.960233680632e-05
1.778000000000e+02 1.898551260210e-05
1.779000000000e+02 1.833379107826e-05
1.780000000000e+02 1.764762747801e-05
1.781000000000e+02 1.691976809991e-05
1.782000000000e+02 1.615384374169e-05
1.783000000000e+02 1.535230821124e-05
1.784000000000e+02 1.451120617355e-05
1.785000000000e+02 1.363788147336e-05
1.786000000000e+02 1.273631396086e-05
1.787000000000e+02 1.180528925509e-05
1.788000000000e+02 1.085465094750e-05
1.789000000000e+02 9.888644454635e-06
1.790000000000e+02 8.907633390178e-06
1.791000000000e+02 7.922374459194e-06
1.792000000000e+02 6.936032679530e-06
1.793000000000e+02 5.949425163368e-06
1.794000000000e+02 4.972825021298e-06
1.795000000000e+02 4.007313818973e-06
1.796000000000e+02 3.053359097165e-06
1.797000000000e+02 2.119710757020e-06
1.798000000000e+02 1.204753002994e-06
1.799000000000e+02 3.080879685755e-07
1.800000000000e+02 -5.638032232627e-07
1.801000000000e+02 -1.415532868086e-06
1.802000000000e+02 -2.248622659708e-06
1.803000000000e+02 -3.059264421285e-06
1.804000000000e+02 -3.854929681101e-06
1.805000000000e+02 -4.638067491167e-06
1.806000000000e+02 -5.407331606458e-06
1.807000000000e+02 -6.172196070926e-06
1.808000000000e+02 -6.935108189518e-06
1.809000000000e+02 -7.696136762193e-06
1.810000000000e+02 -8.465081300741e-06
1.811000000000e+02 -9.242771809607e-06
1.812000000000e+02 -1.002903136995e-05
1.813000000000e+02 -1.083191970823e-05
1.814000000000e+02 -1.164895356874e-05
1.815000000000e+02 -1.247819625211e-05
1.816000000000e+02 -1.332440030568e-05
1.817000000000e+02 -1.418092191160e-05
1.818000000000e+02 -1.504360658818e-05
1.819000000000e+02 -1.591365500870e-05
1.820000000000e+02 -1.678091328638e-05
1.821000000000e+02 -1.764002843958e-05
1.822000000000e+02 -1.848989956503e-05
1.823000000000e+02 -1.931886355172e-05
1.824000000000e+02 -2.012244719180e-05
1.825000000000e+02 -2.089929956899e-05
1.826000000000e+02 -2.163869885796e-05
1.827000000000e+02 -2.233912949772e-05
1.828000000000e+02 -2.300073808962e-05
1.829000000000e+02 -2.361552091434e-05
1.830000000000e+02 -2.418598757779e-05
1.831000000000e+02 -2.471437639786e-05
1.832000000000e+02 -2.519587212580e-05
1.833000000000e+02 -2.563669740909e-05
1.834000000000e+02 -2.604052406675e-05
1.835000000000e+02 -2.640503123961e-05
1.836000000000e+02 -2.673884227963e-05
1.837000000000e+02 -2.704570745503e-05
1.838000000000e+02 -2.732460038363e-05
1.839000000000e+02 -2.758495454325e-05
1.840000000000e+02 -2.782924518751e-05
1.841000000000e+02 -2.805666219874e-05
1.842000000000e+02 -2.827611022513e-05
1.843000000000e+02 -2.848782924459e-05
1.844000000000e+02 -2.869050410988e-05
1.845000000000e+02 -2.889154428442e-05
1.846000000000e+02 -2.908839742320e-05
1.847000000000e+02 -2.927882040010e-05
1.848000000000e+02 -2.946806346046e-05
1.849000000000e+02 -2.965055397215e-05
1.850000000000e+02 -2.982297602671e-05
1.851000000000e+02 -2.998811564832e-05
1.852000000000e+02 -3.013762092323e-05
1.853000000000e+02 -3.026744095088e-05
1.854000000000e+02 -3.037822891903e-05
1.855000000000e+02 -3.045983171944e-05
1.856000000000e+02 -3.050853175864e-05
1.857000000000e+02 -3.052399776031e-05
1.858000000000e+02 -3.049602290302e-05
1.859000000000e+02 -3.042291475471e-05
1.860000000000e+02 -3.030501820999e-05
1.861000000000e+02 -3.013411166704e-05
1.862000000000e+02 -2.991216580856e-05
1.863000000000e+02 -2.964158397778e-05
1.864000000000e+02 -2.931753910007e-05
1.865000000000e+02 -2.894633924385e-05
1.866000000000e+02 -2.853267447726e-05
1.867000000000e+02 -2.807513647183e-05
1.868000000000e+02 -2.758351805538e-05
1.869000000000e+02 -2.706355524847e-05
1.870000000000e+02 -2.651584982797e-05
1.871000000000e+02 -2.595155659341e-05
1.872000000000e+02 -2.537528401836e-05
1.873000000000e+02 -2.478757540947e-05
1.874000000000e+02 -2.419853773128e-05
1.875000000000e+02 -2.360963611946e-05
1.876000000000e+02 -2.301974984403e-05
1.877000000000e+02 -2.243632864540e-05
1.878000000000e+02 -2.185679964706e-05
1.879000000000e+02 -2.127799907254e-05
1.880000000000e+02 -2.070445055492e-05
1.881000000000e+02 -2.013002750347e-05
1.882000000000e+02 -1.955036791196e-05
1.883000000000e+02 -1.896789836699e-05
1.884000000000e+02 -1.837434344703e-05
1.885000000000e+02 -1.776558775551e-05
1.886000000000e+02 -1.714319256503e-05
1.887000000000e+02 -1.649832005437e-05
1.888000000000e+02 -1.582845431794e-05
1.889000000000e+02 -1.513532278891e-05
1.890000000000e+02 -1.441080460183e-05
1.891000000000e+02 -1.365490024280e-05
1.892000000000e+02 -1.287014370874e-05
1.893000000000e+02 -1.205002091294e-05
1.894000000000e+02 -1.119755146721e-05
1.895000000000e+02 -1.031640713702e-05
1.896000000000e+02 -9.402264042448e-06
1.897000000000e+02 -8.461317278652e-06
1.898000000000e+02 -7.498409483921e-06
1.899000000000e+02 -6.511607350529e-06
1.900000000000e+02 -5.509941805564e-06
1.901000000000e+02 -4.498948924965e-06
1.902000000000e+02 -3.478634966216e-06
1.903000000000e+02 -2.459779793449e-06
1.904000000000e+02 -1.447409229241e-06
1.905000000000e+02 -4.422382704153e-07
1.906000000000e+02 5.450203194299e-07
1.907000000000e+02 1.511594966836e-06
1.908000000000e+02 2.457711536786e-06
1.909000000000e+02 3.374709172408e-06
1.910000000000e+02 4.263639199511e-06
1.911000000000e+02 5.126903614605e-06
1.912000000000e+02 5.959133285920e-06
1.913000000000e+02 6.765697099649e-06
1.914000000000e+02 7.551170851534e-06
1.915000000000e+02 8.313286823170e-06
1.916000000000e+02 9.060685529356e-06
1.917000000000e+02 9.798674138315e-06
1.918000000000e+02 1.052653589925e-05
1.919000000000e+02 1.125396960197e-05
1.920000000000e+02 1.198477264480e-05
1.921000000000e+02 1.271772298604e-05
1.922000000000e+02 1.346123850287e-05
1.923000000000e+02 1.421568285313e-05
1.924000000000e+02 1.497788981129e-05
1.925000000000e+02 1.575357641605e-05
1.926000000000e+02 1.653896414071e-05
1.927000000000e+02 1.732879138899e-05
1.928000000000e+02 1.812601685095e-05
1.929000000000e+02 1.892338058265e-05
1.930000000000e+02 1.971455189844e-05
1.931000000000e+02 2.050069644271e-05
1.932000000000e+02 2.127256360703e-05
1.933000000000e+02 2.202428537283e-05
1.934000000000e+02 2.275649370340e-05
1.935000000000e+02 2.345952695803e-05
1.936000000000e+02 2.412933259921e-05
1.937000000000e+02 2.476699542519e-05
1.938000000000e+02 2.536366393498e-05
1.939000000000e+02 2.591798030299e-05
1.940000000000e+02 2.643205130474e-05
1.941000000000e+02 2.689865705713e-05
1.942000000000e+02 2.731959186163e-05
1.943000000000e+02 2.769823509630e-05
1.944000000000e+02 2.802950879362e-05
1.945000000000e+02 2.831845524455e-05
1.946000000000e+02 2.856965888404e-05
1.947000000000e+02 2.878029171912e-05
1.948000000000e+02 2.895821973696e-05
1.949000000000e+02 2.910863009327e-05
1.950000000000e+02 2.923039081566e-05
1.951000000000e+02 2.933301421478e-05
1.952000000000e+02 2.942097912094e-05
1.953000000000e+02 2.949355617113e-05
1.954000000000e+02 2.956005734406e-05
1.955000000000e+02 2.962248417180e-05
1.956000000000e+02 2.967890686532e-05
1.957000000000e+02 2.973653711644e-05
1.958000000000e+02 2.979343386355e-05
1.959000000000e+02 2.984540821941e-05
1.960000000000e+02 2.989653033635e-05
1.961000000000e+02 2.994062240026e-05
1.962000000000e+02 2.997148312044e-05
1.963000000000e+02 2.999045954814e-05
1.964000000000e+02 2.998838121117e-05
1.965000000000e+02 2.995867810385e-05
1.966000000000e+02 2.990166486001e-05
1.967000000000e+02 2.980747061141e-05
1.968000000000e+02 2.967145790641e-05
1.969000000000e+02 2.949494020817e-05
1.970000000000e+02 2.926960843187e-05
1.971000000000e+02 2.899458216149e-05
1.972000000000e+02 2.867344699593e-05
1.973000000000e+02 2.830068320107e-05
1.974000000000e+02 2.787969515477e-05
1.975000000000e+02 2.741627799108e-05
1.976000000000e+02 2.690756329969e-05
1.977000000000e+02 2.636042517055e-05
1.978000000000e+02 2.578168162146e-05
1.979000000000e+02 2.517003961181e-05
1.980000000000e+02 2.453429344506e-05
1.981000000000e+02 2.388069394471e-05
1.982000000000e+02 2.320825894637e-05
1.983000000000e+02 2.252615466448e-05
1.984000000000e+02 2.183873474690e-05
1.985000000000e+02 2.114440299139e-05
1.986000000000e+02 2.045155444825e-05
1.987000000000e+02 1.976181705751e-05
1.988000000000e+02 1.907249608741e-05
1.989000000000e+02 1.839047567898e-05
1.990000000000e+02 1.771425857927e-05
1.991000000000e+02 1.703989186966e-05
1.992000000000e+02 1.637232262632e-05
1.993000000000e+02 1.570690172682e-05
1.994000000000e+02 1.503859294342e-05
1.995000000000e+02 1.437040192909e-05
1.996000000000e+02 1.369504233325e-05
1.997000000000e+02 1.300712496718e-05
1.998000000000e+02 1.230837194211e-05
1.999000000000e+02 1.159012467424e-05
2.000000000000e+02 1.084805295647e-05
