0.000000000000e+00 -2.586282808851e+00
1.000000000000e-01 -5.862841489376e-01
2.000000000000e-01 -5.862841581174e-01
3.000000000000e-01 -5.862841735419e-01
4.000000000000e-01 -5.862841952836e-01
5.000000000000e-01 -5.862842235965e-01
6.000000000000e-01 -5.862842586374e-01
7.000000000000e-01 -5.862843004950e-01
8.000000000000e-01 -5.862843493533e-01
9.000000000000e-01 -5.862844052008e-01
1.000000000000e+00 -5.862844679044e-01
1.100000000000e+00 -5.862845373571e-01
1.200000000000e+00 -5.862846132017e-01
1.300000000000e+00 -5.862846949645e-01
1.400000000000e+00 -5.862847821951e-01
1.500000000000e+00 -5.862848742168e-01
1.600000000000e+00 -5.862849703140e-01
1.700000000000e+00 -5.862850698551e-01
1.800000000000e+00 -5.862851720589e-01
1.900000000000e+00 -5.862852762147e-01
2.000000000000e+00 -5.862853817642e-01
2.100000000000e+00 -5.862854880663e-01
2.200000000000e+00 -5.862855946255e-01
2.300000000000e+00 -5.862857011117e-01
2.400000000000e+00 -5.862858071180e-01
2.500000000000e+00 -5.862859123832e-01
2.600000000000e+00 -5.862860167519e-01
2.700000000000e+00 -5.862861199335e-01
2.800000000000e+00 -5.862862217299e-01
2.900000000000e+00 -5.862863219518e-01
3.000000000000e+00 -5.862864202064e-01
3.100000000000e+00 -5.862865161464e-01
3.200000000000e+00 -5.862866093656e-01
3.300000000000e+00 -5.862866992390e-01
3.400000000000e+00 -5.862867852007e-01
3.500000000000e+00 -5.862868666313e-01
3.600000000000e+00 -5.862869427529e-01
3.700000000000e+00 -5.862870129278e-01
3.800000000000e+00 -5.862870765262e-01
3.900000000000e+00 -5.862871328643e-01
4.000000000000e+00 -5.862871814950e-01
4.100000000000e+00 -5.862872220386e-01
4.200000000000e+00 -5.862872541416e-01
4.300000000000e+00 -5.862872777355e-01
4.400000000000e+00 -5.862872928168e-01
4.500000000000e+00 -5.862872994183e-01
4.600000000000e+00 -5.862872978258e-01
4.700000000000e+00 -5.862872883166e-01
4.800000000000e+00 -5.862872711513e-01
4.900000000000e+00 -5.862872467615e-01
5.000000000000e+00 -5.862872154684e-01
5.100000000000e+00 -5.862871775201e-01
5.200000000000e+00 -5.862871332654e-01
5.300000000000e+00 -5.862870828810e-01
5.400000000000e+00 -5.862870264687e-01
5.500000000000e+00 -5.862869642240e-01
5.600000000000e+00 -5.862868961827e-01
5.700000000000e+00 -5.862868223747e-01
5.800000000000e+00 -5.862867429762e-01
5.900000000000e+00 -5.862866580674e-01
6.000000000000e+00 -5.862865678208e-01
6.100000000000e+00 -5.862864726136e-01
6.200000000000e+00 -5.862863727788e-01
6.300000000000e+00 -5.862862688037e-01
6.400000000000e+00 -5.862861613828e-01
6.500000000000e+00 -5.862860511539e-01
6.600000000000e+00 -5.862859388968e-01
6.700000000000e+00 -5.862858255241e-01
6.800000000000e+00 -5.862857118155e-01
6.900000000000e+00 -5.862855986241e-01
7.000000000000e+00 -5.862854868237e-01
7.100000000000e+00 -5.862853770666e-01
7.200000000000e+00 -5.862852700164e-01
7.300000000000e+00 -5.862851662736e-01
7.400000000000e+00 -5.862850661816e-01
7.500000000000e+00 -5.862849700949e-01
7.600000000000e+00 -5.862848782938e-01
7.700000000000e+00 -5.862847908445e-01
7.800000000000e+00 -5.862847078927e-01
7.900000000000e+00 -5.862846295585e-01
8.000000000000e+00 -5.862845558372e-01
8.100000000000e+00 -5.862844868923e-01
8.200000000000e+00 -5.862844229107e-01
8.300000000000e+00 -5.862843640242e-01
8.400000000000e+00 -5.862843105766e-01
8.500000000000e+00 -5.862842629265e-01
8.600000000000e+00 -5.862842213805e-01
8.700000000000e+00 -5.862841864252e-01
8.800000000000e+00 -5.862841584840e-01
8.900000000000e+00 -5.862841378731e-01
9.000000000000e+00 -5.862841250081e-01
9.100000000000e+00 -5.862841201393e-01
9.200000000000e+00 -5.862841233527e-01
9.300000000000e+00 -5.862841347687e-01
9.400000000000e+00 -5.862841542818e-01
9.500000000000e+00 -5.862841816232e-01
9.600000000000e+00 -5.862842165598e-01
9.700000000000e+00 -5.862842586486e-01
9.800000000000e+00 -5.862843073585e-01
9.900000000000e+00 -5.862843622579e-01
1.000000000000e+01 -5.862844227750e-01
1.010000000000e+01 -5.862844883587e-01
1.020000000000e+01 -5.862845586288e-01
1.030000000000e+01 -5.862846331256e-01
1.040000000000e+01 -5.862847114853e-01
1.050000000000e+01 -5.862847935323e-01
1.060000000000e+01 -5.862848790098e-01
1.070000000000e+01 -5.862849677587e-01
1.080000000000e+01 -5.862850597496e-01
1.090000000000e+01 -5.862851548060e-01
1.100000000000e+01 -5.862852527952e-01
1.110000000000e+01 -5.862853536167e-01
1.120000000000e+01 -5.862854569444e-01
1.130000000000e+01 -5.862855624479e-01
1.140000000000e+01 -5.862856697583e-01
1.150000000000e+01 -5.862857782544e-01
1.160000000000e+01 -5.862858873242e-01
1.170000000000e+01 -5.862859963181e-01
1.180000000000e+01 -5.862861043856e-01
1.190000000000e+01 -5.862862107670e-01
1.200000000000e+01 -5.862863147251e-01
1.210000000000e+01 -5.862864154192e-01
1.220000000000e+01 -5.862865122012e-01
1.230000000000e+01 -5.862866045059e-01
1.240000000000e+01 -5.862866917418e-01
1.250000000000e+01 -5.862867735673e-01
1.260000000000e+01 -5.862868497241e-01
1.270000000000e+01 -5.862869199384e-01
1.280000000000e+01 -5.862869841657e-01
1.290000000000e+01 -5.862870423744e-01
1.300000000000e+01 -5.862870944676e-01
1.310000000000e+01 -5.862871405070e-01
1.320000000000e+01 -5.862871804691e-01
1.330000000000e+01 -5.862872142112e-01
1.340000000000e+01 -5.862872416913e-01
1.350000000000e+01 -5.862872627229e-01
1.360000000000e+01 -5.862872770024e-01
1.370000000000e+01 -5.862872843323e-01
1.380000000000e+01 -5.862872843852e-01
1.390000000000e+01 -5.862872767916e-01
1.400000000000e+01 -5.862872613535e-01
1.410000000000e+01 -5.862872378098e-01
1.420000000000e+01 -5.862872059635e-01
1.430000000000e+01 -5.862871658611e-01
1.440000000000e+01 -5.862871175417e-01
1.450000000000e+01 -5.862870611795e-01
1.460000000000e+01 -5.862869972078e-01
1.470000000000e+01 -5.862869260426e-01
1.480000000000e+01 -5.862868482309e-01
1.490000000000e+01 -5.862867645153e-01
1.500000000000e+01 -5.862866755440e-01
1.510000000000e+01 -5.862865820336e-01
1.520000000000e+01 -5.862864847901e-01
1.530000000000e+01 -5.862863844317e-01
1.540000000000e+01 -5.862862815853e-01
1.550000000000e+01 -5.862861768847e-01
1.560000000000e+01 -5.862860707312e-01
1.570000000000e+01 -5.862859635348e-01
1.580000000000e+01 -5.862858556987e-01
1.590000000000e+01 -5.862857474262e-01
1.600000000000e+01 -5.862856389961e-01
1.610000000000e+01 -5.862855307257e-01
1.620000000000e+01 -5.862854228097e-01
1.630000000000e+01 -5.862853156075e-01
1.640000000000e+01 -5.862852095609e-01
1.650000000000e+01 -5.862851050490e-01
1.660000000000e+01 -5.862850026601e-01
1.670000000000e+01 -5.862849030508e-01
1.680000000000e+01 -5.862848068094e-01
1.690000000000e+01 -5.862847147013e-01
1.700000000000e+01 -5.862846274768e-01
1.710000000000e+01 -5.862845457524e-01
1.720000000000e+01 -5.862844702424e-01
1.730000000000e+01 -5.862844015348e-01
1.740000000000e+01 -5.862843400175e-01
1.750000000000e+01 -5.862842861108e-01
1.760000000000e+01 -5.862842400390e-01
1.770000000000e+01 -5.862842018186e-01
1.780000000000e+01 -5.862841714997e-01
1.790000000000e+01 -5.862841489438e-01
1.800000000000e+01 -5.862841338739e-01
1.810000000000e+01 -5.862841261122e-01
1.820000000000e+01 -5.862841253557e-01
1.830000000000e+01 -5.862841312685e-01
1.840000000000e+01 -5.862841436910e-01
1.850000000000e+01 -5.862841623945e-01
1.860000000000e+01 -5.862841871934e-01
1.870000000000e+01 -5.862842181023e-01
1.880000000000e+01 -5.862842550621e-01
1.890000000000e+01 -5.862842980609e-01
1.900000000000e+01 -5.862843472354e-01
1.910000000000e+01 -5.862844025786e-01
1.920000000000e+01 -5.862844640795e-01
1.930000000000e+01 -5.862845317828e-01
1.940000000000e+01 -5.862846055049e-01
1.950000000000e+01 -5.862846850111e-01
1.960000000000e+01 -5.862847700544e-01
1.970000000000e+01 -5.862848601246e-01
1.980000000000e+01 -5.862849546741e-01
1.990000000000e+01 -5.862850531446e-01
2.000000000000e+01 -5.862851547568e-01
2.010000000000e+01 -5.862852587775e-01
2.020000000000e+01 -5.862853645222e-01
2.030000000000e+01 -5.862854711750e-01
2.040000000000e+01 -5.862855780711e-01
2.050000000000e+01 -5.862856846541e-01
2.060000000000e+01 -5.862857903080e-01
2.070000000000e+01 -5.862858946290e-01
2.080000000000e+01 -5.862859973222e-01
2.090000000000e+01 -5.862860980386e-01
2.100000000000e+01 -5.862861966257e-01
2.110000000000e+01 -5.862862929686e-01
2.120000000000e+01 -5.862863868428e-01
2.130000000000e+01 -5.862864781539e-01
2.140000000000e+01 -5.862865667450e-01
2.150000000000e+01 -5.862866522894e-01
2.160000000000e+01 -5.862867345373e-01
2.170000000000e+01 -5.862868131127e-01
2.180000000000e+01 -5.862868874677e-01
2.190000000000e+01 -5.862869571412e-01
2.200000000000e+01 -5.862870215581e-01
2.210000000000e+01 -5.862870800436e-01
2.220000000000e+01 -5.862871320834e-01
2.230000000000e+01 -5.862871771150e-01
2.240000000000e+01 -5.862872145844e-01
2.250000000000e+01 -5.862872441817e-01
2.260000000000e+01 -5.862872656057e-01
2.270000000000e+01 -5.862872786417e-01
2.280000000000e+01 -5.862872833478e-01
2.290000000000e+01 -5.862872797852e-01
2.300000000000e+01 -5.862872681062e-01
2.310000000000e+01 -5.862872486865e-01
2.320000000000e+01 -5.862872218315e-01
2.330000000000e+01 -5.862871878843e-01
2.340000000000e+01 -5.862871473182e-01
2.350000000000e+01 -5.862871004446e-01
2.360000000000e+01 -5.862870475611e-01
2.370000000000e+01 -5.862869890233e-01
2.380000000000e+01 -5.862869249803e-01
2.390000000000e+01 -5.862868555746e-01
2.400000000000e+01 -5.862867810012e-01
2.410000000000e+01 -5.862867012793e-01
2.420000000000e+01 -5.862866164960e-01
2.430000000000e+01 -5.862865268421e-01
2.440000000000e+01 -5.862864324087e-01
2.450000000000e+01 -5.862863334505e-01
2.460000000000e+01 -5.862862303759e-01
2.470000000000e+01 -5.862861235502e-01
2.480000000000e+01 -5.862860135538e-01
2.490000000000e+01 -5.862859011102e-01
2.500000000000e+01 -5.862857868892e-01
2.510000000000e+01 -5.862856717492e-01
2.520000000000e+01 -5.862855566068e-01
2.530000000000e+01 -5.862854422530e-01
2.540000000000e+01 -5.862853295887e-01
2.550000000000e+01 -5.862852194575e-01
2.560000000000e+01 -5.862851124994e-01
2.570000000000e+01 -5.862850093984e-01
2.580000000000e+01 -5.862849107014e-01
2.590000000000e+01 -5.862848167314e-01
2.600000000000e+01 -5.862847278533e-01
2.610000000000e+01 -5.862846442910e-01
2.620000000000e+01 -5.862845661009e-01
2.630000000000e+01 -5.862844934446e-01
2.640000000000e+01 -5.862844263941e-01
2.650000000000e+01 -5.862843649501e-01
2.660000000000e+01 -5.862843092939e-01
2.670000000000e+01 -5.862842595642e-01
2.680000000000e+01 -5.862842158967e-01
2.690000000000e+01 -5.862841786334e-01
2.700000000000e+01 -5.862841480603e-01
2.710000000000e+01 -5.862841244599e-01
2.720000000000e+01 -5.862841082717e-01
2.730000000000e+01 -5.862840998010e-01
2.740000000000e+01 -5.862840992953e-01
2.750000000000e+01 -5.862841070678e-01
2.760000000000e+01 -5.862841232052e-01
2.770000000000e+01 -5.862841476865e-01
2.780000000000e+01 -5.862841804899e-01
2.790000000000e+01 -5.862842213238e-01
2.800000000000e+01 -5.862842698016e-01
2.810000000000e+01 -5.862843255397e-01
2.820000000000e+01 -5.862843879197e-01
2.830000000000e+01 -5.862844563128e-01
2.840000000000e+01 -5.862845301564e-01
2.850000000000e+01 -5.862846087372e-01
2.860000000000e+01 -5.862846914419e-01
2.870000000000e+01 -5.862847777875e-01
2.880000000000e+01 -5.862848672091e-01
2.890000000000e+01 -5.862849593099e-01
2.900000000000e+01 -5.862850538297e-01
2.910000000000e+01 -5.862851504293e-01
2.920000000000e+01 -5.862852489297e-01
2.930000000000e+01 -5.862853492204e-01
2.940000000000e+01 -5.862854510538e-01
2.950000000000e+01 -5.862855542820e-01
2.960000000000e+01 -5.862856587260e-01
2.970000000000e+01 -5.862857640047e-01
2.980000000000e+01 -5.862858697868e-01
2.990000000000e+01 -5.862859756455e-01
3.000000000000e+01 -5.862860809414e-01
3.010000000000e+01 -5.862861850996e-01
3.020000000000e+01 -5.862862874566e-01
3.030000000000e+01 -5.862863872030e-01
3.040000000000e+01 -5.862864836712e-01
3.050000000000e+01 -5.862865761670e-01
3.060000000000e+01 -5.862866639544e-01
3.070000000000e+01 -5.862867465281e-01
3.080000000000e+01 -5.862868234109e-01
3.090000000000e+01 -5.862868941600e-01
3.100000000000e+01 -5.862869585996e-01
3.110000000000e+01 -5.862870165744e-01
3.120000000000e+01 -5.862870679688e-01
3.130000000000e+01 -5.862871128927e-01
3.140000000000e+01 -5.862871514014e-01
3.150000000000e+01 -5.862871835378e-01
3.160000000000e+01 -5.862872094848e-01
3.170000000000e+01 -5.862872292767e-01
3.180000000000e+01 -5.862872428856e-01
3.190000000000e+01 -5.862872503591e-01
3.200000000000e+01 -5.862872515484e-01
3.210000000000e+01 -5.862872462529e-01
3.220000000000e+01 -5.862872343499e-01
3.230000000000e+01 -5.862872155493e-01
3.240000000000e+01 -5.862871895896e-01
3.250000000000e+01 -5.862871563477e-01
3.260000000000e+01 -5.862871156094e-01
3.270000000000e+01 -5.862870672944e-01
3.280000000000e+01 -5.862870115214e-01
3.290000000000e+01 -5.862869483776e-01
3.300000000000e+01 -5.862868781469e-01
3.310000000000e+01 -5.862868013132e-01
3.320000000000e+01 -5.862867183209e-01
3.330000000000e+01 -5.862866297971e-01
3.340000000000e+01 -5.862865364933e-01
3.350000000000e+01 -5.862864390508e-01
3.360000000000e+01 -5.862863382251e-01
3.370000000000e+01 -5.862862347861e-01
3.380000000000e+01 -5.862861293140e-01
3.390000000000e+01 -5.862860224439e-01
3.400000000000e+01 -5.862859147472e-01
3.410000000000e+01 -5.862858065801e-01
3.420000000000e+01 -5.862856983561e-01
3.430000000000e+01 -5.862855904192e-01
3.440000000000e+01 -5.862854829472e-01
3.450000000000e+01 -5.862853762421e-01
3.460000000000e+01 -5.862852705831e-01
3.470000000000e+01 -5.862851661723e-01
3.480000000000e+01 -5.862850634139e-01
3.490000000000e+01 -5.862849627302e-01
3.500000000000e+01 -5.862848645279e-01
3.510000000000e+01 -5.862847694429e-01
3.520000000000e+01 -5.862846781083e-01
3.530000000000e+01 -5.862845911333e-01
3.540000000000e+01 -5.862845093068e-01
3.550000000000e+01 -5.862844333268e-01
3.560000000000e+01 -5.862843638035e-01
3.570000000000e+01 -5.862843014340e-01
3.580000000000e+01 -5.862842467181e-01
3.590000000000e+01 -5.862842000083e-01
3.600000000000e+01 -5.862841616730e-01
3.610000000000e+01 -5.862841318256e-01
3.620000000000e+01 -5.862841104350e-01
3.630000000000e+01 -5.862840974852e-01
3.640000000000e+01 -5.862840927264e-01
3.650000000000e+01 -5.862840958415e-01
3.660000000000e+01 -5.862841065891e-01
3.670000000000e+01 -5.862841245673e-01
3.680000000000e+01 -5.862841494134e-01
3.690000000000e+01 -5.862841809055e-01
3.700000000000e+01 -5.862842187220e-01
3.710000000000e+01 -5.862842626497e-01
3.720000000000e+01 -5.862843126256e-01
3.730000000000e+01 -5.862843684843e-01
3.740000000000e+01 -5.862844301648e-01
3.750000000000e+01 -5.862844976928e-01
3.760000000000e+01 -5.862845709280e-01
3.770000000000e+01 -5.862846497801e-01
3.780000000000e+01 -5.862847341486e-01
3.790000000000e+01 -5.862848236976e-01
3.800000000000e+01 -5.862849180972e-01
3.810000000000e+01 -5.862850169437e-01
3.820000000000e+01 -5.862851195841e-01
3.830000000000e+01 -5.862852253909e-01
3.840000000000e+01 -5.862853336722e-01
3.850000000000e+01 -5.862854435493e-01
3.860000000000e+01 -5.862855542536e-01
3.870000000000e+01 -5.862856650158e-01
3.880000000000e+01 -5.862857749821e-01
3.890000000000e+01 -5.862858835069e-01
3.900000000000e+01 -5.862859900004e-01
3.910000000000e+01 -5.862860938646e-01
3.920000000000e+01 -5.862861947555e-01
3.930000000000e+01 -5.862862923793e-01
3.940000000000e+01 -5.862863864388e-01
3.950000000000e+01 -5.862864768592e-01
3.960000000000e+01 -5.862865635392e-01
3.970000000000e+01 -5.862866463221e-01
3.980000000000e+01 -5.862867251940e-01
3.990000000000e+01 -5.862868000175e-01
4.000000000000e+01 -5.862868705473e-01
4.010000000000e+01 -5.862869366211e-01
4.020000000000e+01 -5.862869978991e-01
4.030000000000e+01 -5.862870539415e-01
4.040000000000e+01 -5.862871043975e-01
4.050000000000e+01 -5.862871487612e-01
4.060000000000e+01 -5.862871865060e-01
4.070000000000e+01 -5.862872172594e-01
4.080000000000e+01 -5.862872405650e-01
4.090000000000e+01 -5.862872560528e-01
4.100000000000e+01 -5.862872635743e-01
4.110000000000e+01 -5.862872629540e-01
4.120000000000e+01 -5.862872541706e-01
4.130000000000e+01 -5.862872374335e-01
4.140000000000e+01 -5.862872129162e-01
4.150000000000e+01 -5.862871809398e-01
4.160000000000e+01 -5.862871419888e-01
4.170000000000e+01 -5.862870964403e-01
4.180000000000e+01 -5.862870447585e-01
4.190000000000e+01 -5.862869874686e-01
4.200000000000e+01 -5.862869249073e-01
4.210000000000e+01 -5.862868574469e-01
4.220000000000e+01 -5.862867854487e-01
4.230000000000e+01 -5.862867090577e-01
4.240000000000e+01 -5.862866284657e-01
4.250000000000e+01 -5.862865438518e-01
4.260000000000e+01 -5.862864552274e-01
4.270000000000e+01 -5.862863627262e-01
4.280000000000e+01 -5.862862665211e-01
4.290000000000e+01 -5.862861667061e-01
4.300000000000e+01 -5.862860635859e-01
4.310000000000e+01 -5.862859575503e-01
4.320000000000e+01 -5.862858489719e-01
4.330000000000e+01 -5.862857384722e-01
4.340000000000e+01 -5.862856267395e-01
4.350000000000e+01 -5.862855144371e-01
4.360000000000e+01 -5.862854024361e-01
4.370000000000e+01 -5.862852915860e-01
4.380000000000e+01 -5.862851826444e-01
4.390000000000e+01 -5.862850764891e-01
4.400000000000e+01 -5.862849738646e-01
4.410000000000e+01 -5.862848753581e-01
4.420000000000e+01 -5.862847816069e-01
4.430000000000e+01 -5.862846930474e-01
4.440000000000e+01 -5.862846099527e-01
4.450000000000e+01 -5.862845326435e-01
4.460000000000e+01 -5.862844612482e-01
4.470000000000e+01 -5.862843957995e-01
4.480000000000e+01 -5.862843364357e-01
4.490000000000e+01 -5.862842831627e-01
4.500000000000e+01 -5.862842359889e-01
4.510000000000e+01 -5.862841950912e-01
4.520000000000e+01 -5.862841605614e-01
4.530000000000e+01 -5.862841325572e-01
4.540000000000e+01 -5.862841114116e-01
4.550000000000e+01 -5.862840973575e-01
4.560000000000e+01 -5.862840906851e-01
4.570000000000e+01 -5.862840917933e-01
4.580000000000e+01 -5.862841009053e-01
4.590000000000e+01 -5.862841182425e-01
4.600000000000e+01 -5.862841440346e-01
4.610000000000e+01 -5.862841782539e-01
4.620000000000e+01 -5.862842208228e-01
4.630000000000e+01 -5.862842716052e-01
4.640000000000e+01 -5.862843301810e-01
4.650000000000e+01 -5.862843960988e-01
4.660000000000e+01 -5.862844688548e-01
4.670000000000e+01 -5.862845477147e-01
4.680000000000e+01 -5.862846319996e-01
4.690000000000e+01 -5.862847210412e-01
4.700000000000e+01 -5.862848140383e-01
4.710000000000e+01 -5.862849103490e-01
4.720000000000e+01 -5.862850094018e-01
4.730000000000e+01 -5.862851105665e-01
4.740000000000e+01 -5.862852134286e-01
4.750000000000e+01 -5.862853176421e-01
4.760000000000e+01 -5.862854228089e-01
4.770000000000e+01 -5.862855287255e-01
4.780000000000e+01 -5.862856351851e-01
4.790000000000e+01 -5.862857418772e-01
4.800000000000e+01 -5.862858486183e-01
4.810000000000e+01 -5.862859551254e-01
4.820000000000e+01 -5.862860609606e-01
4.830000000000e+01 -5.862861657619e-01
4.840000000000e+01 -5.862862690138e-01
4.850000000000e+01 -5.862863700535e-01
4.860000000000e+01 -5.862864683078e-01
4.870000000000e+01 -5.862865630709e-01
4.880000000000e+01 -5.862866535691e-01
4.890000000000e+01 -5.862867391915e-01
4.900000000000e+01 -5.862868192638e-01
4.910000000000e+01 -5.862868931522e-01
4.920000000000e+01 -5.862869604621e-01
4.930000000000e+01 -5.862870207897e-01
4.940000000000e+01 -5.862870738436e-01
4.950000000000e+01 -5.862871195881e-01
4.960000000000e+01 -5.862871579676e-01
4.970000000000e+01 -5.862871890350e-01
4.980000000000e+01 -5.862872130391e-01
4.990000000000e+01 -5.862872301328e-01
5.000000000000e+01 -5.862872405201e-01
5.010000000000e+01 -5.862872445024e-01
5.020000000000e+01 -5.862872421982e-01
5.030000000000e+01 -5.862872337275e-01
5.040000000000e+01 -5.862872192378e-01
5.050000000000e+01 -5.862871986593e-01
5.060000000000e+01 -5.862871719367e-01
5.070000000000e+01 -5.862871390427e-01
5.080000000000e+01 -5.862870997746e-01
5.090000000000e+01 -5.862870540246e-01
5.100000000000e+01 -5.862870017676e-01
5.110000000000e+01 -5.862869428883e-01
5.120000000000e+01 -5.862868774627e-01
5.130000000000e+01 -5.862868056994e-01
5.140000000000e+01 -5.862867277787e-01
5.150000000000e+01 -5.862866441199e-01
5.160000000000e+01 -5.862865552630e-01
5.170000000000e+01 -5.862864617124e-01
5.180000000000e+01 -5.862863641818e-01
5.190000000000e+01 -5.862862634222e-01
5.200000000000e+01 -5.862861600826e-01
5.210000000000e+01 -5.862860549443e-01
5.220000000000e+01 -5.862859487165e-01
5.230000000000e+01 -5.862858419400e-01
5.240000000000e+01 -5.862857352268e-01
5.250000000000e+01 -5.862856290481e-01
5.260000000000e+01 -5.862855236995e-01
5.270000000000e+01 -5.862854195516e-01
5.280000000000e+01 -5.862853168404e-01
5.290000000000e+01 -5.862852156921e-01
5.300000000000e+01 -5.862851163714e-01
5.310000000000e+01 -5.862850190647e-01
5.320000000000e+01 -5.862849239452e-01
5.330000000000e+01 -5.862848313931e-01
5.340000000000e+01 -5.862847417531e-01
5.350000000000e+01 -5.862846554180e-01
5.360000000000e+01 -5.862845729991e-01
5.370000000000e+01 -5.862844950503e-01
5.380000000000e+01 -5.862844221621e-01
5.390000000000e+01 -5.862843550788e-01
5.400000000000e+01 -5.862842944012e-01
5.410000000000e+01 -5.862842407032e-01
5.420000000000e+01 -5.862841946092e-01
5.430000000000e+01 -5.862841565049e-01
5.440000000000e+01 -5.862841266938e-01
5.450000000000e+01 -5.862841054570e-01
5.460000000000e+01 -5.862840927945e-01
5.470000000000e+01 -5.862840886346e-01
5.480000000000e+01 -5.862840928816e-01
5.490000000000e+01 -5.862841051965e-01
5.500000000000e+01 -5.862841252480e-01
5.510000000000e+01 -5.862841527380e-01
5.520000000000e+01 -5.862841872077e-01
5.530000000000e+01 -5.862842283072e-01
5.540000000000e+01 -5.862842757746e-01
5.550000000000e+01 -5.862843292507e-01
5.560000000000e+01 -5.862843885416e-01
5.570000000000e+01 -5.862844535372e-01
5.580000000000e+01 -5.862845240281e-01
5.590000000000e+01 -5.862845999525e-01
5.600000000000e+01 -5.862846812581e-01
5.610000000000e+01 -5.862847677361e-01
5.620000000000e+01 -5.862848592609e-01
5.630000000000e+01 -5.862849556194e-01
5.640000000000e+01 -5.862850563851e-01
5.650000000000e+01 -5.862851611691e-01
5.660000000000e+01 -5.862852694394e-01
5.670000000000e+01 -5.862853804543e-01
5.680000000000e+01 -5.862854935313e-01
5.690000000000e+01 -5.862856078641e-01
5.700000000000e+01 -5.862857225165e-01
5.710000000000e+01 -5.862858366937e-01
5.720000000000e+01 -5.862859495480e-01
5.730000000000e+01 -5.862860602135e-01
5.740000000000e+01 -5.862861680537e-01
5.750000000000e+01 -5.862862724376e-01
5.760000000000e+01 -5.862863727929e-01
5.770000000000e+01 -5.862864688076e-01
5.780000000000e+01 -5.862865601674e-01
5.790000000000e+01 -5.862866466201e-01
5.800000000000e+01 -5.862867281266e-01
5.810000000000e+01 -5.862868045711e-01
5.820000000000e+01 -5.862868758485e-01
5.830000000000e+01 -5.862869419782e-01
5.840000000000e+01 -5.862870028144e-01
5.850000000000e+01 -5.862870581764e-01
5.860000000000e+01 -5.862871079448e-01
5.870000000000e+01 -5.862871517963e-01
5.880000000000e+01 -5.862871893883e-01
5.890000000000e+01 -5.862872204444e-01
5.900000000000e+01 -5.862872445210e-01
5.910000000000e+01 -5.862872612378e-01
5.920000000000e+01 -5.862872703394e-01
5.930000000000e+01 -5.862872714830e-01
5.940000000000e+01 -5.862872644901e-01
5.950000000000e+01 -5.862872493607e-01
5.960000000000e+01 -5.862872260647e-01
5.970000000000e+01 -5.862871947901e-01
5.980000000000e+01 -5.862871558950e-01
5.990000000000e+01 -5.862871096960e-01
6.000000000000e+01 -5.862870567049e-01
6.010000000000e+01 -5.862869975215e-01
6.020000000000e+01 -5.862869326347e-01
6.030000000000e+01 -5.862868626558e-01
6.040000000000e+01 -5.862867881761e-01
6.050000000000e+01 -5.862867096037e-01
6.060000000000e+01 -5.862866274134e-01
6.070000000000e+01 -5.862865419898e-01
6.080000000000e+01 -5.862864535222e-01
6.090000000000e+01 -5.862863622758e-01
6.100000000000e+01 -5.862862684301e-01
6.110000000000e+01 -5.862861720316e-01
6.120000000000e+01 -5.862860732740e-01
6.130000000000e+01 -5.862859723207e-01
6.140000000000e+01 -5.862858692982e-01
6.150000000000e+01 -5.862857645580e-01
6.160000000000e+01 -5.862856584648e-01
6.170000000000e+01 -5.862855514103e-01
6.180000000000e+01 -5.862854440321e-01
6.190000000000e+01 -5.862853369605e-01
6.200000000000e+01 -5.862852308434e-01
6.210000000000e+01 -5.862851265198e-01
6.220000000000e+01 -5.862850247338e-01
6.230000000000e+01 -5.862849261844e-01
6.240000000000e+01 -5.862848316657e-01
6.250000000000e+01 -5.862847417760e-01
6.260000000000e+01 -5.862846570129e-01
6.270000000000e+01 -5.862845778988e-01
6.280000000000e+01 -5.862845047096e-01
6.290000000000e+01 -5.862844376284e-01
6.300000000000e+01 -5.862843768616e-01
6.310000000000e+01 -5.862843223963e-01
6.320000000000e+01 -5.862842742029e-01
6.330000000000e+01 -5.862842323313e-01
6.340000000000e+01 -5.862841966833e-01
6.350000000000e+01 -5.862841672426e-01
6.360000000000e+01 -5.862841441248e-01
6.370000000000e+01 -5.862841273501e-01
6.380000000000e+01 -5.862841170747e-01
6.390000000000e+01 -5.862841135793e-01
6.400000000000e+01 -5.862841170355e-01
6.410000000000e+01 -5.862841277307e-01
6.420000000000e+01 -5.862841459977e-01
6.430000000000e+01 -5.862841719897e-01
6.440000000000e+01 -5.862842059084e-01
6.450000000000e+01 -5.862842478959e-01
6.460000000000e+01 -5.862842978441e-01
6.470000000000e+01 -5.862843556438e-01
6.480000000000e+01 -5.862844210615e-01
6.490000000000e+01 -5.862844936041e-01
6.500000000000e+01 -5.862845727957e-01
6.510000000000e+01 -5.862846580476e-01
6.520000000000e+01 -5.862847485797e-01
6.530000000000e+01 -5.862848437124e-01
6.540000000000e+01 -5.862849427176e-01
6.550000000000e+01 -5.862850447819e-01
6.560000000000e+01 -5.862851492846e-01
6.570000000000e+01 -5.862852556126e-01
6.580000000000e+01 -5.862853631426e-01
6.590000000000e+01 -5.862854714835e-01
6.600000000000e+01 -5.862855802444e-01
6.610000000000e+01 -5.862856890293e-01
6.620000000000e+01 -5.862857976378e-01
6.630000000000e+01 -5.862859057965e-01
6.640000000000e+01 -5.862860131789e-01
6.650000000000e+01 -5.862861195765e-01
6.660000000000e+01 -5.862862246203e-01
6.670000000000e+01 -5.862863278468e-01
6.680000000000e+01 -5.862864288578e-01
6.690000000000e+01 -5.862865270556e-01
6.700000000000e+01 -5.862866217692e-01
6.710000000000e+01 -5.862867124078e-01
6.720000000000e+01 -5.862867982179e-01
6.730000000000e+01 -5.862868784622e-01
6.740000000000e+01 -5.862869525532e-01
6.750000000000e+01 -5.862870198213e-01
6.760000000000e+01 -5.862870797225e-01
6.770000000000e+01 -5.862871319276e-01
6.780000000000e+01 -5.862871760841e-01
6.790000000000e+01 -5.862872120286e-01
6.800000000000e+01 -5.862872398141e-01
6.810000000000e+01 -5.862872594597e-01
6.820000000000e+01 -5.862872711598e-01
6.830000000000e+01 -5.862872752505e-01
6.840000000000e+01 -5.862872719624e-01
6.850000000000e+01 -5.862872616360e-01
6.860000000000e+01 -5.862872446484e-01
6.870000000000e+01 -5.862872211943e-01
6.880000000000e+01 -5.862871915268e-01
6.890000000000e+01 -5.862871558650e-01
6.900000000000e+01 -5.862871142263e-01
6.910000000000e+01 -5.862870666989e-01
6.920000000000e+01 -5.862870133390e-01
6.930000000000e+01 -5.862869540566e-01
6.940000000000e+01 -5.862868889067e-01
6.950000000000e+01 -5.862868179655e-01
6.960000000000e+01 -5.862867412536e-01
6.970000000000e+01 -5.862866590196e-01
6.980000000000e+01 -5.862865715750e-01
6.990000000000e+01 -5.862864792361e-01
7.000000000000e+01 -5.862863825758e-01
7.010000000000e+01 -5.862862822072e-01
7.020000000000e+01 -5.862861787378e-01
7.030000000000e+01 -5.862860729831e-01
7.040000000000e+01 -5.862859657098e-01
7.050000000000e+01 -5.862858576143e-01
7.060000000000e+01 -5.862857495119e-01
7.070000000000e+01 -5.862856420639e-01
7.080000000000e+01 -5.862855358041e-01
7.090000000000e+01 -5.862854313197e-01
7.100000000000e+01 -5.862853289888e-01
7.110000000000e+01 -5.862852290676e-01
7.120000000000e+01 -5.862851318695e-01
7.130000000000e+01 -5.862850375201e-01
7.140000000000e+01 -5.862849460999e-01
7.150000000000e+01 -5.862848578075e-01
7.160000000000e+01 -5.862847727206e-01
7.170000000000e+01 -5.862846909727e-01
7.180000000000e+01 -5.862846128738e-01
7.190000000000e+01 -5.862845386614e-01
7.200000000000e+01 -5.862844686867e-01
7.210000000000e+01 -5.862844034752e-01
7.220000000000e+01 -5.862843434617e-01
7.230000000000e+01 -5.862842891772e-01
7.240000000000e+01 -5.862842412510e-01
7.250000000000e+01 -5.862842001438e-01
7.260000000000e+01 -5.862841663463e-01
7.270000000000e+01 -5.862841403411e-01
7.280000000000e+01 -5.862841223610e-01
7.290000000000e+01 -5.862841126179e-01
7.300000000000e+01 -5.862841112453e-01
7.310000000000e+01 -5.862841181048e-01
7.320000000000e+01 -5.862841330520e-01
7.330000000000e+01 -5.862841558679e-01
7.340000000000e+01 -5.862841861166e-01
7.350000000000e+01 -5.862842234357e-01
7.360000000000e+01 -5.862842674457e-01
7.370000000000e+01 -5.862843176431e-01
7.380000000000e+01 -5.862843736890e-01
7.390000000000e+01 -5.862844352760e-01
7.400000000000e+01 -5.862845020378e-01
7.410000000000e+01 -5.862845738131e-01
7.420000000000e+01 -5.862846504571e-01
7.430000000000e+01 -5.862847317635e-01
7.440000000000e+01 -5.862848176953e-01
7.450000000000e+01 -5.862849081523e-01
7.460000000000e+01 -5.862850029176e-01
7.470000000000e+01 -5.862851018673e-01
7.480000000000e+01 -5.862852047200e-01
7.490000000000e+01 -5.862853110294e-01
7.500000000000e+01 -5.862854203922e-01
7.510000000000e+01 -5.862855322017e-01
7.520000000000e+01 -5.862856457037e-01
7.530000000000e+01 -5.862857602059e-01
7.540000000000e+01 -5.862858748445e-01
7.550000000000e+01 -5.862859886979e-01
7.560000000000e+01 -5.862861009837e-01
7.570000000000e+01 -5.862862108265e-01
7.580000000000e+01 -5.862863174078e-01
7.590000000000e+01 -5.862864201244e-01
7.600000000000e+01 -5.862865183402e-01
7.610000000000e+01 -5.862866115494e-01
7.620000000000e+01 -5.862866994754e-01
7.630000000000e+01 -5.862867818025e-01
7.640000000000e+01 -5.862868583417e-01
7.650000000000e+01 -5.862869290727e-01
7.660000000000e+01 -5.862869938670e-01
7.670000000000e+01 -5.862870526692e-01
7.680000000000e+01 -5.862871054978e-01
7.690000000000e+01 -5.862871521880e-01
7.700000000000e+01 -5.862871926062e-01
7.710000000000e+01 -5.862872266307e-01
7.720000000000e+01 -5.862872539366e-01
7.730000000000e+01 -5.862872742512e-01
7.740000000000e+01 -5.862872873217e-01
7.750000000000e+01 -5.862872927461e-01
7.760000000000e+01 -5.862872902578e-01
7.770000000000e+01 -5.862872796675e-01
7.780000000000e+01 -5.862872607260e-01
7.790000000000e+01 -5.862872334115e-01
7.800000000000e+01 -5.862871978249e-01
7.810000000000e+01 -5.862871540664e-01
7.820000000000e+01 -5.862871025003e-01
7.830000000000e+01 -5.862870435932e-01
7.840000000000e+01 -5.862869777982e-01
7.850000000000e+01 -5.862869057914e-01
7.860000000000e+01 -5.862868282603e-01
7.870000000000e+01 -5.862867458107e-01
7.880000000000e+01 -5.862866591859e-01
7.890000000000e+01 -5.862865690316e-01
7.900000000000e+01 -5.862864758476e-01
7.910000000000e+01 -5.862863802088e-01
7.920000000000e+01 -5.862862825289e-01
7.930000000000e+01 -5.862861830752e-01
7.940000000000e+01 -5.862860821952e-01
7.950000000000e+01 -5.862859800882e-01
7.960000000000e+01 -5.862858768791e-01
7.970000000000e+01 -5.862857728355e-01
7.980000000000e+01 -5.862856681375e-01
7.990000000000e+01 -5.862855629887e-01
8.000000000000e+01 -5.862854577985e-01
8.010000000000e+01 -5.862853529324e-01
8.020000000000e+01 -5.862852488374e-01
8.030000000000e+01 -5.862851461703e-01
8.040000000000e+01 -5.862850455213e-01
8.050000000000e+01 -5.862849475472e-01
8.060000000000e+01 -5.862848530442e-01
8.070000000000e+01 -5.862847626589e-01
8.080000000000e+01 -5.862846770410e-01
8.090000000000e+01 -5.862845968767e-01
8.100000000000e+01 -5.862845226153e-01
8.110000000000e+01 -5.862844546597e-01
8.120000000000e+01 -5.862843933808e-01
8.130000000000e+01 -5.862843388826e-01
8.140000000000e+01 -5.862842912388e-01
8.150000000000e+01 -5.862842504956e-01
8.160000000000e+01 -5.862842164786e-01
8.170000000000e+01 -5.862841890654e-01
8.180000000000e+01 -5.862841681625e-01
8.190000000000e+01 -5.862841535421e-01
8.200000000000e+01 -5.862841451225e-01
8.210000000000e+01 -5.862841428990e-01
8.220000000000e+01 -5.862841467911e-01
8.230000000000e+01 -5.862841569080e-01
8.240000000000e+01 -5.862841734193e-01
8.250000000000e+01 -5.862841964093e-01
8.260000000000e+01 -5.862842261187e-01
8.270000000000e+01 -5.862842627641e-01
8.280000000000e+01 -5.862843064124e-01
8.290000000000e+01 -5.862843572118e-01
8.300000000000e+01 -5.862844151833e-01
8.310000000000e+01 -5.862844801396e-01
8.320000000000e+01 -5.862845519227e-01
8.330000000000e+01 -5.862846301907e-01
8.340000000000e+01 -5.862847144000e-01
8.350000000000e+01 -5.862848040524e-01
8.360000000000e+01 -5.862848984871e-01
8.370000000000e+01 -5.862849969216e-01
8.380000000000e+01 -5.862850986952e-01
8.390000000000e+01 -5.862852030542e-01
8.400000000000e+01 -5.862853092315e-01
8.410000000000e+01 -5.862854166604e-01
8.420000000000e+01 -5.862855247346e-01
8.430000000000e+01 -5.862856329056e-01
8.440000000000e+01 -5.862857408449e-01
8.450000000000e+01 -5.862858481730e-01
8.460000000000e+01 -5.862859545666e-01
8.470000000000e+01 -5.862860598682e-01
8.480000000000e+01 -5.862861637967e-01
8.490000000000e+01 -5.862862660773e-01
8.500000000000e+01 -5.862863665129e-01
8.510000000000e+01 -5.862864647051e-01
8.520000000000e+01 -5.862865602248e-01
8.530000000000e+01 -5.862866526656e-01
8.540000000000e+01 -5.862867413980e-01
8.550000000000e+01 -5.862868257898e-01
8.560000000000e+01 -5.862869052476e-01
8.570000000000e+01 -5.862869790090e-01
8.580000000000e+01 -5.862870464016e-01
8.590000000000e+01 -5.862871068596e-01
8.600000000000e+01 -5.862871597398e-01
8.610000000000e+01 -5.862872045942e-01
8.620000000000e+01 -5.862872411376e-01
8.630000000000e+01 -5.862872690714e-01
8.640000000000e+01 -5.862872883438e-01
8.650000000000e+01 -5.862872990562e-01
8.660000000000e+01 -5.862873012879e-01
8.670000000000e+01 -5.862872953387e-01
8.680000000000e+01 -5.862872815790e-01
8.690000000000e+01 -5.862872602913e-01
8.700000000000e+01 -5.862872319052e-01
8.710000000000e+01 -5.862871968151e-01
8.720000000000e+01 -5.862871552639e-01
8.730000000000e+01 -5.862871075865e-01
8.740000000000e+01 -5.862870540199e-01
8.750000000000e+01 -5.862869946450e-01
8.760000000000e+01 -5.862869296466e-01
8.770000000000e+01 -5.862868591207e-01
8.780000000000e+01 -5.862867830754e-01
8.790000000000e+01 -5.862867016904e-01
8.800000000000e+01 -5.862866151121e-01
8.810000000000e+01 -5.862865234939e-01
8.820000000000e+01 -5.862864272282e-01
8.830000000000e+01 -5.862863267127e-01
8.840000000000e+01 -5.862862224074e-01
8.850000000000e+01 -5.862861150195e-01
8.860000000000e+01 -5.862860052325e-01
8.870000000000e+01 -5.862858937750e-01
8.880000000000e+01 -5.862857815549e-01
8.890000000000e+01 -5.862856693654e-01
8.900000000000e+01 -5.862855579780e-01
8.910000000000e+01 -5.862854482417e-01
8.920000000000e+01 -5.862853407932e-01
8.930000000000e+01 -5.862852361941e-01
8.940000000000e+01 -5.862851350139e-01
8.950000000000e+01 -5.862850375692e-01
8.960000000000e+01 -5.862849441145e-01
8.970000000000e+01 -5.862848549152e-01
8.980000000000e+01 -5.862847700207e-01
8.990000000000e+01 -5.862846894995e-01
9.000000000000e+01 -5.862846134879e-01
9.010000000000e+01 -5.862845419844e-01
9.020000000000e+01 -5.862844751039e-01
9.030000000000e+01 -5.862844130788e-01
9.040000000000e+01 -5.862843560574e-01
9.050000000000e+01 -5.862843043529e-01
9.060000000000e+01 -5.862842583825e-01
9.070000000000e+01 -5.862842184654e-01
9.080000000000e+01 -5.862841850582e-01
9.090000000000e+01 -5.862841586389e-01
9.100000000000e+01 -5.862841395180e-01
9.110000000000e+01 -5.862841280735e-01
9.120000000000e+01 -5.862841245996e-01
9.130000000000e+01 -5.862841291589e-01
9.140000000000e+01 -5.862841418317e-01
9.150000000000e+01 -5.862841625548e-01
9.160000000000e+01 -5.862841910307e-01
9.170000000000e+01 -5.862842269989e-01
9.180000000000e+01 -5.862842700699e-01
9.190000000000e+01 -5.862843196928e-01
9.200000000000e+01 -5.862843754317e-01
9.210000000000e+01 -5.862844367850e-01
9.220000000000e+01 -5.862845031917e-01
9.230000000000e+01 -5.862845742871e-01
9.240000000000e+01 -5.862846496876e-01
9.250000000000e+01 -5.862847290166e-01
9.260000000000e+01 -5.862848121162e-01
9.270000000000e+01 -5.862848987916e-01
9.280000000000e+01 -5.862849888488e-01
9.290000000000e+01 -5.862850822603e-01
9.300000000000e+01 -5.862851788806e-01
9.310000000000e+01 -5.862852785106e-01
9.320000000000e+01 -5.862853810300e-01
9.330000000000e+01 -5.862854861129e-01
9.340000000000e+01 -5.862855933377e-01
9.350000000000e+01 -5.862857023065e-01
9.360000000000e+01 -5.862858123832e-01
9.370000000000e+01 -5.862859228608e-01
9.380000000000e+01 -5.862860330726e-01
9.390000000000e+01 -5.862861421585e-01
9.400000000000e+01 -5.862862492809e-01
9.410000000000e+01 -5.862863537126e-01
9.420000000000e+01 -5.862864546198e-01
9.430000000000e+01 -5.862865513010e-01
9.440000000000e+01 -5.862866432273e-01
9.450000000000e+01 -5.862867298260e-01
9.460000000000e+01 -5.862868107175e-01
9.470000000000e+01 -5.862868856936e-01
9.480000000000e+01 -5.862869544956e-01
9.490000000000e+01 -5.862870170423e-01
9.500000000000e+01 -5.862870733513e-01
9.510000000000e+01 -5.862871233258e-01
9.520000000000e+01 -5.862871669861e-01
9.530000000000e+01 -5.862872043535e-01
9.540000000000e+01 -5.862872352729e-01
9.550000000000e+01 -5.862872596645e-01
9.560000000000e+01 -5.862872773922e-01
9.570000000000e+01 -5.862872881426e-01
9.580000000000e+01 -5.862872917000e-01
9.590000000000e+01 -5.862872878086e-01
9.600000000000e+01 -5.862872761054e-01
9.610000000000e+01 -5.862872564056e-01
9.620000000000e+01 -5.862872285456e-01
9.630000000000e+01 -5.862871923525e-01
9.640000000000e+01 -5.862871479136e-01
9.650000000000e+01 -5.862870953788e-01
9.660000000000e+01 -5.862870349495e-01
9.670000000000e+01 -5.862869671070e-01
9.680000000000e+01 -5.862868923693e-01
9.690000000000e+01 -5.862868112911e-01
9.700000000000e+01 -5.862867246488e-01
9.710000000000e+01 -5.862866331632e-01
9.720000000000e+01 -5.862865375251e-01
9.730000000000e+01 -5.862864385502e-01
9.740000000000e+01 -5.862863368955e-01
9.750000000000e+01 -5.862862331309e-01
9.760000000000e+01 -5.862861278837e-01
9.770000000000e+01 -5.862860215714e-01
9.780000000000e+01 -5.862859145330e-01
9.790000000000e+01 -5.862858071664e-01
9.800000000000e+01 -5.862856996854e-01
9.810000000000e+01 -5.862855923015e-01
9.820000000000e+01 -5.862854853404e-01
9.830000000000e+01 -5.862853790112e-01
9.840000000000e+01 -5.862852736143e-01
9.850000000000e+01 -5.862851696137e-01
9.860000000000e+01 -5.862850673998e-01
9.870000000000e+01 -5.862849675028e-01
9.880000000000e+01 -5.862848706017e-01
9.890000000000e+01 -5.862847772791e-01
9.900000000000e+01 -5.862846882304e-01
9.910000000000e+01 -5.862846042156e-01
9.920000000000e+01 -5.862845258202e-01
9.930000000000e+01 -5.862844536723e-01
9.940000000000e+01 -5.862843883576e-01
9.950000000000e+01 -5.862843302133e-01
9.960000000000e+01 -5.862842795698e-01
9.970000000000e+01 -5.862842366517e-01
9.980000000000e+01 -5.862842014236e-01
9.990000000000e+01 -5.862841738639e-01
1.000000000000e+02 -5.862841538564e-01
1.001000000000e+02 -5.862841410902e-01
1.002000000000e+02 -5.862841353502e-01
1.003000000000e+02 -5.862841363875e-01
1.004000000000e+02 -5.862841438562e-01
1.005000000000e+02 -5.862841575936e-01
1.006000000000e+02 -5.862841774491e-01
1.007000000000e+02 -5.862842032393e-01
1.008000000000e+02 -5.862842349939e-01
1.009000000000e+02 -5.862842727351e-01
1.010000000000e+02 -5.862843164453e-01
1.011000000000e+02 -5.862843662740e-01
1.012000000000e+02 -5.862844222798e-01
1.013000000000e+02 -5.862844844236e-01
1.014000000000e+02 -5.862845527511e-01
1.015000000000e+02 -5.862846271225e-01
1.016000000000e+02 -5.862847072545e-01
1.017000000000e+02 -5.862847928949e-01
1.018000000000e+02 -5.862848835652e-01
1.019000000000e+02 -5.862849786626e-01
1.020000000000e+02 -5.862850776327e-01
1.021000000000e+02 -5.862851797295e-01
1.022000000000e+02 -5.862852841725e-01
1.023000000000e+02 -5.862853902999e-01
1.024000000000e+02 -5.862854973365e-01
1.025000000000e+02 -5.862856045800e-01
1.026000000000e+02 -5.862857115116e-01
1.027000000000e+02 -5.862858175537e-01
1.028000000000e+02 -5.862859222633e-01
1.029000000000e+02 -5.862860253825e-01
1.030000000000e+02 -5.862861265810e-01
1.031000000000e+02 -5.862862256508e-01
1.032000000000e+02 -5.862863224977e-01
1.033000000000e+02 -5.862864168857e-01
1.034000000000e+02 -5.862865086432e-01
1.035000000000e+02 -5.862865976168e-01
1.036000000000e+02 -5.862866834432e-01
1.037000000000e+02 -5.862867657853e-01
1.038000000000e+02 -5.862868442686e-01
1.039000000000e+02 -5.862869183024e-01
1.040000000000e+02 -5.862869873513e-01
1.041000000000e+02 -5.862870508605e-01
1.042000000000e+02 -5.862871081274e-01
1.043000000000e+02 -5.862871585946e-01
1.044000000000e+02 -5.862872017512e-01
1.045000000000e+02 -5.862872370390e-01
1.046000000000e+02 -5.862872641387e-01
1.047000000000e+02 -5.862872828275e-01
1.048000000000e+02 -5.862872929007e-01
1.049000000000e+02 -5.862872944281e-01
1.050000000000e+02 -5.862872875582e-01
1.051000000000e+02 -5.862872724491e-01
1.052000000000e+02 -5.862872494920e-01
1.053000000000e+02 -5.862872190703e-01
1.054000000000e+02 -5.862871815171e-01
1.055000000000e+02 -5.862871373153e-01
1.056000000000e+02 -5.862870868407e-01
1.057000000000e+02 -5.862870303660e-01
1.058000000000e+02 -5.862869682573e-01
1.059000000000e+02 -5.862869007230e-01
1.060000000000e+02 -5.862868278792e-01
1.061000000000e+02 -5.862867499459e-01
1.062000000000e+02 -5.862866670087e-01
1.063000000000e+02 -5.862865791392e-01
1.064000000000e+02 -5.862864865755e-01
1.065000000000e+02 -5.862863894848e-01
1.066000000000e+02 -5.862862881164e-01
1.067000000000e+02 -5.862861829405e-01
1.068000000000e+02 -5.862860743958e-01
1.069000000000e+02 -5.862859630521e-01
1.070000000000e+02 -5.862858496899e-01
1.071000000000e+02 -5.862857350280e-01
1.072000000000e+02 -5.862856198900e-01
1.073000000000e+02 -5.862855052260e-01
1.074000000000e+02 -5.862853918371e-01
1.075000000000e+02 -5.862852805562e-01
1.076000000000e+02 -5.862851722326e-01
1.077000000000e+02 -5.862850674792e-01
1.078000000000e+02 -5.862849668879e-01
1.079000000000e+02 -5.862848709969e-01
1.080000000000e+02 -5.862847800821e-01
1.081000000000e+02 -5.862846944144e-01
1.082000000000e+02 -5.862846142145e-01
1.083000000000e+02 -5.862845394932e-01
1.084000000000e+02 -5.862844703349e-01
1.085000000000e+02 -5.862844068286e-01
1.086000000000e+02 -5.862843489403e-01
1.087000000000e+02 -5.862842967971e-01
1.088000000000e+02 -5.862842505722e-01
1.089000000000e+02 -5.862842103724e-01
1.090000000000e+02 -5.862841764987e-01
1.091000000000e+02 -5.862841492758e-01
1.092000000000e+02 -5.862841289490e-01
1.093000000000e+02 -5.862841159167e-01
1.094000000000e+02 -5.862841105143e-01
1.095000000000e+02 -5.862841129353e-01
1.096000000000e+02 -5.862841234486e-01
1.097000000000e+02 -5.862841421612e-01
1.098000000000e+02 -5.862841689880e-01
1.099000000000e+02 -5.862842038698e-01
1.100000000000e+02 -5.862842465390e-01
1.101000000000e+02 -5.862842965518e-01
1.102000000000e+02 -5.862843535117e-01
1.103000000000e+02 -5.862844168432e-01
1.104000000000e+02 -5.862844858827e-01
1.105000000000e+02 -5.862845600891e-01
1.106000000000e+02 -5.862846388165e-01
1.107000000000e+02 -5.862847214388e-01
1.108000000000e+02 -5.862848075236e-01
1.109000000000e+02 -5.862848965848e-01
1.110000000000e+02 -5.862849882201e-01
1.111000000000e+02 -5.862850822284e-01
1.112000000000e+02 -5.862851783382e-01
1.113000000000e+02 -5.862852763509e-01
1.114000000000e+02 -5.862853762034e-01
1.115000000000e+02 -5.862854776862e-01
1.116000000000e+02 -5.862855806065e-01
1.117000000000e+02 -5.862856848126e-01
1.118000000000e+02 -5.862857899303e-01
1.119000000000e+02 -5.862858955635e-01
1.120000000000e+02 -5.862860013012e-01
1.121000000000e+02 -5.862861064936e-01
1.122000000000e+02 -5.862862104981e-01
1.123000000000e+02 -5.862863126731e-01
1.124000000000e+02 -5.862864121983e-01
1.125000000000e+02 -5.862865083520e-01
1.126000000000e+02 -5.862866004789e-01
1.127000000000e+02 -5.862866878389e-01
1.128000000000e+02 -5.862867698892e-01
1.129000000000e+02 -5.862868462047e-01
1.130000000000e+02 -5.862869163376e-01
1.131000000000e+02 -5.862869800810e-01
1.132000000000e+02 -5.862870373304e-01
1.133000000000e+02 -5.862870879499e-01
1.134000000000e+02 -5.862871320114e-01
1.135000000000e+02 -5.862871696071e-01
1.136000000000e+02 -5.862872007368e-01
1.137000000000e+02 -5.862872255361e-01
1.138000000000e+02 -5.862872440629e-01
1.139000000000e+02 -5.862872562315e-01
1.140000000000e+02 -5.862872620453e-01
1.141000000000e+02 -5.862872613812e-01
1.142000000000e+02 -5.862872539853e-01
1.143000000000e+02 -5.862872397148e-01
1.144000000000e+02 -5.862872183254e-01
1.145000000000e+02 -5.862871895249e-01
1.146000000000e+02 -5.862871532070e-01
1.147000000000e+02 -5.862871092313e-01
1.148000000000e+02 -5.862870575124e-01
1.149000000000e+02 -5.862869982191e-01
1.150000000000e+02 -5.862869315296e-01
1.151000000000e+02 -5.862868577347e-01
1.152000000000e+02 -5.862867773828e-01
1.153000000000e+02 -5.862866910050e-01
1.154000000000e+02 -5.862865992261e-01
1.155000000000e+02 -5.862865028561e-01
1.156000000000e+02 -5.862864025995e-01
1.157000000000e+02 -5.862862991874e-01
1.158000000000e+02 -5.862861934328e-01
1.159000000000e+02 -5.862860859518e-01
1.160000000000e+02 -5.862859773362e-01
1.161000000000e+02 -5.862858681912e-01
1.162000000000e+02 -5.862857588919e-01
1.163000000000e+02 -5.862856498042e-01
1.164000000000e+02 -5.862855413106e-01
1.165000000000e+02 -5.862854336044e-01
1.166000000000e+02 -5.862853269482e-01
1.167000000000e+02 -5.862852216723e-01
1.168000000000e+02 -5.862851179944e-01
1.169000000000e+02 -5.862850162877e-01
1.170000000000e+02 -5.862849170311e-01
1.171000000000e+02 -5.862848206364e-01
1.172000000000e+02 -5.862847277040e-01
1.173000000000e+02 -5.862846389118e-01
1.174000000000e+02 -5.862845548473e-01
1.175000000000e+02 -5.862844762442e-01
1.176000000000e+02 -5.862844038201e-01
1.177000000000e+02 -5.862843381279e-01
1.178000000000e+02 -5.862842797867e-01
1.179000000000e+02 -5.862842292916e-01
1.180000000000e+02 -5.862841869105e-01
1.181000000000e+02 -5.862841529254e-01
1.182000000000e+02 -5.862841274375e-01
1.183000000000e+02 -5.862841103253e-01
1.184000000000e+02 -5.862841015014e-01
1.185000000000e+02 -5.862841007177e-01
1.186000000000e+02 -5.862841075829e-01
1.187000000000e+02 -5.862841218166e-01
1.188000000000e+02 -5.862841430446e-01
1.189000000000e+02 -5.862841708534e-01
1.190000000000e+02 -5.862842050163e-01
1.191000000000e+02 -5.862842452595e-01
1.192000000000e+02 -5.862842913340e-01
1.193000000000e+02 -5.862843431920e-01
1.194000000000e+02 -5.862844007188e-01
1.195000000000e+02 -5.862844638163e-01
1.196000000000e+02 -5.862845325286e-01
1.197000000000e+02 -5.862846067548e-01
1.198000000000e+02 -5.862846863558e-01
1.199000000000e+02 -5.862847712470e-01
1.200000000000e+02 -5.862848611181e-01
1.201000000000e+02 -5.862849555843e-01
1.202000000000e+02 -5.862850542634e-01
1.203000000000e+02 -5.862851565253e-01
1.204000000000e+02 -5.862852616966e-01
1.205000000000e+02 -5.862853691262e-01
1.206000000000e+02 -5.862854779689e-01
1.207000000000e+02 -5.862855874311e-01
1.208000000000e+02 -5.862856968096e-01
1.209000000000e+02 -5.862858052967e-01
1.210000000000e+02 -5.862859122396e-01
1.211000000000e+02 -5.862860171312e-01
1.212000000000e+02 -5.862861194176e-01
1.213000000000e+02 -5.862862187498e-01
1.214000000000e+02 -5.862863149116e-01
1.215000000000e+02 -5.862864076279e-01
1.216000000000e+02 -5.862864968013e-01
1.217000000000e+02 -5.862865823857e-01
1.218000000000e+02 -5.862866642102e-01
1.219000000000e+02 -5.862867422145e-01
1.220000000000e+02 -5.862868162901e-01
1.221000000000e+02 -5.862868861463e-01
1.222000000000e+02 -5.862869515603e-01
1.223000000000e+02 -5.862870122088e-01
1.224000000000e+02 -5.862870675940e-01
1.225000000000e+02 -5.862871173113e-01
1.226000000000e+02 -5.862871608786e-01
1.227000000000e+02 -5.862871977185e-01
1.228000000000e+02 -5.862872274283e-01
1.229000000000e+02 -5.862872495943e-01
1.230000000000e+02 -5.862872638101e-01
1.231000000000e+02 -5.862872699232e-01
1.232000000000e+02 -5.862872678142e-01
1.233000000000e+02 -5.862872574330e-01
1.234000000000e+02 -5.862872389984e-01
1.235000000000e+02 -5.862872127389e-01
1.236000000000e+02 -5.862871789393e-01
1.237000000000e+02 -5.862871380935e-01
1.238000000000e+02 -5.862870906193e-01
1.239000000000e+02 -5.862870369306e-01
1.240000000000e+02 -5.862869775584e-01
1.241000000000e+02 -5.862869128665e-01
1.242000000000e+02 -5.862868431706e-01
1.243000000000e+02 -5.862867688446e-01
1.244000000000e+02 -5.862866900613e-01
1.245000000000e+02 -5.862866069662e-01
1.246000000000e+02 -5.862865197745e-01
1.247000000000e+02 -5.862864285405e-01
1.248000000000e+02 -5.862863333753e-01
1.249000000000e+02 -5.862862345194e-01
1.250000000000e+02 -5.862861321265e-01
1.251000000000e+02 -5.862860265014e-01
1.252000000000e+02 -5.862859181227e-01
1.253000000000e+02 -5.862858074260e-01
1.254000000000e+02 -5.862856950377e-01
1.255000000000e+02 -5.862855817346e-01
1.256000000000e+02 -5.862854682229e-01
1.257000000000e+02 -5.862853553626e-01
1.258000000000e+02 -5.862852440703e-01
1.259000000000e+02 -5.862851351111e-01
1.260000000000e+02 -5.862850293248e-01
1.261000000000e+02 -5.862849274959e-01
1.262000000000e+02 -5.862848301832e-01
1.263000000000e+02 -5.862847379668e-01
1.264000000000e+02 -5.862846513057e-01
1.265000000000e+02 -5.862845704246e-01
1.266000000000e+02 -5.862844955855e-01
1.267000000000e+02 -5.862844269388e-01
1.268000000000e+02 -5.862843644664e-01
1.269000000000e+02 -5.862843082611e-01
1.270000000000e+02 -5.862842583597e-01
1.271000000000e+02 -5.862842147234e-01
1.272000000000e+02 -5.862841774983e-01
1.273000000000e+02 -5.862841468109e-01
1.274000000000e+02 -5.862841227677e-01
1.275000000000e+02 -5.862841056739e-01
1.276000000000e+02 -5.862840957870e-01
1.277000000000e+02 -5.862840933283e-01
1.278000000000e+02 -5.862840986603e-01
1.279000000000e+02 -5.862841120099e-01
1.280000000000e+02 -5.862841335077e-01
1.281000000000e+02 -5.862841633383e-01
1.282000000000e+02 -5.862842014605e-01
1.283000000000e+02 -5.862842476958e-01
1.284000000000e+02 -5.862843018685e-01
1.285000000000e+02 -5.862843635463e-01
1.286000000000e+02 -5.862844321882e-01
1.287000000000e+02 -5.862845072776e-01
1.288000000000e+02 -5.862845880883e-01
1.289000000000e+02 -5.862846738812e-01
1.290000000000e+02 -5.862847640147e-01
1.291000000000e+02 -5.862848577226e-01
1.292000000000e+02 -5.862849543346e-01
1.293000000000e+02 -5.862850533397e-01
1.294000000000e+02 -5.862851541589e-01
1.295000000000e+02 -5.862852563668e-01
1.296000000000e+02 -5.862853596925e-01
1.297000000000e+02 -5.862854637841e-01
1.298000000000e+02 -5.862855684251e-01
1.299000000000e+02 -5.862856734785e-01
1.300000000000e+02 -5.862857786591e-01
1.301000000000e+02 -5.862858837572e-01
1.302000000000e+02 -5.862859885469e-01
1.303000000000e+02 -5.862860925936e-01
1.304000000000e+02 -5.862861955010e-01
1.305000000000e+02 -5.862862968060e-01
1.306000000000e+02 -5.862863958387e-01
1.307000000000e+02 -5.862864919989e-01
1.308000000000e+02 -5.862865846412e-01
1.309000000000e+02 -5.862866729882e-01
1.310000000000e+02 -5.862867564198e-01
1.311000000000e+02 -5.862868343354e-01
1.312000000000e+02 -5.862869061030e-01
1.313000000000e+02 -5.862869713332e-01
1.314000000000e+02 -5.862870297005e-01
1.315000000000e+02 -5.862870809078e-01
1.316000000000e+02 -5.862871249245e-01
1.317000000000e+02 -5.862871617587e-01
1.318000000000e+02 -5.862871914341e-01
1.319000000000e+02 -5.862872141883e-01
1.320000000000e+02 -5.862872302103e-01
1.321000000000e+02 -5.862872396432e-01
1.322000000000e+02 -5.862872427592e-01
1.323000000000e+02 -5.862872396868e-01
1.324000000000e+02 -5.862872304639e-01
1.325000000000e+02 -5.862872152044e-01
1.326000000000e+02 -5.862871938400e-01
1.327000000000e+02 -5.862871662338e-01
1.328000000000e+02 -5.862871323424e-01
1.329000000000e+02 -5.862870919768e-01
1.330000000000e+02 -5.862870449676e-01
1.331000000000e+02 -5.862869913059e-01
1.332000000000e+02 -5.862869309111e-01
1.333000000000e+02 -5.862868638229e-01
1.334000000000e+02 -5.862867902961e-01
1.335000000000e+02 -5.862867105590e-01
1.336000000000e+02 -5.862866250087e-01
1.337000000000e+02 -5.862865342454e-01
1.338000000000e+02 -5.862864388166e-01
1.339000000000e+02 -5.862863394115e-01
1.340000000000e+02 -5.862862368380e-01
1.341000000000e+02 -5.862861317695e-01
1.342000000000e+02 -5.862860249520e-01
1.343000000000e+02 -5.862859171429e-01
1.344000000000e+02 -5.862858088894e-01
1.345000000000e+02 -5.862857007634e-01
1.346000000000e+02 -5.862855932846e-01
1.347000000000e+02 -5.862854867491e-01
1.348000000000e+02 -5.862853814979e-01
1.349000000000e+02 -5.862852778288e-01
1.350000000000e+02 -5.862851758754e-01
1.351000000000e+02 -5.862850758935e-01
1.352000000000e+02 -5.862849781488e-01
1.353000000000e+02 -5.862848828289e-01
1.354000000000e+02 -5.862847903210e-01
1.355000000000e+02 -5.862847010548e-01
1.356000000000e+02 -5.862846154301e-01
1.357000000000e+02 -5.862845340631e-01
1.358000000000e+02 -5.862844575772e-01
1.359000000000e+02 -5.862843865426e-01
1.360000000000e+02 -5.862843216875e-01
1.361000000000e+02 -5.862842636507e-01
1.362000000000e+02 -5.862842129471e-01
1.363000000000e+02 -5.862841701600e-01
1.364000000000e+02 -5.862841356800e-01
1.365000000000e+02 -5.862841097210e-01
1.366000000000e+02 -5.862840925095e-01
1.367000000000e+02 -5.862840840338e-01
1.368000000000e+02 -5.862840841225e-01
1.369000000000e+02 -5.862840926337e-01
1.370000000000e+02 -5.862841092197e-01
1.371000000000e+02 -5.862841334601e-01
1.372000000000e+02 -5.862841650343e-01
1.373000000000e+02 -5.862842034889e-01
1.374000000000e+02 -5.862842484021e-01
1.375000000000e+02 -5.862842995138e-01
1.376000000000e+02 -5.862843564791e-01
1.377000000000e+02 -5.862844190419e-01
1.378000000000e+02 -5.862844871053e-01
1.379000000000e+02 -5.862845604690e-01
1.380000000000e+02 -5.862846390053e-01
1.381000000000e+02 -5.862847226748e-01
1.382000000000e+02 -5.862848112620e-01
1.383000000000e+02 -5.862849045683e-01
1.384000000000e+02 -5.862850023913e-01
1.385000000000e+02 -5.862851042871e-01
1.386000000000e+02 -5.862852097966e-01
1.387000000000e+02 -5.862853184090e-01
1.388000000000e+02 -5.862854293705e-01
1.389000000000e+02 -5.862855419498e-01
1.390000000000e+02 -5.862856553888e-01
1.391000000000e+02 -5.862857687593e-01
1.392000000000e+02 -5.862858812517e-01
1.393000000000e+02 -5.862859920994e-01
1.394000000000e+02 -5.862861004663e-01
1.395000000000e+02 -5.862862057310e-01
1.396000000000e+02 -5.862863073651e-01
1.397000000000e+02 -5.862864048324e-01
1.398000000000e+02 -5.862864978474e-01
1.399000000000e+02 -5.862865861969e-01
1.400000000000e+02 -5.862866696490e-01
1.401000000000e+02 -5.862867481813e-01
1.402000000000e+02 -5.862868217577e-01
1.403000000000e+02 -5.862868902629e-01
1.404000000000e+02 -5.862869537139e-01
1.405000000000e+02 -5.862870120184e-01
1.406000000000e+02 -5.862870649581e-01
1.407000000000e+02 -5.862871123996e-01
1.408000000000e+02 -5.862871540577e-01
1.409000000000e+02 -5.862871895405e-01
1.410000000000e+02 -5.862872185628e-01
1.411000000000e+02 -5.862872407195e-01
1.412000000000e+02 -5.862872555850e-01
1.413000000000e+02 -5.862872629127e-01
1.414000000000e+02 -5.862872624054e-01
1.415000000000e+02 -5.862872538465e-01
1.416000000000e+02 -5.862872372601e-01
1.417000000000e+02 -5.862872126609e-01
1.418000000000e+02 -5.862871801968e-01
1.419000000000e+02 -5.862871402508e-01
1.420000000000e+02 -5.862870931682e-01
1.421000000000e+02 -5.862870394046e-01
1.422000000000e+02 -5.862869795731e-01
1.423000000000e+02 -5.862869141648e-01
1.424000000000e+02 -5.862868437160e-01
1.425000000000e+02 -5.862867688192e-01
1.426000000000e+02 -5.862866898647e-01
1.427000000000e+02 -5.862866072449e-01
1.428000000000e+02 -5.862865213494e-01
1.429000000000e+02 -5.862864323474e-01
1.430000000000e+02 -5.862863404366e-01
1.431000000000e+02 -5.862862458241e-01
1.432000000000e+02 -5.862861485533e-01
1.433000000000e+02 -5.862860487808e-01
1.434000000000e+02 -5.862859467302e-01
1.435000000000e+02 -5.862858425465e-01
1.436000000000e+02 -5.862857365742e-01
1.437000000000e+02 -5.862856292627e-01
1.438000000000e+02 -5.862855210308e-01
1.439000000000e+02 -5.862854125240e-01
1.440000000000e+02 -5.862853044606e-01
1.441000000000e+02 -5.862851975046e-01
1.442000000000e+02 -5.862850924967e-01
1.443000000000e+02 -5.862849902542e-01
1.444000000000e+02 -5.862848914664e-01
1.445000000000e+02 -5.862847969149e-01
1.446000000000e+02 -5.862847072504e-01
1.447000000000e+02 -5.862846229368e-01
1.448000000000e+02 -5.862845444760e-01
1.449000000000e+02 -5.862844721852e-01
1.450000000000e+02 -5.862844062034e-01
1.451000000000e+02 -5.862843467238e-01
1.452000000000e+02 -5.862842937765e-01
1.453000000000e+02 -5.862842472915e-01
1.454000000000e+02 -5.862842073215e-01
1.455000000000e+02 -5.862841738177e-01
1.456000000000e+02 -5.862841467276e-01
1.457000000000e+02 -5.862841261813e-01
1.458000000000e+02 -5.862841122444e-01
1.459000000000e+02 -5.862841050286e-01
1.460000000000e+02 -5.862841048248e-01
1.461000000000e+02 -5.862841118279e-01
1.462000000000e+02 -5.862841262574e-01
1.463000000000e+02 -5.862841484377e-01
1.464000000000e+02 -5.862841785120e-01
1.465000000000e+02 -5.862842165864e-01
1.466000000000e+02 -5.862842627757e-01
1.467000000000e+02 -5.862843169345e-01
1.468000000000e+02 -5.862843788429e-01
1.469000000000e+02 -5.862844482374e-01
1.470000000000e+02 -5.862845245804e-01
1.471000000000e+02 -5.862846072936e-01
1.472000000000e+02 -5.862846957778e-01
1.473000000000e+02 -5.862847892224e-01
1.474000000000e+02 -5.862848868733e-01
1.475000000000e+02 -5.862849880250e-01
1.476000000000e+02 -5.862850918559e-01
1.477000000000e+02 -5.862851977025e-01
1.478000000000e+02 -5.862853050034e-01
1.479000000000e+02 -5.862854131414e-01
1.480000000000e+02 -5.862855217026e-01
1.481000000000e+02 -5.862856303603e-01
1.482000000000e+02 -5.862857387219e-01
1.483000000000e+02 -5.862858465683e-01
1.484000000000e+02 -5.862859536871e-01
1.485000000000e+02 -5.862860597412e-01
1.486000000000e+02 -5.862861645014e-01
1.487000000000e+02 -5.862862676530e-01
1.488000000000e+02 -5.862863687112e-01
1.489000000000e+02 -5.862864672622e-01
1.490000000000e+02 -5.862865627666e-01
1.491000000000e+02 -5.862866545351e-01
1.492000000000e+02 -5.862867419814e-01
1.493000000000e+02 -5.862868244264e-01
1.494000000000e+02 -5.862869011296e-01
1.495000000000e+02 -5.862869715363e-01
1.496000000000e+02 -5.862870350691e-01
1.497000000000e+02 -5.862870911939e-01
1.498000000000e+02 -5.862871396347e-01
1.499000000000e+02 -5.862871801349e-01
1.500000000000e+02 -5.862872125383e-01
1.501000000000e+02 -5.862872369507e-01
1.502000000000e+02 -5.862872534688e-01
1.503000000000e+02 -5.862872622706e-01
1.504000000000e+02 -5.862872637260e-01
1.505000000000e+02 -5.862872581085e-01
1.506000000000e+02 -5.862872457096e-01
1.507000000000e+02 -5.862872269160e-01
1.508000000000e+02 -5.862872019318e-01
1.509000000000e+02 -5.862871709364e-01
1.510000000000e+02 -5.862871341471e-01
1.511000000000e+02 -5.862870915731e-01
1.512000000000e+02 -5.862870432249e-01
1.513000000000e+02 -5.862869891648e-01
1.514000000000e+02 -5.862869292961e-01
1.515000000000e+02 -5.862868636102e-01
1.516000000000e+02 -5.862867922099e-01
1.517000000000e+02 -5.862867151187e-01
1.518000000000e+02 -5.862866325395e-01
1.519000000000e+02 -5.862865448281e-01
1.520000000000e+02 -5.862864523059e-01
1.521000000000e+02 -5.862863555079e-01
1.522000000000e+02 -5.862862550947e-01
1.523000000000e+02 -5.862861516665e-01
1.524000000000e+02 -5.862860459960e-01
1.525000000000e+02 -5.862859388874e-01
1.526000000000e+02 -5.862858310097e-01
1.527000000000e+02 -5.862857231267e-01
1.528000000000e+02 -5.862856159282e-01
1.529000000000e+02 -5.862855099062e-01
1.530000000000e+02 -5.862854056001e-01
1.531000000000e+02 -5.862853034202e-01
1.532000000000e+02 -5.862852035843e-01
1.533000000000e+02 -5.862851063796e-01
1.534000000000e+02 -5.862850119837e-01
1.535000000000e+02 -5.862849204570e-01
1.536000000000e+02 -5.862848320041e-01
1.537000000000e+02 -5.862847467791e-01
1.538000000000e+02 -5.862846649132e-01
1.539000000000e+02 -5.862845867488e-01
1.540000000000e+02 -5.862845126109e-01
1.541000000000e+02 -5.862844428510e-01
1.542000000000e+02 -5.862843780329e-01
1.543000000000e+02 -5.862843186673e-01
1.544000000000e+02 -5.862842652669e-01
1.545000000000e+02 -5.862842184856e-01
1.546000000000e+02 -5.862841788301e-01
1.547000000000e+02 -5.862841467428e-01
1.548000000000e+02 -5.862841227097e-01
1.549000000000e+02 -5.862841069786e-01
1.550000000000e+02 -5.862840996881e-01
1.551000000000e+02 -5.862841009641e-01
1.552000000000e+02 -5.862841106648e-01
1.553000000000e+02 -5.862841285657e-01
1.554000000000e+02 -5.862841544458e-01
1.555000000000e+02 -5.862841878641e-01
1.556000000000e+02 -5.862842283871e-01
1.557000000000e+02 -5.862842756496e-01
1.558000000000e+02 -5.862843291473e-01
1.559000000000e+02 -5.862843884822e-01
1.560000000000e+02 -5.862844533732e-01
1.561000000000e+02 -5.862845234502e-01
1.562000000000e+02 -5.862845984933e-01
1.563000000000e+02 -5.862846783826e-01
1.564000000000e+02 -5.862847628900e-01
1.565000000000e+02 -5.862848519092e-01
1.566000000000e+02 -5.862849453514e-01
1.567000000000e+02 -5.862850429531e-01
1.568000000000e+02 -5.862851445097e-01
1.569000000000e+02 -5.862852497397e-01
1.570000000000e+02 -5.862853581356e-01
1.571000000000e+02 -5.862854692153e-01
1.572000000000e+02 -5.862855823785e-01
1.573000000000e+02 -5.862856968147e-01
1.574000000000e+02 -5.862858117775e-01
1.575000000000e+02 -5.862859264354e-01
1.576000000000e+02 -5.862860398341e-01
1.577000000000e+02 -5.862861511762e-01
1.578000000000e+02 -5.862862596523e-01
1.579000000000e+02 -5.862863644386e-01
1.580000000000e+02 -5.862864649533e-01
1.581000000000e+02 -5.862865606502e-01
1.582000000000e+02 -5.862866510317e-01
1.583000000000e+02 -5.862867358618e-01
1.584000000000e+02 -5.862868149166e-01
1.585000000000e+02 -5.862868880097e-01
1.586000000000e+02 -5.862869551603e-01
1.587000000000e+02 -5.862870163160e-01
1.588000000000e+02 -5.862870714054e-01
1.589000000000e+02 -5.862871204776e-01
1.590000000000e+02 -5.862871634246e-01
1.591000000000e+02 -5.862872000816e-01
1.592000000000e+02 -5.862872303554e-01
1.593000000000e+02 -5.862872539684e-01
1.594000000000e+02 -5.862872706156e-01
1.595000000000e+02 -5.862872800842e-01
1.596000000000e+02 -5.862872820223e-01
1.597000000000e+02 -5.862872761409e-01
1.598000000000e+02 -5.862872623087e-01
1.599000000000e+02 -5.862872403307e-01
1.600000000000e+02 -5.862872101712e-01
1.601000000000e+02 -5.862871719982e-01
1.602000000000e+02 -5.862871259576e-01
1.603000000000e+02 -5.862870723935e-01
1.604000000000e+02 -5.862870118302e-01
1.605000000000e+02 -5.862869447396e-01
1.606000000000e+02 -5.862868717549e-01
1.607000000000e+02 -5.862867935973e-01
1.608000000000e+02 -5.862867108543e-01
1.609000000000e+02 -5.862866242005e-01
1.610000000000e+02 -5.862865342912e-01
1.611000000000e+02 -5.862864415784e-01
1.612000000000e+02 -5.862863465556e-01
1.613000000000e+02 -5.862862496390e-01
1.614000000000e+02 -5.862861510390e-01
1.615000000000e+02 -5.862860510319e-01
1.616000000000e+02 -5.862859498330e-01
1.617000000000e+02 -5.862858475213e-01
1.618000000000e+02 -5.862857443208e-01
1.619000000000e+02 -5.862856404522e-01
1.620000000000e+02 -5.862855360909e-01
1.621000000000e+02 -5.862854316314e-01
1.622000000000e+02 -5.862853274978e-01
1.623000000000e+02 -5.862852241174e-01
1.624000000000e+02 -5.862851221472e-01
1.625000000000e+02 -5.862850222370e-01
1.626000000000e+02 -5.862849250164e-01
1.627000000000e+02 -5.862848312812e-01
1.628000000000e+02 -5.862847417243e-01
1.629000000000e+02 -5.862846569517e-01
1.630000000000e+02 -5.862845776439e-01
1.631000000000e+02 -5.862845042829e-01
1.632000000000e+02 -5.862844372170e-01
1.633000000000e+02 -5.862843768158e-01
1.634000000000e+02 -5.862843232137e-01
1.635000000000e+02 -5.862842764351e-01
1.636000000000e+02 -5.862842365436e-01
1.637000000000e+02 -5.862842034063e-01
1.638000000000e+02 -5.862841768682e-01
1.639000000000e+02 -5.862841568788e-01
1.640000000000e+02 -5.862841432637e-01
1.641000000000e+02 -5.862841359226e-01
1.642000000000e+02 -5.862841349096e-01
1.643000000000e+02 -5.862841401952e-01
1.644000000000e+02 -5.862841518674e-01
1.645000000000e+02 -5.862841701500e-01
1.646000000000e+02 -5.862841951543e-01
1.647000000000e+02 -5.862842270787e-01
1.648000000000e+02 -5.862842661713e-01
1.649000000000e+02 -5.862843124897e-01
1.650000000000e+02 -5.862843661113e-01
1.651000000000e+02 -5.862844270640e-01
1.652000000000e+02 -5.862844951188e-01
1.653000000000e+02 -5.862845700300e-01
1.654000000000e+02 -5.862846514523e-01
1.655000000000e+02 -5.862847387861e-01
1.656000000000e+02 -5.862848314505e-01
1.657000000000e+02 -5.862849287904e-01
1.658000000000e+02 -5.862850299730e-01
1.659000000000e+02 -5.862851342767e-01
1.660000000000e+02 -5.862852409738e-01
1.661000000000e+02 -5.862853492603e-01
1.662000000000e+02 -5.862854585323e-01
1.663000000000e+02 -5.862855682258e-01
1.664000000000e+02 -5.862856777604e-01
1.665000000000e+02 -5.862857867837e-01
1.666000000000e+02 -5.862858949597e-01
1.667000000000e+02 -5.862860019254e-01
1.668000000000e+02 -5.862861074993e-01
1.669000000000e+02 -5.862862114344e-01
1.670000000000e+02 -5.862863134017e-01
1.671000000000e+02 -5.862864131798e-01
1.672000000000e+02 -5.862865103964e-01
1.673000000000e+02 -5.862866045636e-01
1.674000000000e+02 -5.862866952622e-01
1.675000000000e+02 -5.862867818961e-01
1.676000000000e+02 -5.862868637876e-01
1.677000000000e+02 -5.862869403596e-01
1.678000000000e+02 -5.862870109052e-01
1.679000000000e+02 -5.862870747338e-01
1.680000000000e+02 -5.862871313329e-01
1.681000000000e+02 -5.862871801393e-01
1.682000000000e+02 -5.862872207114e-01
1.683000000000e+02 -5.862872528455e-01
1.684000000000e+02 -5.862872763318e-01
1.685000000000e+02 -5.862872911321e-01
1.686000000000e+02 -5.862872974350e-01
1.687000000000e+02 -5.862872953947e-01
1.688000000000e+02 -5.862872853101e-01
1.689000000000e+02 -5.862872676238e-01
1.690000000000e+02 -5.862872426619e-01
1.691000000000e+02 -5.862872108282e-01
1.692000000000e+02 -5.862871725679e-01
1.693000000000e+02 -5.862871281355e-01
1.694000000000e+02 -5.862870778221e-01
1.695000000000e+02 -5.862870219026e-01
1.696000000000e+02 -5.862869604525e-01
1.697000000000e+02 -5.862868936103e-01
1.698000000000e+02 -5.862868215135e-01
1.699000000000e+02 -5.862867441616e-01
1.700000000000e+02 -5.862866616994e-01
1.701000000000e+02 -5.862865743256e-01
1.702000000000e+02 -5.862864821859e-01
1.703000000000e+02 -5.862863856489e-01
1.704000000000e+02 -5.862862851678e-01
1.705000000000e+02 -5.862861811863e-01
1.706000000000e+02 -5.862860743856e-01
1.707000000000e+02 -5.862859654928e-01
1.708000000000e+02 -5.862858551968e-01
1.709000000000e+02 -5.862857443652e-01
1.710000000000e+02 -5.862856338119e-01
1.711000000000e+02 -5.862855242403e-01
1.712000000000e+02 -5.862854164449e-01
1.713000000000e+02 -5.862853110641e-01
1.714000000000e+02 -5.862852085744e-01
1.715000000000e+02 -5.862851094925e-01
1.716000000000e+02 -5.862850141355e-01
1.717000000000e+02 -5.862849226778e-01
1.718000000000e+02 -5.862848353549e-01
1.719000000000e+02 -5.862847522349e-01
1.720000000000e+02 -5.862846733292e-01
1.721000000000e+02 -5.862845987798e-01
1.722000000000e+02 -5.862845286290e-01
1.723000000000e+02 -5.862844629599e-01
1.724000000000e+02 -5.862844020414e-01
1.725000000000e+02 -5.862843460797e-01
1.726000000000e+02 -5.862842953674e-01
1.727000000000e+02 -5.862842503709e-01
1.728000000000e+02 -5.862842114606e-01
1.729000000000e+02 -5.862841790655e-01
1.730000000000e+02 -5.862841537066e-01
1.731000000000e+02 -5.862841357241e-01
1.732000000000e+02 -5.862841254513e-01
1.733000000000e+02 -5.862841232141e-01
1.734000000000e+02 -5.862841290825e-01
1.735000000000e+02 -5.862841430819e-01
1.736000000000e+02 -5.862841651776e-01
1.737000000000e+02 -5.862841950700e-01
1.738000000000e+02 -5.862842324486e-01
1.739000000000e+02 -5.862842769632e-01
1.740000000000e+02 -5.862843280641e-01
1.741000000000e+02 -5.862843852813e-01
1.742000000000e+02 -5.862844481683e-01
1.743000000000e+02 -5.862845161698e-01
1.744000000000e+02 -5.862845888994e-01
1.745000000000e+02 -5.862846660350e-01
1.746000000000e+02 -5.862847471973e-01
1.747000000000e+02 -5.862848322041e-01
1.748000000000e+02 -5.862849209097e-01
1.749000000000e+02 -5.862850130916e-01
1.750000000000e+02 -5.862851086806e-01
1.751000000000e+02 -5.862852075549e-01
1.752000000000e+02 -5.862853094540e-01
1.753000000000e+02 -5.862854141971e-01
1.754000000000e+02 -5.862855214594e-01
1.755000000000e+02 -5.862856307357e-01
1.756000000000e+02 -5.862857415635e-01
1.757000000000e+02 -5.862858533033e-01
1.758000000000e+02 -5.862859651643e-01
1.759000000000e+02 -5.862860764342e-01
1.760000000000e+02 -5.862861862657e-01
1.761000000000e+02 -5.862862937571e-01
1.762000000000e+02 -5.862863981699e-01
1.763000000000e+02 -5.862864987081e-01
1.764000000000e+02 -5.862865946308e-01
1.765000000000e+02 -5.862866854307e-01
1.766000000000e+02 -5.862867705902e-01
1.767000000000e+02 -5.862868497044e-01
1.768000000000e+02 -5.862869226044e-01
1.769000000000e+02 -5.862869890860e-01
1.770000000000e+02 -5.862870490416e-01
1.771000000000e+02 -5.862871025295e-01
1.772000000000e+02 -5.862871494946e-01
1.773000000000e+02 -5.862871899216e-01
1.774000000000e+02 -5.862872238704e-01
1.775000000000e+02 -5.862872512157e-01
1.776000000000e+02 -5.862872718402e-01
1.777000000000e+02 -5.862872856541e-01
1.778000000000e+02 -5.862872923739e-01
1.779000000000e+02 -5.862872917600e-01
1.780000000000e+02 -5.862872836236e-01
1.781000000000e+02 -5.862872676435e-01
1.782000000000e+02 -5.862872436341e-01
1.783000000000e+02 -5.862872115227e-01
1.784000000000e+02 -5.862871711890e-01
1.785000000000e+02 -5.862871227361e-01
1.786000000000e+02 -5.862870664162e-01
1.787000000000e+02 -5.862870024773e-01
1.788000000000e+02 -5.862869314144e-01
1.789000000000e+02 -5.862868538362e-01
1.790000000000e+02 -5.862867703163e-01
1.791000000000e+02 -5.862866816236e-01
1.792000000000e+02 -5.862865885402e-01
1.793000000000e+02 -5.862864917362e-01
1.794000000000e+02 -5.862863919927e-01
1.795000000000e+02 -5.862862899965e-01
1.796000000000e+02 -5.862861862639e-01
1.797000000000e+02 -5.862860813715e-01
1.798000000000e+02 -5.862859757506e-01
1.799000000000e+02 -5.862858696717e-01
1.800000000000e+02 -5.862857634871e-01
1.801000000000e+02 -5.862856574265e-01
1.802000000000e+02 -5.862855516370e-01
1.803000000000e+02 -5.862854464181e-01
1.804000000000e+02 -5.862853420056e-01
1.805000000000e+02 -5.862852386457e-01
1.806000000000e+02 -5.862851367942e-01
1.807000000000e+02 -5.862850368739e-01
1.808000000000e+02 -5.862849393611e-01
1.809000000000e+02 -5.862848449332e-01
1.810000000000e+02 -5.862847541953e-01
1.811000000000e+02 -5.862846677771e-01
1.812000000000e+02 -5.862845864315e-01
1.813000000000e+02 -5.862845107474e-01
1.814000000000e+02 -5.862844412723e-01
1.815000000000e+02 -5.862843785796e-01
1.816000000000e+02 -5.862843229957e-01
1.817000000000e+02 -5.862842747677e-01
1.818000000000e+02 -5.862842341164e-01
1.819000000000e+02 -5.862842009990e-01
1.820000000000e+02 -5.862841753267e-01
1.821000000000e+02 -5.862841570062e-01
1.822000000000e+02 -5.862841457378e-01
1.823000000000e+02 -5.862841412689e-01
1.824000000000e+02 -5.862841434068e-01
1.825000000000e+02 -5.862841518371e-01
1.826000000000e+02 -5.862841663860e-01
1.827000000000e+02 -5.862841869817e-01
1.828000000000e+02 -5.862842134776e-01
1.829000000000e+02 -5.862842459007e-01
1.830000000000e+02 -5.862842843527e-01
1.831000000000e+02 -5.862843288361e-01
1.832000000000e+02 -5.862843794862e-01
1.833000000000e+02 -5.862844364228e-01
1.834000000000e+02 -5.862844995964e-01
1.835000000000e+02 -5.862845690192e-01
1.836000000000e+02 -5.862846445900e-01
1.837000000000e+02 -5.862847259881e-01
1.838000000000e+02 -5.862848129171e-01
1.839000000000e+02 -5.862849049259e-01
1.840000000000e+02 -5.862850013629e-01
1.841000000000e+02 -5.862851016360e-01
1.842000000000e+02 -5.862852050314e-01
1.843000000000e+02 -5.862853107235e-01
1.844000000000e+02 -5.862854180311e-01
1.845000000000e+02 -5.862855262217e-01
1.846000000000e+02 -5.862856345546e-01
1.847000000000e+02 -5.862857425074e-01
1.848000000000e+02 -5.862858495474e-01
1.849000000000e+02 -5.862859551896e-01
1.850000000000e+02 -5.862860591739e-01
1.851000000000e+02 -5.862861612019e-01
1.852000000000e+02 -5.862862610057e-01
1.853000000000e+02 -5.862863584793e-01
1.854000000000e+02 -5.862864533955e-01
1.855000000000e+02 -5.862865455029e-01
1.856000000000e+02 -5.862866346273e-01
1.857000000000e+02 -5.862867203980e-01
1.858000000000e+02 -5.862868023909e-01
1.859000000000e+02 -5.862868802185e-01
1.860000000000e+02 -5.862869532850e-01
1.861000000000e+02 -5.862870209834e-01
1.862000000000e+02 -5.862870827736e-01
1.863000000000e+02 -5.862871379688e-01
1.864000000000e+02 -5.862871859718e-01
1.865000000000e+02 -5.862872263242e-01
1.866000000000e+02 -5.862872585089e-01
1.867000000000e+02 -5.862872821979e-01
1.868000000000e+02 -5.862872972510e-01
1.869000000000e+02 -5.862873035169e-01
1.870000000000e+02 -5.862873010722e-01
1.871000000000e+02 -5.862872901572e-01
1.872000000000e+02 -5.862872709755e-01
1.873000000000e+02 -5.862872439209e-01
1.874000000000e+02 -5.862872094598e-01
1.875000000000e+02 -5.862871679480e-01
1.876000000000e+02 -5.862871198588e-01
1.877000000000e+02 -5.862870656366e-01
1.878000000000e+02 -5.862870055556e-01
1.879000000000e+02 -5.862869399664e-01
1.880000000000e+02 -5.862868691407e-01
1.881000000000e+02 -5.862867931875e-01
1.882000000000e+02 -5.862867123198e-01
1.883000000000e+02 -5.862866266930e-01
1.884000000000e+02 -5.862865363750e-01
1.885000000000e+02 -5.862864416130e-01
1.886000000000e+02 -5.862863426529e-01
1.887000000000e+02 -5.862862397421e-01
1.888000000000e+02 -5.862861333701e-01
1.889000000000e+02 -5.862860240506e-01
1.890000000000e+02 -5.862859123385e-01
1.891000000000e+02 -5.862857990264e-01
1.892000000000e+02 -5.862856848849e-01
1.893000000000e+02 -5.862855706933e-01
1.894000000000e+02 -5.862854573912e-01
1.895000000000e+02 -5.862853457959e-01
1.896000000000e+02 -5.862852366614e-01
1.897000000000e+02 -5.862851308035e-01
1.898000000000e+02 -5.862850288214e-01
1.899000000000e+02 -5.862849312055e-01
1.900000000000e+02 -5.862848384534e-01
1.901000000000e+02 -5.862847508165e-01
1.902000000000e+02 -5.862846684646e-01
1.903000000000e+02 -5.862845915939e-01
1.904000000000e+02 -5.862845201996e-01
1.905000000000e+02 -5.862844542854e-01
1.906000000000e+02 -5.862843939445e-01
1.907000000000e+02 -5.862843391449e-01
1.908000000000e+02 -5.862842899564e-01
1.909000000000e+02 -5.862842465821e-01
1.910000000000e+02 -5.862842091398e-01
1.911000000000e+02 -5.862841778858e-01
1.912000000000e+02 -5.862841531845e-01
1.913000000000e+02 -5.862841352854e-01
1.914000000000e+02 -5.862841245405e-01
1.915000000000e+02 -5.862841213206e-01
1.916000000000e+02 -5.862841258069e-01
1.917000000000e+02 -5.862841382153e-01
1.918000000000e+02 -5.862841586831e-01
1.919000000000e+02 -5.862841871005e-01
1.920000000000e+02 -5.862842233588e-01
1.921000000000e+02 -5.862842672271e-01
1.922000000000e+02 -5.862843182398e-01
1.923000000000e+02 -5.862843759703e-01
1.924000000000e+02 -5.862844399002e-01
1.925000000000e+02 -5.862845093586e-01
1.926000000000e+02 -5.862845838035e-01
1.927000000000e+02 -5.862846626677e-01
1.928000000000e+02 -5.862847453313e-01
1.929000000000e+02 -5.862848313820e-01
1.930000000000e+02 -5.862849204203e-01
1.931000000000e+02 -5.862850120469e-01
1.932000000000e+02 -5.862851060825e-01
1.933000000000e+02 -5.862852023276e-01
1.934000000000e+02 -5.862853005634e-01
1.935000000000e+02 -5.862854007312e-01
1.936000000000e+02 -5.862855026640e-01
1.937000000000e+02 -5.862856061159e-01
1.938000000000e+02 -5.862857109187e-01
1.939000000000e+02 -5.862858167117e-01
1.940000000000e+02 -5.862859230219e-01
1.941000000000e+02 -5.862860294135e-01
1.942000000000e+02 -5.862861352372e-01
1.943000000000e+02 -5.862862397698e-01
1.944000000000e+02 -5.862863423568e-01
1.945000000000e+02 -5.862864421834e-01
1.946000000000e+02 -5.862865384611e-01
1.947000000000e+02 -5.862866305454e-01
1.948000000000e+02 -5.862867177141e-01
1.949000000000e+02 -5.862867993747e-01
1.950000000000e+02 -5.862868751337e-01
1.951000000000e+02 -5.862869445655e-01
1.952000000000e+02 -5.862870074205e-01
1.953000000000e+02 -5.862870636319e-01
1.954000000000e+02 -5.862871130757e-01
1.955000000000e+02 -5.862871557755e-01
1.956000000000e+02 -5.862871918554e-01
1.957000000000e+02 -5.862872213091e-01
1.958000000000e+02 -5.862872442159e-01
1.959000000000e+02 -5.862872606613e-01
1.960000000000e+02 -5.862872705422e-01
1.961000000000e+02 -5.862872738103e-01
1.962000000000e+02 -5.862872703802e-01
1.963000000000e+02 -5.862872599867e-01
1.964000000000e+02 -5.862872424586e-01
1.965000000000e+02 -5.862872176152e-01
1.966000000000e+02 -5.862871851734e-01
1.967000000000e+02 -5.862871450327e-01
1.968000000000e+02 -5.862870971457e-01
1.969000000000e+02 -5.862870414556e-01
1.970000000000e+02 -5.862869781645e-01
1.971000000000e+02 -5.862869075594e-01
1.972000000000e+02 -5.862868299625e-01
1.973000000000e+02 -5.862867459624e-01
1.974000000000e+02 -5.862866561913e-01
1.975000000000e+02 -5.862865612858e-01
1.976000000000e+02 -5.862864620831e-01
1.977000000000e+02 -5.862863593621e-01
1.978000000000e+02 -5.862862538345e-01
1.979000000000e+02 -5.862861463196e-01
1.980000000000e+02 -5.862860374791e-01
1.981000000000e+02 -5.862859278584e-01
1.982000000000e+02 -5.862858180575e-01
1.983000000000e+02 -5.862857084802e-01
1.984000000000e+02 -5.862855994354e-01
1.985000000000e+02 -5.862854913047e-01
1.986000000000e+02 -5.862853843078e-01
1.987000000000e+02 -5.862852786536e-01
1.988000000000e+02 -5.862851746853e-01
1.989000000000e+02 -5.862850726486e-01
1.990000000000e+02 -5.862849728671e-01
1.991000000000e+02 -5.862848758411e-01
1.992000000000e+02 -5.862847820025e-01
1.993000000000e+02 -5.862846918946e-01
1.994000000000e+02 -5.862846062105e-01
1.995000000000e+02 -5.862845255343e-01
1.996000000000e+02 -5.862844505231e-01
1.997000000000e+02 -5.862843818919e-01
1.998000000000e+02 -5.862843201600e-01
1.999000000000e+02 -5.862842658499e-01
2.000000000000e+02 -5.862842194400e-01
