 -3.00000e+00 1.04294e-29 
 -2.80000e+00 1.07112e-29 
 -2.60000e+00 1.10083e-29 
 -2.40000e+00 1.13221e-29 
 -2.20000e+00 1.16539e-29 
 -2.00000e+00 1.20054e-29 
 -1.80000e+00 1.23784e-29 
 -1.60000e+00 1.27747e-29 
 -1.40000e+00 1.31967e-29 
 -1.20000e+00 1.36468e-29 
 -1.00000e+00 1.41279e-29 
 -8.00000e-01 1.46432e-29 
 -6.00000e-01 1.51962e-29 
 -4.00000e-01 1.57911e-29 
 -2.00000e-01 1.64325e-29 
 3.88578e-16 1.71257e-29 
 2.00000e-01 1.78768e-29 
 4.00000e-01 1.86926e-29 
 6.00000e-01 1.95809e-29 
 8.00000e-01 2.05505e-29 
 1.00000e+00 2.16117e-29 
 1.20000e+00 2.27760e-29 
 1.40000e+00 2.40566e-29 
 1.60000e+00 2.54683e-29 
 1.80000e+00 2.70270e-29 
 2.00000e+00 2.87495e-29 
 2.20000e+00 3.06520e-29 
 2.40000e+00 3.27474e-29 
 2.60000e+00 3.50424e-29 
 2.80000e+00 3.75319e-29 
 3.00000e+00 4.01931e-29 
 3.20000e+00 4.29764e-29 
 3.40000e+00 4.57938e-29 
 3.60000e+00 4.85053e-29 
 3.80000e+00 5.09095e-29 
 4.00000e+00 5.27532e-29 
 4.20000e+00 5.37809e-29 
 4.40000e+00 5.38226e-29 
 4.60000e+00 5.28728e-29 
 4.80000e+00 5.10925e-29 
 5.00000e+00 4.87338e-29 
 5.20000e+00 4.60510e-29 
 5.40000e+00 4.32492e-29 
 5.60000e+00 4.04721e-29 
 5.80000e+00 3.78109e-29 
 6.00000e+00 3.53175e-29 
 6.20000e+00 3.30163e-29 
 6.40000e+00 3.09133e-29 
 6.60000e+00 2.90024e-29 
 6.80000e+00 2.72711e-29 
