 -3.00000e+00 1.71507e-29 
 -2.80000e+00 1.82472e-29 
 -2.60000e+00 1.94846e-29 
 -2.40000e+00 2.08886e-29 
 -2.20000e+00 2.24911e-29 
 -2.00000e+00 2.43313e-29 
 -1.80000e+00 2.64576e-29 
 -1.60000e+00 2.89288e-29 
 -1.40000e+00 3.18149e-29 
 -1.20000e+00 3.51946e-29 
 -1.00000e+00 3.91547e-29 
 -8.00000e-01 4.37927e-29 
 -6.00000e-01 4.92303e-29 
 -4.00000e-01 5.56422e-29 
 -2.00000e-01 6.32775e-29 
 3.88578e-16 7.15489e-29 
 2.00000e-01 7.49907e-29 
 4.00000e-01 6.92274e-29 
 6.00000e-01 6.10792e-29 
 8.00000e-01 5.42046e-29 
 1.00000e+00 4.85822e-29 
 1.20000e+00 4.38772e-29 
 1.40000e+00 3.98619e-29 
 1.60000e+00 3.63702e-29 
 1.80000e+00 3.32736e-29 
 2.00000e+00 3.04808e-29 
 2.20000e+00 2.79494e-29 
 2.40000e+00 2.56732e-29 
 2.60000e+00 2.36511e-29 
 2.80000e+00 2.18709e-29 
 3.00000e+00 2.03099e-29 
 3.20000e+00 1.89405e-29 
 3.40000e+00 1.77349e-29 
 3.60000e+00 1.66686e-29 
 3.80000e+00 1.57205e-29 
 4.00000e+00 1.48731e-29 
 4.20000e+00 1.41119e-29 
 4.40000e+00 1.34248e-29 
 4.60000e+00 1.28017e-29 
 4.80000e+00 1.22342e-29 
 5.00000e+00 1.17152e-29 
 5.20000e+00 1.12387e-29 
 5.40000e+00 1.07997e-29 
 5.60000e+00 1.03940e-29 
 5.80000e+00 1.00178e-29 
 6.00000e+00 9.66810e-30 
 6.20000e+00 9.34211e-30 
 6.40000e+00 9.03750e-30 
 6.60000e+00 8.75222e-30 
 6.80000e+00 8.48449e-30 
