0.00000000000000e+00 4.28948795178091e-04
1.00000000000000e-01 4.36768519403991e-04
2.00000000000000e-01 4.43808962390829e-04
3.00000000000000e-01 4.50677661984672e-04
4.00000000000000e-01 4.56954166551913e-04
5.00000000000000e-01 4.61800208507994e-04
6.00000000000000e-01 4.65921542149995e-04
7.00000000000000e-01 4.69424004382822e-04
8.00000000000000e-01 4.71573114341917e-04
9.00000000000000e-01 4.73071327955367e-04
1.00000000000000e+00 4.74433087277673e-04
1.10000000000000e+00 4.74973994390181e-04
1.20000000000000e+00 4.75141849749164e-04
1.30000000000000e+00 4.75591089165736e-04
1.40000000000000e+00 4.75595608085051e-04
1.50000000000000e+00 4.75193403978494e-04
1.60000000000000e+00 4.75021241298526e-04
1.70000000000000e+00 4.74382582648747e-04
1.80000000000000e+00 4.72998442009431e-04
1.90000000000000e+00 4.71531492458368e-04
2.00000000000000e+00 4.69521288998504e-04
2.10000000000000e+00 4.66593642656051e-04
2.20000000000000e+00 4.63519371721556e-04
2.30000000000000e+00 4.60196961051076e-04
2.40000000000000e+00 4.56265149851036e-04
2.50000000000000e+00 4.52531001848121e-04
2.60000000000000e+00 4.49154661523812e-04
2.70000000000000e+00 4.45703229582249e-04
2.80000000000000e+00 4.42816186441757e-04
2.90000000000000e+00 4.40714200730229e-04
3.00000000000000e+00 4.38779620962917e-04
3.10000000000000e+00 4.37354354214517e-04
3.20000000000000e+00 4.36643310841611e-04
3.30000000000000e+00 4.35894304952854e-04
3.40000000000000e+00 4.35223832364328e-04
3.50000000000000e+00 4.34935569622972e-04
3.60000000000000e+00 4.34337301781686e-04
3.70000000000000e+00 4.33482327379816e-04
3.80000000000000e+00 4.32908076676470e-04
3.90000000000000e+00 4.32121006671049e-04
4.00000000000000e+00 4.31147286607211e-04
4.10000000000000e+00 4.30719923601116e-04
4.20000000000000e+00 4.30499559306969e-04
4.30000000000000e+00 4.30340622507122e-04
4.40000000000000e+00 4.30977676531248e-04
4.50000000000000e+00 4.32102269431595e-04
4.60000000000000e+00 4.33247089544216e-04
4.70000000000000e+00 4.34997351642281e-04
4.80000000000000e+00 4.37077733476891e-04
4.90000000000000e+00 4.38737794345455e-04
5.00000000000000e+00 4.40436712517376e-04
5.10000000000000e+00 4.42106306758297e-04
5.20000000000000e+00 4.42922188607591e-04
5.30000000000000e+00 4.43319826570967e-04
5.40000000000000e+00 4.43606883312148e-04
5.50000000000000e+00 4.43063043807762e-04
5.60000000000000e+00 4.42085623932674e-04
5.70000000000000e+00 4.41328244770393e-04
5.80000000000000e+00 4.40182261257676e-04
5.90000000000000e+00 4.38830289267296e-04
6.00000000000000e+00 4.38061022862295e-04
6.10000000000000e+00 4.37297886284774e-04
6.20000000000000e+00 4.36341306367315e-04
6.30000000000000e+00 4.35925685596868e-04
6.40000000000000e+00 4.35528098591398e-04
6.50000000000000e+00 4.34596600175011e-04
6.60000000000000e+00 4.33789669476261e-04
6.70000000000000e+00 4.32810374081433e-04
6.80000000000000e+00 4.30965141910902e-04
6.90000000000000e+00 4.28910854208239e-04
7.00000000000000e+00 4.26740906864897e-04
7.10000000000000e+00 4.23812483189533e-04
7.20000000000000e+00 4.20768455203379e-04
7.30000000000000e+00 4.18068787140089e-04
7.40000000000000e+00 4.15145694203135e-04
7.50000000000000e+00 4.12470268445811e-04
7.60000000000000e+00 4.10668919372890e-04
7.70000000000000e+00 4.09165364791154e-04
7.80000000000000e+00 4.08094869904727e-04
7.90000000000000e+00 4.08060838302227e-04
8.00000000000000e+00 4.08461368717661e-04
8.10000000000000e+00 4.09091654197750e-04
8.20000000000000e+00 4.10497402954114e-04
8.30000000000000e+00 4.12166483258027e-04
8.40000000000000e+00 4.13703478309961e-04
8.50000000000000e+00 4.15665209645532e-04
8.60000000000000e+00 4.17761853981395e-04
8.70000000000000e+00 4.19546638499164e-04
8.80000000000000e+00 4.21602088265840e-04
8.90000000000000e+00 4.23868803169275e-04
9.00000000000000e+00 4.25857352401188e-04
9.10000000000000e+00 4.28078450988931e-04
9.20000000000000e+00 4.30599687843381e-04
9.30000000000000e+00 4.32826338071118e-04
9.40000000000000e+00 4.35094187936313e-04
9.50000000000000e+00 4.37530161426191e-04
9.60000000000000e+00 4.39447614147092e-04
9.70000000000000e+00 4.41020524987918e-04
9.80000000000000e+00 4.42494695005565e-04
9.90000000000000e+00 4.43220955738116e-04
1.00000000000000e+01 4.43312133832855e-04
