-4.045147591934471522e-14
-6.456427982890201216e-15
-3.731733758251868171e-15
-1.391118144984978068e-15
-5.471118751915115523e-16
-5.312243334765313986e-16
-2.984196905206253522e-16
-1.714650154007887591e-16
-1.514143307570074794e-16
-8.978831069008996995e-17
-5.392561748777688587e-17
-2.814514045490118802e-17
-2.787703715592526284e-17
-1.120152822574526251e-17
-4.801884473996313928e-18
-1.822634568555331756e-18
-2.926700515110333702e-19
-1.485332201523632685e-19
4.496210842674085453e-18
1.214812165494852315e-17
3.689903384329867860e-17
4.944190861578244478e-17
5.837024746291858704e-17
7.823068345500115415e-17
1.194076537296209422e-16
1.839454099945601625e-16
2.286752802106449543e-16
2.989398484624283594e-16
3.028755015583922775e-16
4.202018988777341403e-16
4.752019368772009782e-16
9.793823709970230737e-16
1.134699012286944307e-15
3.347026056057398424e-15
5.536298991019646734e-15
2.336086596111264693e-14
9.999999999999976685e-01
9.999999999999998890e-01
1.000000000000001776e+00
1.000000000000004441e+00
1.000000000000005551e+00
