0.00000000000000e+00 -8.55332354230005e+01
1.00000000000000e-01 -8.55332354229897e+01
2.00000000000000e-01 -8.55332354230031e+01
3.00000000000000e-01 -8.55332354230431e+01
4.00000000000000e-01 -8.55332354231131e+01
5.00000000000000e-01 -8.55332354232182e+01
6.00000000000000e-01 -8.55332354233622e+01
7.00000000000000e-01 -8.55332354235481e+01
8.00000000000000e-01 -8.55332354237813e+01
9.00000000000000e-01 -8.55332354240652e+01
1.00000000000000e+00 -8.55332354243998e+01
1.10000000000000e+00 -8.55332354247896e+01
1.20000000000000e+00 -8.55332354252358e+01
1.30000000000000e+00 -8.55332354257355e+01
1.40000000000000e+00 -8.55332354262907e+01
1.50000000000000e+00 -8.55332354269015e+01
1.60000000000000e+00 -8.55332354275615e+01
1.70000000000000e+00 -8.55332354282705e+01
1.80000000000000e+00 -8.55332354290271e+01
1.90000000000000e+00 -8.55332354298226e+01
2.00000000000000e+00 -8.55332354306530e+01
2.10000000000000e+00 -8.55332354315166e+01
2.20000000000000e+00 -8.55332354324013e+01
2.30000000000000e+00 -8.55332354333014e+01
2.40000000000000e+00 -8.55332354342139e+01
2.50000000000000e+00 -8.55332354351271e+01
2.60000000000000e+00 -8.55332354360328e+01
2.70000000000000e+00 -8.55332354369309e+01
2.80000000000000e+00 -8.55332354378113e+01
2.90000000000000e+00 -8.55332354386667e+01
3.00000000000000e+00 -8.55332354395004e+01
3.10000000000000e+00 -8.55332354403060e+01
3.20000000000000e+00 -8.55332354410774e+01
3.30000000000000e+00 -8.55332354418200e+01
3.40000000000000e+00 -8.55332354425306e+01
3.50000000000000e+00 -8.55332354432016e+01
3.60000000000000e+00 -8.55332354438381e+01
3.70000000000000e+00 -8.55332354444362e+01
3.80000000000000e+00 -8.55332354449859e+01
3.90000000000000e+00 -8.55332354454893e+01
4.00000000000000e+00 -8.55332354459415e+01
4.10000000000000e+00 -8.55332354463308e+01
4.20000000000000e+00 -8.55332354466570e+01
4.30000000000000e+00 -8.55332354469174e+01
4.40000000000000e+00 -8.55332354471017e+01
4.50000000000000e+00 -8.55332354472116e+01
4.60000000000000e+00 -8.55332354472490e+01
4.70000000000000e+00 -8.55332354472087e+01
4.80000000000000e+00 -8.55332354470956e+01
4.90000000000000e+00 -8.55332354469168e+01
5.00000000000000e+00 -8.55332354466723e+01
5.10000000000000e+00 -8.55332354463675e+01
5.20000000000000e+00 -8.55332354460122e+01
5.30000000000000e+00 -8.55332354456082e+01
5.40000000000000e+00 -8.55332354451591e+01
5.50000000000000e+00 -8.55332354446736e+01
5.60000000000000e+00 -8.55332354441535e+01
5.70000000000000e+00 -8.55332354436000e+01
5.80000000000000e+00 -8.55332354430199e+01
5.90000000000000e+00 -8.55332354424160e+01
6.00000000000000e+00 -8.55332354417885e+01
6.10000000000000e+00 -8.55332354411449e+01
6.20000000000000e+00 -8.55332354404899e+01
6.30000000000000e+00 -8.55332354398257e+01
6.40000000000000e+00 -8.55332354391600e+01
6.50000000000000e+00 -8.55332354385004e+01
6.60000000000000e+00 -8.55332354378491e+01
6.70000000000000e+00 -8.55332354372131e+01
6.80000000000000e+00 -8.55332354365997e+01
6.90000000000000e+00 -8.55332354360099e+01
7.00000000000000e+00 -8.55332354354468e+01
7.10000000000000e+00 -8.55332354349152e+01
7.20000000000000e+00 -8.55332354344150e+01
7.30000000000000e+00 -8.55332354339446e+01
7.40000000000000e+00 -8.55332354335071e+01
7.50000000000000e+00 -8.55332354331030e+01
7.60000000000000e+00 -8.55332354327287e+01
7.70000000000000e+00 -8.55332354323876e+01
7.80000000000000e+00 -8.55332354320822e+01
7.90000000000000e+00 -8.55332354318097e+01
8.00000000000000e+00 -8.55332354315733e+01
8.10000000000000e+00 -8.55332354313782e+01
8.20000000000000e+00 -8.55332354312206e+01
8.30000000000000e+00 -8.55332354311026e+01
8.40000000000000e+00 -8.55332354310289e+01
8.50000000000000e+00 -8.55332354309931e+01
8.60000000000000e+00 -8.55332354309929e+01
8.70000000000000e+00 -8.55332354310311e+01
8.80000000000000e+00 -8.55332354310985e+01
8.90000000000000e+00 -8.55332354311889e+01
9.00000000000000e+00 -8.55332354313033e+01
9.10000000000000e+00 -8.55332354314326e+01
9.20000000000000e+00 -8.55332354315689e+01
9.30000000000000e+00 -8.55332354317146e+01
9.40000000000000e+00 -8.55332354318632e+01
9.50000000000000e+00 -8.55332354320086e+01
9.60000000000000e+00 -8.55332354321549e+01
9.70000000000000e+00 -8.55332354323007e+01
9.80000000000000e+00 -8.55332354324414e+01
9.90000000000000e+00 -8.55332354325828e+01
1.00000000000000e+01 -8.55332354327268e+01
