 1 -0.21716624
 2 -0.21716624
 3 -0.03541273
 4 -0.03541273
 5 -0.03107518
 6 -0.03107518
 7 -0.02464259
 8 -0.02464259
 9 -0.02101232
 10 -0.02101232
 11 -0.01785394
 12 -0.01785394
 13 -0.01320545
 14 -0.01320545
 15 -0.01301832
 16 -0.01301832
 17 -0.00866624
 18 -0.00866624
 19 -0.00543217
 20 -0.00543217
 21 -0.00445390
 22 -0.00445390
 23 -0.00088093
 24 -0.00088093
 25 -0.00061826
 26 -0.00061826
 27 -0.00055861
 28 -0.00055860
 29 -0.00044655
 30 -0.00044655
 31 -0.00042761
 32 -0.00042761
 33 -0.00030299
 34 -0.00030299
 35 -0.00024049
 36 -0.00024049
 37 -0.00020884
 38 -0.00020884
 39 -0.00018498
 40 -0.00018498
 41 -0.00016227
 42 -0.00016227
 43 -0.00014191
 44 -0.00014191
 45 -0.00014158
 46 -0.00014158
 47 -0.00012381
 48 -0.00012381
 49 -0.00011265
 50 -0.00011265
 51 -0.00010548
 52 -0.00010548
 53 -0.00010293
 54 -0.00010293
 55 -0.00009007
 56 -0.00009007
 57 -0.00007439
 58 -0.00007439
 59 -0.00005813
 60 -0.00005813
 61 -0.00004813
 62 -0.00004813
 63 -0.00004473
 64 -0.00004473
 65 -0.00003949
 66 -0.00003949
 67 -0.00002315
 68 -0.00002315
 69 -0.00002167
 70 -0.00002167
 71 -0.00001976
 72 -0.00001976
 73 -0.00001789
 74 -0.00001789
 75 -0.00001710
 76 -0.00001710
 77 -0.00001135
 78 -0.00001135
 79 -0.00000989
 80 -0.00000989
 81 -0.00000939
 82 -0.00000939
 83 -0.00000526
 84 -0.00000526
 85 -0.00000281
 86 -0.00000281
 87 -0.00000216
 88 -0.00000216
 89 -0.00000210
 90 -0.00000210
 91 -0.00000183
 92 -0.00000183
 93 -0.00000179
 94 -0.00000179
 95 -0.00000131
 96 -0.00000131
 97 -0.00000102
 98 -0.00000102
 99 -0.00000094
 100 -0.00000094
 101 -0.00000082
 102 -0.00000082
 103 -0.00000075
 104 -0.00000075
 105 -0.00000031
 106 -0.00000031
 107 -0.00000026
 108 -0.00000026
 109 -0.00000023
 110 -0.00000023
 111 -0.00000010
 112 -0.00000010
 113 -0.00000000
 114 -0.00000000
 115 -0.00000000
 116 -0.00000000
 117 -0.00000000
 118 -0.00000000
 119 -0.00000000
 120 -0.00000000
 121 -0.00000000
 122 -0.00000000
 123 -0.00000000
 124 -0.00000000
 125 -0.00000000
 126 -0.00000000
 127 -0.00000000
 128 -0.00000000
 129 -0.00000000
 130 -0.00000000
 131 -0.00000000
 132 -0.00000000
 133 -0.00000000
 134 -0.00000000
 135 -0.00000000
 136 -0.00000000
 137 -0.00000000
 138 -0.00000000
 139 -0.00000000
 140 -0.00000000
 141 -0.00000000
 142 -0.00000000
 143 -0.00000000
 144 -0.00000000
 145 -0.00000000
 146 -0.00000000
 147 -0.00000000
 148 -0.00000000
 149 -0.00000000
 150 -0.00000000
 151 -0.00000000
 152 -0.00000000
 153 -0.00000000
 154 -0.00000000
 155 -0.00000000
 156 -0.00000000
 157 -0.00000000
 158 -0.00000000
 159 -0.00000000
 160 -0.00000000
 161 -0.00000000
 162 -0.00000000
 163 -0.00000000
 164 -0.00000000
 165 -0.00000000
 166 -0.00000000
 167 -0.00000000
 168 -0.00000000
 169 -0.00000000
 170 -0.00000000
 171 -0.00000000
 172 -0.00000000
 173 -0.00000000
 174 -0.00000000
 175 -0.00000000
 176 -0.00000000
 177 -0.00000000
 178 -0.00000000
 179 -0.00000000
 180 -0.00000000
 181 -0.00000000
 182 -0.00000000
 183 -0.00000000
 184 -0.00000000
 185 -0.00000000
 186 -0.00000000
 187 -0.00000000
 188 -0.00000000
 189 -0.00000000
 190 -0.00000000
 191 -0.00000000
 192 -0.00000000
 193 -0.00000000
 194 -0.00000000
 195 -0.00000000
 196 -0.00000000
 197 -0.00000000
 198 -0.00000000
 199 -0.00000000
 200 -0.00000000
 201 -0.00000000
 202 -0.00000000
 203 -0.00000000
 204 -0.00000000
 205 -0.00000000
 206 -0.00000000
 207 -0.00000000
 208 -0.00000000
 209 -0.00000000
 210 -0.00000000
 211 -0.00000000
 212 -0.00000000
 213 -0.00000000
 214 -0.00000000
 215 -0.00000000
 216 -0.00000000
 217 -0.00000000
 218 -0.00000000
 219 -0.00000000
 220 -0.00000000
 221 -0.00000000
 222 -0.00000000
 223 -0.00000000
 224 -0.00000000
 225 -0.00000000
 226 -0.00000000
 227 -0.00000000
 228 -0.00000000
 229 -0.00000000
 230 -0.00000000
 231 -0.00000000
 232 -0.00000000
 233 -0.00000000
 234 -0.00000000
 235 -0.00000000
 236 -0.00000000
 237 -0.00000000
 238 -0.00000000
 239 -0.00000000
 240 -0.00000000
 241 -0.00000000
 242 -0.00000000
 243 -0.00000000
 244 -0.00000000
 245 -0.00000000
 246 -0.00000000
 247 -0.00000000
 248 -0.00000000
 249 -0.00000000
 250 -0.00000000
 251 -0.00000000
 252 -0.00000000
 253 -0.00000000
 254 -0.00000000
 255 -0.00000000
 256 -0.00000000
 257 -0.00000000
 258 -0.00000000
 259 -0.00000000
 260 -0.00000000
 261 -0.00000000
 262 -0.00000000
 263 -0.00000000
 264 -0.00000000
 265 -0.00000000
 266 -0.00000000
 267 -0.00000000
 268 -0.00000000
 269 -0.00000000
 270 -0.00000000
 271 -0.00000000
 272 -0.00000000
 273 -0.00000000
 274 -0.00000000
 275 -0.00000000
 276 -0.00000000
 277 -0.00000000
 278 -0.00000000
 279 -0.00000000
 280 -0.00000000
 281 -0.00000000
 282 -0.00000000
 283 -0.00000000
 284 -0.00000000
 285 -0.00000000
 286 -0.00000000
 287 -0.00000000
 288 -0.00000000
 289 -0.00000000
 290 -0.00000000
 291 -0.00000000
 292 -0.00000000
 293 -0.00000000
 294 -0.00000000
 295 -0.00000000
 296 -0.00000000
 297 -0.00000000
 298 -0.00000000
 299 -0.00000000
 300 -0.00000000
 301 -0.00000000
 302 -0.00000000
 303 -0.00000000
 304 -0.00000000
 305 -0.00000000
 306 -0.00000000
 307 -0.00000000
 308 -0.00000000
 309 -0.00000000
 310 -0.00000000
 311 -0.00000000
 312 -0.00000000
 313 -0.00000000
 314 -0.00000000
 315 -0.00000000
 316 -0.00000000
 317 -0.00000000
 318 -0.00000000
 319 -0.00000000
 320 -0.00000000
 321 -0.00000000
 322 -0.00000000
 323 -0.00000000
 324 -0.00000000
 325 -0.00000000
 326 -0.00000000
 327 -0.00000000
 328 -0.00000000
 329 -0.00000000
 330 -0.00000000
 331 -0.00000000
 332 -0.00000000
 333 -0.00000000
 334 -0.00000000
 335 -0.00000000
 336 -0.00000000
 337 -0.00000000
 338 -0.00000000
 339 -0.00000000
 340 -0.00000000
 341 -0.00000000
 342 -0.00000000
 343 -0.00000000
 344 -0.00000000
 345 -0.00000000
 346 -0.00000000
 347 -0.00000000
 348 -0.00000000
 349 -0.00000000
 350 -0.00000000
 351 -0.00000000
 352 -0.00000000
 353 -0.00000000
 354 -0.00000000
 355 -0.00000000
 356 -0.00000000
 357 -0.00000000
 358 -0.00000000
 359 -0.00000000
 360 -0.00000000
 361 -0.00000000
 362 -0.00000000
 363 -0.00000000
 364 -0.00000000
 365 -0.00000000
 366 -0.00000000
 367 -0.00000000
 368 -0.00000000
 369 -0.00000000
 370 -0.00000000
 371 -0.00000000
 372 -0.00000000
 373 -0.00000000
 374 -0.00000000
 375 -0.00000000
 376 -0.00000000
 377 -0.00000000
 378 -0.00000000
 379 -0.00000000
 380 -0.00000000
 381 -0.00000000
 382 -0.00000000
 383 -0.00000000
 384 -0.00000000
 385 -0.00000000
 386 -0.00000000
 387 -0.00000000
 388 -0.00000000
 389 -0.00000000
 390 -0.00000000
 391 -0.00000000
 392 -0.00000000
 393 -0.00000000
 394 -0.00000000
 395 -0.00000000
 396 -0.00000000
 397 -0.00000000
 398 -0.00000000
 399 -0.00000000
 400 -0.00000000
 401 -0.00000000
 402 -0.00000000
 403 -0.00000000
 404 -0.00000000
 405 -0.00000000
 406 -0.00000000
 407 -0.00000000
 408 -0.00000000
 409 -0.00000000
 410 -0.00000000
 411 -0.00000000
 412 -0.00000000
 413 -0.00000000
 414 -0.00000000
 415 -0.00000000
 416 -0.00000000
 417 -0.00000000
 418 -0.00000000
 419 -0.00000000
 420 -0.00000000
 421 -0.00000000
 422 -0.00000000
 423 -0.00000000
 424 -0.00000000
 425 -0.00000000
 426 -0.00000000
 427 -0.00000000
 428 -0.00000000
 429 -0.00000000
 430 -0.00000000
 431 -0.00000000
 432 -0.00000000
 433 -0.00000000
 434 -0.00000000
 435 -0.00000000
 436 -0.00000000
 437 -0.00000000
 438 -0.00000000
 439 -0.00000000
 440 -0.00000000
 441 -0.00000000
 442 -0.00000000
 443 -0.00000000
 444 -0.00000000
 445 -0.00000000
 446 -0.00000000
 447 -0.00000000
 448 -0.00000000
 449 -0.00000000
 450 -0.00000000
 451 -0.00000000
 452 -0.00000000
 453 -0.00000000
 454 -0.00000000
 455 -0.00000000
 456 -0.00000000
 457 -0.00000000
 458 -0.00000000
 459 -0.00000000
 460 -0.00000000
 461 -0.00000000
 462 -0.00000000
 463 -0.00000000
 464 -0.00000000
 465 -0.00000000
 466 -0.00000000
 467 -0.00000000
 468 -0.00000000
 469 -0.00000000
 470 -0.00000000
 471 -0.00000000
 472 -0.00000000
 473 -0.00000000
 474 -0.00000000
 475 -0.00000000
 476 -0.00000000
 477 -0.00000000
 478 -0.00000000
 479 -0.00000000
 480 -0.00000000
 481 -0.00000000
 482 -0.00000000
 483 -0.00000000
 484 -0.00000000
 485 -0.00000000
 486 -0.00000000
 487 -0.00000000
 488 -0.00000000
 489 -0.00000000
 490 -0.00000000
 491 -0.00000000
 492 -0.00000000
 493 -0.00000000
 494 -0.00000000
 495 -0.00000000
 496 -0.00000000
 497 -0.00000000
 498 -0.00000000
 499 -0.00000000
 500 -0.00000000
 501 -0.00000000
 502 -0.00000000
 503 -0.00000000
 504 -0.00000000
 505 -0.00000000
 506 -0.00000000
 507 -0.00000000
 508 -0.00000000
 509 -0.00000000
 510 -0.00000000
 511 -0.00000000
 512 -0.00000000
 513 -0.00000000
 514 -0.00000000
 515 -0.00000000
 516 -0.00000000
 517 -0.00000000
 518 -0.00000000
 519 -0.00000000
 520 -0.00000000
 521 -0.00000000
 522 -0.00000000
 523 -0.00000000
 524 -0.00000000
 525 -0.00000000
 526 -0.00000000
 527 -0.00000000
 528 -0.00000000
 529 -0.00000000
 530 -0.00000000
 531 -0.00000000
 532 -0.00000000
 533 -0.00000000
 534 -0.00000000
 535 -0.00000000
 536 -0.00000000
 537 -0.00000000
 538 -0.00000000
 539 -0.00000000
 540 -0.00000000
 541 -0.00000000
 542 -0.00000000
 543 -0.00000000
 544 -0.00000000
 545 -0.00000000
 546 -0.00000000
 547 -0.00000000
 548 -0.00000000
 549 -0.00000000
 550 -0.00000000
 551 -0.00000000
 552 -0.00000000
 553 -0.00000000
 554 -0.00000000
 555 -0.00000000
 556 -0.00000000
 557 -0.00000000
 558 -0.00000000
 559 -0.00000000
 560 -0.00000000
 561 -0.00000000
 562 -0.00000000
 563 -0.00000000
 564 -0.00000000
 565 -0.00000000
 566 -0.00000000
 567 -0.00000000
 568 -0.00000000
 569 -0.00000000
 570 -0.00000000
 571 -0.00000000
 572 -0.00000000
 573 -0.00000000
 574 -0.00000000
 575 -0.00000000
 576 -0.00000000
 577 -0.00000000
 578 -0.00000000
 579 -0.00000000
 580 -0.00000000
 581 -0.00000000
 582 -0.00000000
 583 -0.00000000
 584 -0.00000000
 585 -0.00000000
 586 -0.00000000
 587 -0.00000000
 588 -0.00000000
 589 -0.00000000
 590 -0.00000000
 591 -0.00000000
 592 -0.00000000
 593 -0.00000000
 594 -0.00000000
 595 -0.00000000
 596 -0.00000000
 597 -0.00000000
 598 -0.00000000
 599 -0.00000000
 600 -0.00000000
 601 -0.00000000
 602 -0.00000000
 603 -0.00000000
 604 -0.00000000
 605 -0.00000000
 606 -0.00000000
 607 -0.00000000
 608 -0.00000000
 609 -0.00000000
 610 -0.00000000
 611 -0.00000000
 612 -0.00000000
 613 -0.00000000
 614 -0.00000000
 615 -0.00000000
 616 -0.00000000
 617 -0.00000000
 618 -0.00000000
 619 -0.00000000
 620 -0.00000000
 621 -0.00000000
 622 -0.00000000
 623 -0.00000000
 624 -0.00000000
 625 -0.00000000
 626 -0.00000000
 627 -0.00000000
 628 -0.00000000
 629 -0.00000000
 630 -0.00000000
 631 -0.00000000
 632 -0.00000000
 633 -0.00000000
 634 -0.00000000
 635 -0.00000000
 636 -0.00000000
 637 -0.00000000
 638 -0.00000000
 639 -0.00000000
 640 -0.00000000
 641 -0.00000000
 642 -0.00000000
 643 -0.00000000
 644 -0.00000000
 645 -0.00000000
 646 -0.00000000
 647 -0.00000000
 648 -0.00000000
 649 -0.00000000
 650 -0.00000000
 651 -0.00000000
 652 -0.00000000
 653 -0.00000000
 654 -0.00000000
 655 -0.00000000
 656 -0.00000000
 657 -0.00000000
 658 -0.00000000
 659 -0.00000000
 660 -0.00000000
 661 -0.00000000
 662 -0.00000000
 663 -0.00000000
 664 -0.00000000
 665 -0.00000000
 666 -0.00000000
 667 -0.00000000
 668 -0.00000000
 669 -0.00000000
 670 -0.00000000
 671 -0.00000000
 672 -0.00000000
 673 -0.00000000
 674 -0.00000000
 675 -0.00000000
 676 -0.00000000
 677 -0.00000000
 678 -0.00000000
 679 -0.00000000
 680 -0.00000000
 681 -0.00000000
 682 -0.00000000
 683 -0.00000000
 684 -0.00000000
 685 -0.00000000
 686 -0.00000000
 687 -0.00000000
 688 -0.00000000
 689 -0.00000000
 690 -0.00000000
 691 -0.00000000
 692 -0.00000000
 693 -0.00000000
 694 -0.00000000
 695 -0.00000000
 696 -0.00000000
 697 -0.00000000
 698 -0.00000000
 699 -0.00000000
 700 -0.00000000
 701 -0.00000000
 702 -0.00000000
 703 -0.00000000
 704 -0.00000000
 705 -0.00000000
 706 -0.00000000
 707 -0.00000000
 708 -0.00000000
 709 -0.00000000
 710 -0.00000000
 711 -0.00000000
 712 -0.00000000
 713 -0.00000000
 714 -0.00000000
 715 -0.00000000
 716 -0.00000000
 717 -0.00000000
 718 -0.00000000
 719 -0.00000000
 720 -0.00000000
 721 -0.00000000
 722 -0.00000000
 723 -0.00000000
 724 -0.00000000
 725 -0.00000000
 726 -0.00000000
 727 -0.00000000
 728 -0.00000000
 729 -0.00000000
 730 -0.00000000
 731 -0.00000000
 732 -0.00000000
 733 -0.00000000
 734 -0.00000000
 735 -0.00000000
 736 -0.00000000
 737 -0.00000000
 738 -0.00000000
 739 -0.00000000
 740 -0.00000000
 741 -0.00000000
 742 -0.00000000
 743 -0.00000000
 744 -0.00000000
 745 -0.00000000
 746 -0.00000000
 747 -0.00000000
 748 -0.00000000
 749 -0.00000000
 750 -0.00000000
 751 -0.00000000
 752 -0.00000000
 753 -0.00000000
 754 -0.00000000
 755 -0.00000000
 756 -0.00000000
 757 -0.00000000
 758 -0.00000000
 759 -0.00000000
 760 -0.00000000
 761 -0.00000000
 762 -0.00000000
 763 -0.00000000
 764 -0.00000000
 765 -0.00000000
 766 -0.00000000
 767 -0.00000000
 768 -0.00000000
 769 -0.00000000
 770 -0.00000000
 771 -0.00000000
 772 -0.00000000
 773 -0.00000000
 774 -0.00000000
 775 -0.00000000
 776 -0.00000000
 777 -0.00000000
 778 -0.00000000
 779 -0.00000000
 780 -0.00000000
 781 -0.00000000
 782 -0.00000000
 783 -0.00000000
 784 -0.00000000
 785 -0.00000000
 786 -0.00000000
 787 -0.00000000
 788 -0.00000000
 789 -0.00000000
 790 -0.00000000
 791 -0.00000000
 792 -0.00000000
 793 -0.00000000
 794 -0.00000000
 795 -0.00000000
 796 -0.00000000
 797 -0.00000000
 798 -0.00000000
 799 -0.00000000
 800 -0.00000000
 801 -0.00000000
 802 -0.00000000
 803 -0.00000000
 804 -0.00000000
 805 -0.00000000
 806 -0.00000000
 807 -0.00000000
 808 -0.00000000
 809 -0.00000000
 810 -0.00000000
 811 -0.00000000
 812 -0.00000000
 813 -0.00000000
 814 -0.00000000
 815 -0.00000000
 816 -0.00000000
 817 -0.00000000
 818 -0.00000000
 819 -0.00000000
 820 -0.00000000
 821 -0.00000000
 822 -0.00000000
 823 -0.00000000
 824 -0.00000000
 825 -0.00000000
 826 -0.00000000
 827 -0.00000000
 828 -0.00000000
 829 -0.00000000
 830 -0.00000000
 831 -0.00000000
 832 -0.00000000
 833 -0.00000000
 834 -0.00000000
 835 -0.00000000
 836 -0.00000000
 837 -0.00000000
 838 -0.00000000
 839 -0.00000000
 840 -0.00000000
 841 -0.00000000
 842 -0.00000000
 843 -0.00000000
 844 -0.00000000
 845 -0.00000000
 846 -0.00000000
 847 -0.00000000
 848 -0.00000000
 849 -0.00000000
 850 -0.00000000
 851 -0.00000000
 852 -0.00000000
 853 -0.00000000
 854 -0.00000000
 855 -0.00000000
 856 -0.00000000
 857 -0.00000000
 858 -0.00000000
 859 -0.00000000
 860 -0.00000000
 861 -0.00000000
 862 -0.00000000
 863 -0.00000000
 864 -0.00000000
 865 -0.00000000
 866 -0.00000000
 867 -0.00000000
 868 -0.00000000
 869 -0.00000000
 870 -0.00000000
 871 -0.00000000
 872 -0.00000000
 873 -0.00000000
 874 -0.00000000
 875 -0.00000000
 876 -0.00000000
 877 -0.00000000
 878 -0.00000000
 879 -0.00000000
 880 -0.00000000
 881 -0.00000000
 882 -0.00000000
 883 -0.00000000
 884 -0.00000000
 885 -0.00000000
 886 -0.00000000
 887 -0.00000000
 888 -0.00000000
 889 -0.00000000
 890 -0.00000000
 891 -0.00000000
 892 -0.00000000
 893 -0.00000000
 894 -0.00000000
 895 -0.00000000
 896 -0.00000000
 897 -0.00000000
 898 -0.00000000
 899 -0.00000000
 900 -0.00000000
 901 -0.00000000
 902 -0.00000000
 903 -0.00000000
 904 -0.00000000
 905 -0.00000000
 906 -0.00000000
 907 -0.00000000
 908 -0.00000000
 909 -0.00000000
 910 -0.00000000
 911 -0.00000000
 912 -0.00000000
 913 -0.00000000
 914 -0.00000000
 915 -0.00000000
 916 -0.00000000
 917 -0.00000000
 918 -0.00000000
 919 -0.00000000
 920 -0.00000000
 921 -0.00000000
 922 -0.00000000
 923 -0.00000000
 924 -0.00000000
 925 -0.00000000
 926 -0.00000000
 927 -0.00000000
 928 -0.00000000
 929 -0.00000000
 930 -0.00000000
 931 -0.00000000
 932 -0.00000000
 933 -0.00000000
 934 -0.00000000
 935 -0.00000000
 936 -0.00000000
 937 -0.00000000
 938 -0.00000000
 939 -0.00000000
 940 -0.00000000
 941 -0.00000000
 942 -0.00000000
 943 -0.00000000
 944 -0.00000000
 945 -0.00000000
 946 -0.00000000
 947 -0.00000000
 948 -0.00000000
 949 -0.00000000
 950 -0.00000000
 951 -0.00000000
 952 -0.00000000
 953 -0.00000000
 954 -0.00000000
 955 -0.00000000
 956 -0.00000000
 957 -0.00000000
 958 -0.00000000
 959 -0.00000000
 960 -0.00000000
 961 -0.00000000
 962 -0.00000000
 963 -0.00000000
 964 -0.00000000
 965 -0.00000000
 966 -0.00000000
 967 -0.00000000
 968 -0.00000000
 969 -0.00000000
 970 -0.00000000
 971 -0.00000000
 972 -0.00000000
 973 -0.00000000
 974 -0.00000000
 975 -0.00000000
 976 -0.00000000
 977 -0.00000000
 978 -0.00000000
 979 -0.00000000
 980 -0.00000000
 981 -0.00000000
 982 -0.00000000
 983 -0.00000000
 984 -0.00000000
 985 -0.00000000
 986 -0.00000000
 987 -0.00000000
 988 -0.00000000
 989 -0.00000000
 990 -0.00000000
 991 -0.00000000
 992 -0.00000000
 993 -0.00000000
 994 -0.00000000
 995 -0.00000000
 996 -0.00000000
 997 -0.00000000
 998 -0.00000000
 999 -0.00000000
 1000 -0.00000000
 1001 -0.00000000
 1002 -0.00000000
 1003 -0.00000000
 1004 -0.00000000
 1005 -0.00000000
 1006 -0.00000000
 1007 -0.00000000
 1008 -0.00000000
 1009 -0.00000000
 1010 -0.00000000
 1011 -0.00000000
 1012 -0.00000000
 1013 -0.00000000
 1014 -0.00000000
 1015 -0.00000000
 1016 -0.00000000
 1017 -0.00000000
 1018 -0.00000000
 1019 -0.00000000
 1020 -0.00000000
 1021 -0.00000000
 1022 -0.00000000
 1023 -0.00000000
 1024 -0.00000000
 1025 -0.00000000
 1026 -0.00000000
 1027 -0.00000000
 1028 -0.00000000
 1029 -0.00000000
 1030 -0.00000000
 1031 -0.00000000
 1032 -0.00000000
 1033 -0.00000000
 1034 -0.00000000
 1035 -0.00000000
 1036 -0.00000000
 1037 -0.00000000
 1038 -0.00000000
 1039 -0.00000000
 1040 -0.00000000
 1041 -0.00000000
 1042 -0.00000000
 1043 -0.00000000
 1044 -0.00000000
 1045 -0.00000000
 1046 -0.00000000
 1047 -0.00000000
 1048 -0.00000000
 1049 -0.00000000
 1050 -0.00000000
 1051 -0.00000000
 1052 -0.00000000
 1053 -0.00000000
 1054 -0.00000000
 1055 -0.00000000
 1056 -0.00000000
 1057 -0.00000000
 1058 -0.00000000
 1059 -0.00000000
 1060 -0.00000000
 1061 -0.00000000
 1062 -0.00000000
 1063 -0.00000000
 1064 -0.00000000
 1065 -0.00000000
 1066 -0.00000000
 1067 -0.00000000
 1068 -0.00000000
 1069 -0.00000000
 1070 -0.00000000
 1071 -0.00000000
 1072 -0.00000000
 1073 -0.00000000
 1074 -0.00000000
 1075 -0.00000000
 1076 -0.00000000
 1077 -0.00000000
 1078 -0.00000000
 1079 -0.00000000
 1080 -0.00000000
 1081 -0.00000000
 1082 -0.00000000
 1083 -0.00000000
 1084 -0.00000000
 1085 -0.00000000
 1086 -0.00000000
 1087 -0.00000000
 1088 -0.00000000
 1089 -0.00000000
 1090 -0.00000000
 1091 -0.00000000
 1092 -0.00000000
 1093 -0.00000000
 1094 -0.00000000
 1095 -0.00000000
 1096 -0.00000000
 1097 -0.00000000
 1098 -0.00000000
 1099 -0.00000000
 1100 -0.00000000
 1101 -0.00000000
 1102 -0.00000000
 1103 -0.00000000
 1104 -0.00000000
 1105 -0.00000000
 1106 -0.00000000
 1107 -0.00000000
 1108 -0.00000000
 1109 -0.00000000
 1110 -0.00000000
 1111 -0.00000000
 1112 -0.00000000
 1113 -0.00000000
 1114 -0.00000000
 1115 -0.00000000
 1116 -0.00000000
 1117 -0.00000000
 1118 -0.00000000
 1119 -0.00000000
 1120 -0.00000000
 1121 -0.00000000
 1122 -0.00000000
 1123 -0.00000000
 1124 -0.00000000
 1125 -0.00000000
 1126 -0.00000000
 1127 -0.00000000
 1128 -0.00000000
 1129 -0.00000000
 1130 -0.00000000
 1131 -0.00000000
 1132 -0.00000000
 1133 -0.00000000
 1134 -0.00000000
 1135 -0.00000000
 1136 -0.00000000
 1137 -0.00000000
 1138 -0.00000000
 1139 -0.00000000
 1140 -0.00000000
 1141 -0.00000000
 1142 -0.00000000
 1143 -0.00000000
 1144 -0.00000000
 1145 -0.00000000
 1146 -0.00000000
 1147 -0.00000000
 1148 -0.00000000
 1149 -0.00000000
 1150 -0.00000000
 1151 -0.00000000
 1152 -0.00000000
 1153 -0.00000000
 1154 -0.00000000
 1155 -0.00000000
 1156 -0.00000000
 1157 -0.00000000
 1158 -0.00000000
 1159 -0.00000000
 1160 -0.00000000
 1161 -0.00000000
 1162 -0.00000000
 1163 -0.00000000
 1164 -0.00000000
 1165 -0.00000000
 1166 -0.00000000
 1167 -0.00000000
 1168 -0.00000000
 1169 -0.00000000
 1170 -0.00000000
 1171 -0.00000000
 1172 -0.00000000
 1173 -0.00000000
 1174 -0.00000000
 1175 -0.00000000
 1176 -0.00000000
 1177 -0.00000000
 1178 -0.00000000
 1179 -0.00000000
 1180 -0.00000000
 1181 -0.00000000
 1182 -0.00000000
 1183 -0.00000000
 1184 -0.00000000
 1185 -0.00000000
 1186 -0.00000000
 1187 -0.00000000
 1188 -0.00000000
 1189 -0.00000000
 1190 -0.00000000
 1191 -0.00000000
 1192 -0.00000000
 1193 -0.00000000
 1194 -0.00000000
 1195 -0.00000000
 1196 -0.00000000
 1197 -0.00000000
 1198 -0.00000000
 1199 -0.00000000
 1200 -0.00000000
 1201 -0.00000000
 1202 -0.00000000
 1203 -0.00000000
 1204 -0.00000000
 1205 -0.00000000
 1206 -0.00000000
 1207 -0.00000000
 1208 -0.00000000
 1209 -0.00000000
 1210 -0.00000000
 1211 -0.00000000
 1212 -0.00000000
 1213 -0.00000000
 1214 -0.00000000
 1215 -0.00000000
 1216 -0.00000000
 1217 -0.00000000
 1218 -0.00000000
 1219 -0.00000000
 1220 -0.00000000
 1221 -0.00000000
 1222 -0.00000000
 1223 -0.00000000
 1224 -0.00000000
 1225 -0.00000000
 1226 -0.00000000
 1227 -0.00000000
 1228 -0.00000000
 1229 -0.00000000
 1230 -0.00000000
 1231 -0.00000000
 1232 -0.00000000
 1233 -0.00000000
 1234 -0.00000000
 1235 -0.00000000
 1236 -0.00000000
 1237 -0.00000000
 1238 -0.00000000
 1239 -0.00000000
 1240 -0.00000000
 1241 -0.00000000
 1242 -0.00000000
 1243 -0.00000000
 1244 -0.00000000
 1245 -0.00000000
 1246 -0.00000000
 1247 -0.00000000
 1248 -0.00000000
 1249 -0.00000000
 1250 -0.00000000
 1251 -0.00000000
 1252 -0.00000000
 1253 -0.00000000
 1254 -0.00000000
 1255 -0.00000000
 1256 -0.00000000
 1257 -0.00000000
 1258 -0.00000000
 1259 -0.00000000
 1260 -0.00000000
 1261 -0.00000000
 1262 -0.00000000
 1263 -0.00000000
 1264 -0.00000000
 1265 -0.00000000
 1266 -0.00000000
 1267 -0.00000000
 1268 -0.00000000
 1269 -0.00000000
 1270 -0.00000000
 1271 -0.00000000
 1272 -0.00000000
 1273 -0.00000000
 1274 -0.00000000
 1275 -0.00000000
 1276 -0.00000000
 1277 -0.00000000
 1278 -0.00000000
 1279 -0.00000000
 1280 -0.00000000
 1281 -0.00000000
 1282 -0.00000000
 1283 -0.00000000
 1284 -0.00000000
 1285 0.00000000
 1286 0.00000000
 1287 0.00000000
 1288 0.00000000
 1289 0.00000000
 1290 0.00000000
 1291 0.00000000
 1292 0.00000000
 1293 0.00000000
 1294 0.00000000
 1295 0.00000000
 1296 0.00000000
 1297 0.00000000
 1298 0.00000000
 1299 0.00000000
 1300 0.00000000
 1301 0.00000000
 1302 0.00000000
 1303 0.00000000
 1304 0.00000000
 1305 0.00000000
 1306 0.00000000
 1307 0.00000000
 1308 0.00000000
 1309 0.00000000
 1310 0.00000000
 1311 0.00000000
 1312 0.00000000
 1313 0.00000000
 1314 0.00000000
 1315 0.00000000
 1316 0.00000000
 1317 0.00000000
 1318 0.00000000
 1319 0.00000000
 1320 0.00000000
 1321 0.00000000
 1322 0.00000000
 1323 0.00000000
 1324 0.00000000
 1325 0.00000000
 1326 0.00000000
 1327 0.00000000
 1328 0.00000000
 1329 0.00000000
 1330 0.00000000
 1331 0.00000000
 1332 0.00000000
 1333 0.00000000
 1334 0.00000000
 1335 0.00000000
 1336 0.00000000
 1337 0.00000000
 1338 0.00000000
 1339 0.00000000
 1340 0.00000000
 1341 0.00000000
 1342 0.00000000
 1343 0.00000000
 1344 0.00000000
 1345 0.00000000
 1346 0.00000000
 1347 0.00000000
 1348 0.00000000
 1349 0.00000000
 1350 0.00000000
 1351 0.00000000
 1352 0.00000000
 1353 0.00000000
 1354 0.00000000
 1355 0.00000000
 1356 0.00000000
 1357 0.00000000
 1358 0.00000000
 1359 0.00000000
 1360 0.00000000
 1361 0.00000000
 1362 0.00000000
 1363 0.00000000
 1364 0.00000000
 1365 0.00000000
 1366 0.00000000
 1367 0.00000000
 1368 0.00000000
 1369 0.00000000
 1370 0.00000000
 1371 0.00000000
 1372 0.00000000
 1373 0.00000000
 1374 0.00000000
 1375 0.00000000
 1376 0.00000000
 1377 0.00000000
 1378 0.00000000
 1379 0.00000000
 1380 0.00000000
 1381 0.00000000
 1382 0.00000000
 1383 0.00000000
 1384 0.00000000
 1385 0.00000000
 1386 0.00000000
 1387 0.00000000
 1388 0.00000000
 1389 0.00000000
 1390 0.00000000
 1391 0.00000000
 1392 0.00000000
 1393 0.00000000
 1394 0.00000000
 1395 0.00000000
 1396 0.00000000
 1397 0.00000000
 1398 0.00000000
 1399 0.00000000
 1400 0.00000000
 1401 0.00000000
 1402 0.00000000
 1403 0.00000000
 1404 0.00000000
 1405 0.00000000
 1406 0.00000000
 1407 0.00000000
 1408 0.00000000
 1409 0.00000000
 1410 0.00000000
 1411 0.00000000
 1412 0.00000000
 1413 0.00000000
 1414 0.00000000
 1415 0.00000000
 1416 0.00000000
 1417 0.00000000
 1418 0.00000000
 1419 0.00000000
 1420 0.00000000
 1421 0.00000000
 1422 0.00000000
 1423 0.00000000
 1424 0.00000000
 1425 0.00000000
 1426 0.00000000
 1427 0.00000000
 1428 0.00000000
 1429 0.00000000
 1430 0.00000000
 1431 0.00000000
 1432 0.00000000
 1433 0.00000000
 1434 0.00000000
 1435 0.00000000
 1436 0.00000000
 1437 0.00000000
 1438 0.00000000
 1439 0.00000000
 1440 0.00000000
 1441 0.00000000
 1442 0.00000000
 1443 0.00000000
 1444 0.00000000
 1445 0.00000000
 1446 0.00000000
 1447 0.00000000
 1448 0.00000000
 1449 0.00000000
 1450 0.00000000
 1451 0.00000000
 1452 0.00000000
 1453 0.00000000
 1454 0.00000000
 1455 0.00000000
 1456 0.00000000
 1457 0.00000000
 1458 0.00000000
 1459 0.00000000
 1460 0.00000000
 1461 0.00000000
 1462 0.00000000
 1463 0.00000000
 1464 0.00000000
 1465 0.00000000
 1466 0.00000000
 1467 0.00000000
 1468 0.00000000
 1469 0.00000000
 1470 0.00000000
 1471 0.00000000
 1472 0.00000000
 1473 0.00000000
 1474 0.00000000
 1475 0.00000000
 1476 0.00000000
 1477 0.00000000
 1478 0.00000000
 1479 0.00000000
 1480 0.00000000
 1481 0.00000000
 1482 0.00000000
 1483 0.00000000
 1484 0.00000000
 1485 0.00000000
 1486 0.00000000
 1487 0.00000000
 1488 0.00000000
 1489 0.00000000
 1490 0.00000000
 1491 0.00000000
 1492 0.00000000
 1493 0.00000000
 1494 0.00000000
 1495 0.00000000
 1496 0.00000000
 1497 0.00000000
 1498 0.00000000
 1499 0.00000000
 1500 0.00000000
 1501 0.00000000
 1502 0.00000000
 1503 0.00000000
 1504 0.00000000
 1505 0.00000000
 1506 0.00000000
 1507 0.00000000
 1508 0.00000000
 1509 0.00000000
 1510 0.00000000
 1511 0.00000000
 1512 0.00000000
 1513 0.00000000
 1514 0.00000000
 1515 0.00000000
 1516 0.00000000
 1517 0.00000000
 1518 0.00000000
 1519 0.00000000
 1520 0.00000000
 1521 0.00000000
 1522 0.00000000
 1523 0.00000000
 1524 0.00000000
 1525 0.00000000
 1526 0.00000000
 1527 0.00000000
 1528 0.00000000
 1529 0.00000000
 1530 0.00000000
 1531 0.00000000
 1532 0.00000000
 1533 0.00000000
 1534 0.00000000
 1535 0.00000000
 1536 0.00000000
 1537 0.00000000
 1538 0.00000000
 1539 0.00000000
 1540 0.00000000
 1541 0.00000000
 1542 0.00000000
 1543 0.00000000
 1544 0.00000000
 1545 0.00000000
 1546 0.00000000
 1547 0.00000000
 1548 0.00000000
 1549 0.00000000
 1550 0.00000000
 1551 0.00000000
 1552 0.00000000
 1553 0.00000000
 1554 0.00000000
 1555 0.00000000
 1556 0.00000000
 1557 0.00000000
 1558 0.00000000
 1559 0.00000000
 1560 0.00000000
 1561 0.00000000
 1562 0.00000000
 1563 0.00000000
 1564 0.00000000
 1565 0.00000000
 1566 0.00000000
 1567 0.00000000
 1568 0.00000000
 1569 0.00000000
 1570 0.00000000
 1571 0.00000000
 1572 0.00000000
 1573 0.00000000
 1574 0.00000000
 1575 0.00000000
 1576 0.00000000
 1577 0.00000000
 1578 0.00000000
 1579 0.00000000
 1580 0.00000000
 1581 0.00000000
 1582 0.00000000
 1583 0.00000000
 1584 0.00000000
 1585 0.00000000
 1586 0.00000000
 1587 0.00000000
 1588 0.00000000
 1589 0.00000000
 1590 0.00000000
 1591 0.00000000
 1592 0.00000000
 1593 0.00000000
 1594 0.00000000
 1595 0.00000000
 1596 0.00000000
 1597 0.00000000
 1598 0.00000000
 1599 0.00000000
 1600 0.00000000
 1601 0.00000000
 1602 0.00000000
 1603 0.00000000
 1604 0.00000000
 1605 0.00000000
 1606 0.00000000
 1607 0.00000000
 1608 0.00000000
 1609 0.00000000
 1610 0.00000000
 1611 0.00000000
 1612 0.00000000
 1613 0.00000000
 1614 0.00000000
 1615 0.00000000
 1616 0.00000000
 1617 0.00000000
 1618 0.00000000
 1619 0.00000000
 1620 0.00000000
 1621 0.00000000
 1622 0.00000000
 1623 0.00000000
 1624 0.00000000
 1625 0.00000000
 1626 0.00000000
 1627 0.00000000
 1628 0.00000000
 1629 0.00000000
 1630 0.00000000
 1631 0.00000000
 1632 0.00000000
 1633 0.00000000
 1634 0.00000000
 1635 0.00000000
 1636 0.00000000
 1637 0.00000000
 1638 0.00000000
 1639 0.00000000
 1640 0.00000000
 1641 0.00000000
 1642 0.00000000
 1643 0.00000000
 1644 0.00000000
 1645 0.00000000
 1646 0.00000000
 1647 0.00000000
 1648 0.00000000
 1649 0.00000000
 1650 0.00000000
 1651 0.00000000
 1652 0.00000000
 1653 0.00000000
 1654 0.00000000
 1655 0.00000000
 1656 0.00000000
 1657 0.00000000
 1658 0.00000000
 1659 0.00000000
 1660 0.00000000
 1661 0.00000000
 1662 0.00000000
 1663 0.00000000
 1664 0.00000000
 1665 0.00000000
 1666 0.00000000
 1667 0.00000000
 1668 0.00000000
 1669 0.00000000
 1670 0.00000000
 1671 0.00000000
 1672 0.00000000
 1673 0.00000000
 1674 0.00000000
 1675 0.00000000
 1676 0.00000000
 1677 0.00000000
 1678 0.00000000
 1679 0.00000000
 1680 0.00000000
 1681 0.00000000
 1682 0.00000000
 1683 0.00000000
 1684 0.00000000
 1685 0.00000000
 1686 0.00000000
 1687 0.00000000
 1688 0.00000000
 1689 0.00000000
 1690 0.00000000
 1691 0.00000000
 1692 0.00000000
 1693 0.00000000
 1694 0.00000000
 1695 0.00000000
 1696 0.00000000
 1697 0.00000000
 1698 0.00000000
 1699 0.00000000
 1700 0.00000000
 1701 0.00000000
 1702 0.00000000
 1703 0.00000000
 1704 0.00000000
 1705 0.00000000
 1706 0.00000000
 1707 0.00000000
 1708 0.00000000
 1709 0.00000000
 1710 0.00000000
 1711 0.00000000
 1712 0.00000000
 1713 0.00000000
 1714 0.00000000
 1715 0.00000000
 1716 0.00000000
 1717 0.00000000
 1718 0.00000000
 1719 0.00000000
 1720 0.00000000
 1721 0.00000000
 1722 0.00000000
 1723 0.00000000
 1724 0.00000000
 1725 0.00000000
 1726 0.00000000
 1727 0.00000000
 1728 0.00000000
 1729 0.00000000
 1730 0.00000000
 1731 0.00000000
 1732 0.00000000
 1733 0.00000000
 1734 0.00000000
 1735 0.00000000
 1736 0.00000000
 1737 0.00000000
 1738 0.00000000
 1739 0.00000000
 1740 0.00000000
 1741 0.00000000
 1742 0.00000000
 1743 0.00000000
 1744 0.00000000
 1745 0.00000000
 1746 0.00000000
 1747 0.00000000
 1748 0.00000000
 1749 0.00000000
 1750 0.00000000
 1751 0.00000000
 1752 0.00000000
 1753 0.00000000
 1754 0.00000000
 1755 0.00000000
 1756 0.00000000
 1757 0.00000000
 1758 0.00000000
 1759 0.00000000
 1760 0.00000000
 1761 0.00000000
 1762 0.00000000
 1763 0.00000000
 1764 0.00000000
 1765 0.00000000
 1766 0.00000000
 1767 0.00000000
 1768 0.00000000
 1769 0.00000000
 1770 0.00000000
 1771 0.00000000
 1772 0.00000000
 1773 0.00000000
 1774 0.00000000
 1775 0.00000000
 1776 0.00000000
 1777 0.00000000
 1778 0.00000000
 1779 0.00000000
 1780 0.00000000
 1781 0.00000000
 1782 0.00000000
 1783 0.00000000
 1784 0.00000000
 1785 0.00000000
 1786 0.00000000
 1787 0.00000000
 1788 0.00000000
 1789 0.00000000
 1790 0.00000000
 1791 0.00000000
 1792 0.00000000
 1793 0.00000000
 1794 0.00000000
 1795 0.00000000
 1796 0.00000000
 1797 0.00000000
 1798 0.00000000
 1799 0.00000000
 1800 0.00000000
 1801 0.00000000
 1802 0.00000000
 1803 0.00000000
 1804 0.00000000
 1805 0.00000000
 1806 0.00000000
 1807 0.00000000
 1808 0.00000000
 1809 0.00000000
 1810 0.00000000
 1811 0.00000000
 1812 0.00000000
 1813 0.00000000
 1814 0.00000000
 1815 0.00000000
 1816 0.00000000
 1817 0.00000000
 1818 0.00000000
 1819 0.00000000
 1820 0.00000000
 1821 0.00000000
 1822 0.00000000
 1823 0.00000000
 1824 0.00000000
 1825 0.00000000
 1826 0.00000000
 1827 0.00000000
 1828 0.00000000
 1829 0.00000000
 1830 0.00000000
 1831 0.00000000
 1832 0.00000000
 1833 0.00000000
 1834 0.00000000
 1835 0.00000000
 1836 0.00000000
 1837 0.00000000
 1838 0.00000000
 1839 0.00000000
 1840 0.00000000
 1841 0.00000000
 1842 0.00000000
 1843 0.00000000
 1844 0.00000000
 1845 0.00000000
 1846 0.00000000
 1847 0.00000000
 1848 0.00000000
 1849 0.00000000
 1850 0.00000000
 1851 0.00000000
 1852 0.00000000
 1853 0.00000000
 1854 0.00000000
 1855 0.00000000
 1856 0.00000000
 1857 0.00000000
 1858 0.00000000
 1859 0.00000000
 1860 0.00000000
 1861 0.00000000
 1862 0.00000000
 1863 0.00000000
 1864 0.00000000
 1865 0.00000000
 1866 0.00000000
 1867 0.00000000
 1868 0.00000000
 1869 0.00000000
 1870 0.00000000
 1871 0.00000000
 1872 0.00000000
 1873 0.00000000
 1874 0.00000000
 1875 0.00000000
 1876 0.00000000
 1877 0.00000000
 1878 0.00000000
 1879 0.00000000
 1880 0.00000000
 1881 0.00000000
 1882 0.00000000
 1883 0.00000000
 1884 0.00000000
 1885 0.00000000
 1886 0.00000000
 1887 0.00000000
 1888 0.00000000
 1889 0.00000000
 1890 0.00000000
 1891 0.00000000
 1892 0.00000000
 1893 0.00000000
 1894 0.00000000
 1895 0.00000000
 1896 0.00000000
 1897 0.00000000
 1898 0.00000000
 1899 0.00000000
 1900 0.00000000
 1901 0.00000000
 1902 0.00000000
 1903 0.00000000
 1904 0.00000000
 1905 0.00000000
 1906 0.00000000
 1907 0.00000000
 1908 0.00000000
 1909 0.00000000
 1910 0.00000000
 1911 0.00000000
 1912 0.00000000
 1913 0.00000000
 1914 0.00000000
 1915 0.00000000
 1916 0.00000000
 1917 0.00000000
 1918 0.00000000
 1919 0.00000000
 1920 0.00000000
 1921 0.00000000
 1922 0.00000000
 1923 0.00000000
 1924 0.00000000
 1925 0.00000000
 1926 0.00000000
 1927 0.00000000
 1928 0.00000000
 1929 0.00000000
 1930 0.00000000
 1931 0.00000000
 1932 0.00000000
 1933 0.00000000
 1934 0.00000000
 1935 0.00000000
 1936 0.00000000
 1937 0.00000000
 1938 0.00000000
 1939 0.00000000
 1940 0.00000000
 1941 0.00000000
 1942 0.00000000
 1943 0.00000000
 1944 0.00000000
 1945 0.00000000
 1946 0.00000000
 1947 0.00000000
 1948 0.00000000
 1949 0.00000000
 1950 0.00000000
 1951 0.00000000
 1952 0.00000000
 1953 0.00000000
 1954 0.00000000
 1955 0.00000000
 1956 0.00000000
 1957 0.00000000
 1958 0.00000000
 1959 0.00000000
 1960 0.00000000
 1961 0.00000000
 1962 0.00000000
 1963 0.00000000
 1964 0.00000000
 1965 0.00000000
 1966 0.00000000
 1967 0.00000000
 1968 0.00000000
 1969 0.00000000
 1970 0.00000000
 1971 0.00000000
 1972 0.00000000
 1973 0.00000000
 1974 0.00000000
 1975 0.00000000
 1976 0.00000000
 1977 0.00000000
 1978 0.00000000
 1979 0.00000000
 1980 0.00000000
 1981 0.00000000
 1982 0.00000000
 1983 0.00000000
 1984 0.00000000
 1985 0.00000000
 1986 0.00000000
 1987 0.00000000
 1988 0.00000000
 1989 0.00000000
 1990 0.00000000
 1991 0.00000000
 1992 0.00000000
 1993 0.00000000
 1994 0.00000000
 1995 0.00000000
 1996 0.00000000
 1997 0.00000000
 1998 0.00000000
 1999 0.00000000
 2000 0.00000000
 2001 0.00000000
 2002 0.00000000
 2003 0.00000000
 2004 0.00000000
 2005 0.00000000
 2006 0.00000000
 2007 0.00000000
 2008 0.00000000
 2009 0.00000000
 2010 0.00000000
 2011 0.00000000
 2012 0.00000000
 2013 0.00000000
 2014 0.00000000
 2015 0.00000000
 2016 0.00000000
 2017 0.00000000
 2018 0.00000000
 2019 0.00000000
 2020 0.00000000
 2021 0.00000000
 2022 0.00000000
 2023 0.00000000
 2024 0.00000000
 2025 0.00000000
 2026 0.00000000
 2027 0.00000000
 2028 0.00000000
 2029 0.00000000
 2030 0.00000000
 2031 0.00000000
 2032 0.00000000
 2033 0.00000000
 2034 0.00000000
 2035 0.00000000
 2036 0.00000000
 2037 0.00000000
 2038 0.00000000
 2039 0.00000000
 2040 0.00000000
 2041 0.00000000
 2042 0.00000000
 2043 0.00000000
 2044 0.00000000
 2045 0.00000000
 2046 0.00000000
 2047 0.00000000
 2048 0.00000000
 2049 0.00000000
 2050 0.00000000
 2051 0.00000000
 2052 0.00000000
 2053 0.00000000
 2054 0.00000000
 2055 0.00000000
 2056 0.00000000
 2057 0.00000000
 2058 0.00000000
 2059 0.00000000
 2060 0.00000000
 2061 0.00000000
 2062 0.00000000
 2063 0.00000000
 2064 0.00000000
 2065 0.00000000
 2066 0.00000000
 2067 0.00000000
 2068 0.00000000
 2069 0.00000000
 2070 0.00000000
 2071 0.00000000
 2072 0.00000000
 2073 0.00000000
 2074 0.00000000
 2075 0.00000000
 2076 0.00000000
 2077 0.00000000
 2078 0.00000000
 2079 0.00000000
 2080 0.00000000
 2081 0.00000000
 2082 0.00000000
 2083 0.00000000
 2084 0.00000000
 2085 0.00000000
 2086 0.00000000
 2087 0.00000000
 2088 0.00000000
 2089 0.00000000
 2090 0.00000000
 2091 0.00000000
 2092 0.00000000
 2093 0.00000000
 2094 0.00000000
 2095 0.00000000
 2096 0.00000000
 2097 0.00000000
 2098 0.00000000
 2099 0.00000000
 2100 0.00000000
 2101 0.00000000
 2102 0.00000000
 2103 0.00000000
 2104 0.00000000
 2105 0.00000000
 2106 0.00000000
 2107 0.00000000
 2108 0.00000000
 2109 0.00000000
 2110 0.00000000
 2111 0.00000000
 2112 0.00000000
 2113 0.00000000
 2114 0.00000000
 2115 0.00000000
 2116 0.00000000
 2117 0.00000000
 2118 0.00000000
 2119 0.00000000
 2120 0.00000000
 2121 0.00000000
 2122 0.00000000
 2123 0.00000000
 2124 0.00000000
 2125 0.00000000
 2126 0.00000000
 2127 0.00000000
 2128 0.00000000
 2129 0.00000000
 2130 0.00000000
 2131 0.00000000
 2132 0.00000000
 2133 0.00000000
 2134 0.00000000
 2135 0.00000000
 2136 0.00000000
 2137 0.00000000
 2138 0.00000000
 2139 0.00000000
 2140 0.00000000
 2141 0.00000000
 2142 0.00000000
 2143 0.00000000
 2144 0.00000000
 2145 0.00000000
 2146 0.00000000
 2147 0.00000000
 2148 0.00000000
 2149 0.00000000
 2150 0.00000000
 2151 0.00000000
 2152 0.00000000
 2153 0.00000000
 2154 0.00000000
 2155 0.00000000
 2156 0.00000000
 2157 0.00000000
 2158 0.00000000
 2159 0.00000000
 2160 0.00000000
 2161 0.00000000
 2162 0.00000000
 2163 0.00000000
 2164 0.00000000
 2165 0.00000000
 2166 0.00000000
 2167 0.00000000
 2168 0.00000000
 2169 0.00000000
 2170 0.00000000
 2171 0.00000000
 2172 0.00000000
 2173 0.00000000
 2174 0.00000000
 2175 0.00000000
 2176 0.00000000
 2177 0.00000000
 2178 0.00000000
 2179 0.00000000
 2180 0.00000000
 2181 0.00000000
 2182 0.00000000
 2183 0.00000000
 2184 0.00000000
 2185 0.00000000
 2186 0.00000000
 2187 0.00000000
 2188 0.00000000
 2189 0.00000000
 2190 0.00000000
 2191 0.00000000
 2192 0.00000000
 2193 0.00000000
 2194 0.00000000
 2195 0.00000000
 2196 0.00000000
 2197 0.00000000
 2198 0.00000000
 2199 0.00000000
 2200 0.00000000
 2201 0.00000000
 2202 0.00000000
 2203 0.00000000
 2204 0.00000000
 2205 0.00000000
 2206 0.00000000
 2207 0.00000000
 2208 0.00000000
 2209 0.00000000
 2210 0.00000000
 2211 0.00000000
 2212 0.00000000
 2213 0.00000000
 2214 0.00000000
 2215 0.00000000
 2216 0.00000000
 2217 0.00000000
 2218 0.00000000
 2219 0.00000000
 2220 0.00000000
 2221 0.00000000
 2222 0.00000000
 2223 0.00000000
 2224 0.00000000
 2225 0.00000000
 2226 0.00000000
 2227 0.00000000
 2228 0.00000000
 2229 0.00000000
 2230 0.00000000
 2231 0.00000000
 2232 0.00000000
 2233 0.00000000
 2234 0.00000000
 2235 0.00000000
 2236 0.00000000
 2237 0.00000000
 2238 0.00000000
 2239 0.00000000
 2240 0.00000000
 2241 0.00000000
 2242 0.00000000
 2243 0.00000000
 2244 0.00000000
 2245 0.00000000
 2246 0.00000000
 2247 0.00000000
 2248 0.00000000
 2249 0.00000000
 2250 0.00000000
 2251 0.00000000
 2252 0.00000000
 2253 0.00000000
 2254 0.00000000
 2255 0.00000000
 2256 0.00000000
 2257 0.00000000
 2258 0.00000000
 2259 0.00000000
 2260 0.00000000
 2261 0.00000000
 2262 0.00000000
 2263 0.00000000
 2264 0.00000000
 2265 0.00000000
 2266 0.00000000
 2267 0.00000000
 2268 0.00000000
 2269 0.00000000
 2270 0.00000000
 2271 0.00000000
 2272 0.00000000
 2273 0.00000000
 2274 0.00000000
 2275 0.00000000
 2276 0.00000000
 2277 0.00000000
 2278 0.00000000
 2279 0.00000000
 2280 0.00000000
 2281 0.00000000
 2282 0.00000000
 2283 0.00000000
 2284 0.00000000
 2285 0.00000000
 2286 0.00000000
 2287 0.00000000
 2288 0.00000000
 2289 0.00000000
 2290 0.00000000
 2291 0.00000000
 2292 0.00000000
 2293 0.00000000
 2294 0.00000000
 2295 0.00000000
 2296 0.00000000
 2297 0.00000000
 2298 0.00000000
 2299 0.00000000
 2300 0.00000000
 2301 0.00000000
 2302 0.00000000
 2303 0.00000000
 2304 0.00000000
 2305 0.00000000
 2306 0.00000000
 2307 0.00000000
 2308 0.00000000
 2309 0.00000000
 2310 0.00000000
 2311 0.00000000
 2312 0.00000000
 2313 0.00000000
 2314 0.00000000
 2315 0.00000000
 2316 0.00000000
 2317 0.00000000
 2318 0.00000000
 2319 0.00000000
 2320 0.00000000
 2321 0.00000000
 2322 0.00000000
 2323 0.00000000
 2324 0.00000000
 2325 0.00000000
 2326 0.00000000
 2327 0.00000000
 2328 0.00000000
 2329 0.00000000
 2330 0.00000000
 2331 0.00000000
 2332 0.00000000
 2333 0.00000000
 2334 0.00000000
 2335 0.00000000
 2336 0.00000000
 2337 0.00000000
 2338 0.00000000
 2339 0.00000000
 2340 0.00000000
 2341 0.00000000
 2342 0.00000000
 2343 0.00000000
 2344 0.00000000
 2345 0.00000010
 2346 0.00000010
 2347 0.00000023
 2348 0.00000023
 2349 0.00000026
 2350 0.00000026
 2351 0.00000031
 2352 0.00000031
 2353 0.00000075
 2354 0.00000075
 2355 0.00000082
 2356 0.00000082
 2357 0.00000094
 2358 0.00000094
 2359 0.00000102
 2360 0.00000102
 2361 0.00000131
 2362 0.00000131
 2363 0.00000179
 2364 0.00000179
 2365 0.00000183
 2366 0.00000183
 2367 0.00000210
 2368 0.00000210
 2369 0.00000216
 2370 0.00000216
 2371 0.00000281
 2372 0.00000281
 2373 0.00000526
 2374 0.00000526
 2375 0.00000939
 2376 0.00000939
 2377 0.00000989
 2378 0.00000989
 2379 0.00001135
 2380 0.00001135
 2381 0.00001710
 2382 0.00001710
 2383 0.00001789
 2384 0.00001789
 2385 0.00001976
 2386 0.00001976
 2387 0.00002167
 2388 0.00002167
 2389 0.00002315
 2390 0.00002315
 2391 0.00003949
 2392 0.00003949
 2393 0.00004473
 2394 0.00004473
 2395 0.00004813
 2396 0.00004813
 2397 0.00005813
 2398 0.00005813
 2399 0.00007439
 2400 0.00007439
 2401 0.00009007
 2402 0.00009007
 2403 0.00010293
 2404 0.00010293
 2405 0.00010548
 2406 0.00010548
 2407 0.00011265
 2408 0.00011265
 2409 0.00012381
 2410 0.00012381
 2411 0.00014158
 2412 0.00014158
 2413 0.00014191
 2414 0.00014191
 2415 0.00016227
 2416 0.00016227
 2417 0.00018498
 2418 0.00018498
 2419 0.00020884
 2420 0.00020884
 2421 0.00024049
 2422 0.00024049
 2423 0.00030299
 2424 0.00030299
 2425 0.00042761
 2426 0.00042761
 2427 0.00044655
 2428 0.00044655
 2429 0.00055860
 2430 0.00055861
 2431 0.00061826
 2432 0.00061826
 2433 0.00088093
 2434 0.00088093
 2435 0.00445390
 2436 0.00445390
 2437 0.00543217
 2438 0.00543217
 2439 0.00866624
 2440 0.00866624
 2441 0.01301832
 2442 0.01301832
 2443 0.01320545
 2444 0.01320545
 2445 0.01785394
 2446 0.01785394
 2447 0.02101232
 2448 0.02101232
 2449 0.02464259
 2450 0.02464259
 2451 0.03107518
 2452 0.03107518
 2453 0.03541273
 2454 0.03541273
 2455 0.21716624
 2456 0.21716624
pair (-1):-0.21716624 (1):0.21716624
pair (-2):-0.21716624 (2):0.21716624
pair (-3):-0.03541273 (3):0.03541273
pair (-4):-0.03541273 (4):0.03541273
pair (-5):-0.03107518 (5):0.03107518
pair (-6):-0.03107518 (6):0.03107518
pair (-7):-0.02464259 (7):0.02464259
pair (-8):-0.02464259 (8):0.02464259
pair (-9):-0.02101232 (9):0.02101232
pair (-10):-0.02101232 (10):0.02101232
pair (-11):-0.01785394 (11):0.01785394
pair (-12):-0.01785394 (12):0.01785394
pair (-13):-0.01320545 (13):0.01320545
pair (-14):-0.01320545 (14):0.01320545
pair (-15):-0.01301832 (15):0.01301832
pair (-16):-0.01301832 (16):0.01301832
pair (-17):-0.00866624 (17):0.00866624
pair (-18):-0.00866624 (18):0.00866624
pair (-19):-0.00543217 (19):0.00543217
pair (-20):-0.00543217 (20):0.00543217
pair (-21):-0.00445390 (21):0.00445390
pair (-22):-0.00445390 (22):0.00445390
pair (-23):-0.00088093 (23):0.00088093
pair (-24):-0.00088093 (24):0.00088093
pair (-25):-0.00061826 (25):0.00061826
pair (-26):-0.00061826 (26):0.00061826
pair (-27):-0.00055861 (27):0.00055861
pair (-28):-0.00055860 (28):0.00055860
pair (-29):-0.00044655 (29):0.00044655
pair (-30):-0.00044655 (30):0.00044655
pair (-31):-0.00042761 (31):0.00042761
pair (-32):-0.00042761 (32):0.00042761
pair (-33):-0.00030299 (33):0.00030299
pair (-34):-0.00030299 (34):0.00030299
pair (-35):-0.00024049 (35):0.00024049
pair (-36):-0.00024049 (36):0.00024049
pair (-37):-0.00020884 (37):0.00020884
pair (-38):-0.00020884 (38):0.00020884
pair (-39):-0.00018498 (39):0.00018498
pair (-40):-0.00018498 (40):0.00018498
pair (-41):-0.00016227 (41):0.00016227
pair (-42):-0.00016227 (42):0.00016227
pair (-43):-0.00014191 (43):0.00014191
pair (-44):-0.00014191 (44):0.00014191
pair (-45):-0.00014158 (45):0.00014158
pair (-46):-0.00014158 (46):0.00014158
pair (-47):-0.00012381 (47):0.00012381
pair (-48):-0.00012381 (48):0.00012381
pair (-49):-0.00011265 (49):0.00011265
pair (-50):-0.00011265 (50):0.00011265
pair (-51):-0.00010548 (51):0.00010548
pair (-52):-0.00010548 (52):0.00010548
pair (-53):-0.00010293 (53):0.00010293
pair (-54):-0.00010293 (54):0.00010293
pair (-55):-0.00009007 (55):0.00009007
pair (-56):-0.00009007 (56):0.00009007
pair (-57):-0.00007439 (57):0.00007439
pair (-58):-0.00007439 (58):0.00007439
pair (-59):-0.00005813 (59):0.00005813
pair (-60):-0.00005813 (60):0.00005813
pair (-61):-0.00004813 (61):0.00004813
pair (-62):-0.00004813 (62):0.00004813
pair (-63):-0.00004473 (63):0.00004473
pair (-64):-0.00004473 (64):0.00004473
pair (-65):-0.00003949 (65):0.00003949
pair (-66):-0.00003949 (66):0.00003949
pair (-67):-0.00002315 (67):0.00002315
pair (-68):-0.00002315 (68):0.00002315
pair (-69):-0.00002167 (69):0.00002167
pair (-70):-0.00002167 (70):0.00002167
pair (-71):-0.00001976 (71):0.00001976
pair (-72):-0.00001976 (72):0.00001976
pair (-73):-0.00001789 (73):0.00001789
pair (-74):-0.00001789 (74):0.00001789
pair (-75):-0.00001710 (75):0.00001710
pair (-76):-0.00001710 (76):0.00001710
pair (-77):-0.00001135 (77):0.00001135
pair (-78):-0.00001135 (78):0.00001135
pair (-79):-0.00000989 (79):0.00000989
pair (-80):-0.00000989 (80):0.00000989
pair (-81):-0.00000939 (81):0.00000939
pair (-82):-0.00000939 (82):0.00000939
pair (-83):-0.00000526 (83):0.00000526
pair (-84):-0.00000526 (84):0.00000526
pair (-85):-0.00000281 (85):0.00000281
pair (-86):-0.00000281 (86):0.00000281
pair (-87):-0.00000216 (87):0.00000216
pair (-88):-0.00000216 (88):0.00000216
pair (-89):-0.00000210 (89):0.00000210
pair (-90):-0.00000210 (90):0.00000210
pair (-91):-0.00000183 (91):0.00000183
pair (-92):-0.00000183 (92):0.00000183
pair (-93):-0.00000179 (93):0.00000179
pair (-94):-0.00000179 (94):0.00000179
pair (-95):-0.00000131 (95):0.00000131
pair (-96):-0.00000131 (96):0.00000131
pair (-97):-0.00000102 (97):0.00000102
pair (-98):-0.00000102 (98):0.00000102
pair (-99):-0.00000094 (99):0.00000094
pair (-100):-0.00000094 (100):0.00000094
pair (-101):-0.00000082 (101):0.00000082
pair (-102):-0.00000082 (102):0.00000082
pair (-103):-0.00000075 (103):0.00000075
pair (-104):-0.00000075 (104):0.00000075
pair (-105):-0.00000031 (105):0.00000031
pair (-106):-0.00000031 (106):0.00000031
pair (-107):-0.00000026 (107):0.00000026
pair (-108):-0.00000026 (108):0.00000026
pair (-109):-0.00000023 (109):0.00000023
pair (-110):-0.00000023 (110):0.00000023
pair (-111):-0.00000010 (111):0.00000010
pair (-112):-0.00000010 (112):0.00000010
pair (-113):-0.00000000 (113):0.00000000
pair (-114):-0.00000000 (114):0.00000000
pair (-115):-0.00000000 (115):0.00000000
pair (-116):-0.00000000 (116):0.00000000
pair (-117):-0.00000000 (117):0.00000000
pair (-118):-0.00000000 (118):0.00000000
pair (-119):-0.00000000 (119):0.00000000
pair (-120):-0.00000000 (120):0.00000000
pair (-121):-0.00000000 (121):0.00000000
pair (-122):-0.00000000 (122):0.00000000
pair (-123):-0.00000000 (123):0.00000000
pair (-124):-0.00000000 (124):0.00000000
pair (-125):-0.00000000 (125):0.00000000
pair (-126):-0.00000000 (126):0.00000000
pair (-127):-0.00000000 (127):0.00000000
pair (-128):-0.00000000 (128):0.00000000
pair (-129):-0.00000000 (129):0.00000000
pair (-130):-0.00000000 (130):0.00000000
pair (-131):-0.00000000 (131):0.00000000
pair (-132):-0.00000000 (132):0.00000000
pair (-133):-0.00000000 (133):0.00000000
pair (-134):-0.00000000 (134):0.00000000
pair (-135):-0.00000000 (135):0.00000000
pair (-136):-0.00000000 (136):0.00000000
pair (-137):-0.00000000 (137):0.00000000
pair (-138):-0.00000000 (138):0.00000000
pair (-139):-0.00000000 (139):0.00000000
pair (-140):-0.00000000 (140):0.00000000
pair (-141):-0.00000000 (141):0.00000000
pair (-142):-0.00000000 (142):0.00000000
pair (-143):-0.00000000 (143):0.00000000
pair (-144):-0.00000000 (144):0.00000000
pair (-145):-0.00000000 (145):0.00000000
pair (-146):-0.00000000 (146):0.00000000
pair (-147):-0.00000000 (147):0.00000000
pair (-148):-0.00000000 (148):0.00000000
pair (-149):-0.00000000 (149):0.00000000
pair (-150):-0.00000000 (150):0.00000000
pair (-151):-0.00000000 (151):0.00000000
pair (-152):-0.00000000 (152):0.00000000
pair (-153):-0.00000000 (153):0.00000000
pair (-154):-0.00000000 (154):0.00000000
pair (-155):-0.00000000 (155):0.00000000
pair (-156):-0.00000000 (156):0.00000000
pair (-157):-0.00000000 (157):0.00000000
pair (-158):-0.00000000 (158):0.00000000
pair (-159):-0.00000000 (159):0.00000000
pair (-160):-0.00000000 (160):0.00000000
pair (-161):-0.00000000 (161):0.00000000
pair (-162):-0.00000000 (162):0.00000000
pair (-163):-0.00000000 (163):0.00000000
pair (-164):-0.00000000 (164):0.00000000
pair (-165):-0.00000000 (165):0.00000000
pair (-166):-0.00000000 (166):0.00000000
pair (-167):-0.00000000 (167):0.00000000
pair (-168):-0.00000000 (168):0.00000000
pair (-169):-0.00000000 (169):0.00000000
pair (-170):-0.00000000 (170):0.00000000
pair (-171):-0.00000000 (171):0.00000000
pair (-172):-0.00000000 (172):0.00000000
pair (-173):-0.00000000 (173):0.00000000
pair (-174):-0.00000000 (174):0.00000000
pair (-175):-0.00000000 (175):0.00000000
pair (-176):-0.00000000 (176):0.00000000
pair (-177):-0.00000000 (177):0.00000000
pair (-178):-0.00000000 (178):0.00000000
pair (-179):-0.00000000 (179):0.00000000
pair (-180):-0.00000000 (180):0.00000000
pair (-181):-0.00000000 (181):0.00000000
pair (-182):-0.00000000 (182):0.00000000
pair (-183):-0.00000000 (183):0.00000000
pair (-184):-0.00000000 (184):0.00000000
pair (-185):-0.00000000 (185):0.00000000
pair (-186):-0.00000000 (186):0.00000000
pair (-187):-0.00000000 (187):0.00000000
pair (-188):-0.00000000 (188):0.00000000
pair (-189):-0.00000000 (189):0.00000000
pair (-190):-0.00000000 (190):0.00000000
pair (-191):-0.00000000 (191):0.00000000
pair (-192):-0.00000000 (192):0.00000000
pair (-193):-0.00000000 (193):0.00000000
pair (-194):-0.00000000 (194):0.00000000
pair (-195):-0.00000000 (195):0.00000000
pair (-196):-0.00000000 (196):0.00000000
pair (-197):-0.00000000 (197):0.00000000
pair (-198):-0.00000000 (198):0.00000000
pair (-199):-0.00000000 (199):0.00000000
pair (-200):-0.00000000 (200):0.00000000
pair (-201):-0.00000000 (201):0.00000000
pair (-202):-0.00000000 (202):0.00000000
pair (-203):-0.00000000 (203):0.00000000
pair (-204):-0.00000000 (204):0.00000000
pair (-205):-0.00000000 (205):0.00000000
pair (-206):-0.00000000 (206):0.00000000
pair (-207):-0.00000000 (207):0.00000000
pair (-208):-0.00000000 (208):0.00000000
pair (-209):-0.00000000 (209):0.00000000
pair (-210):-0.00000000 (210):0.00000000
pair (-211):-0.00000000 (211):0.00000000
pair (-212):-0.00000000 (212):0.00000000
pair (-213):-0.00000000 (213):0.00000000
pair (-214):-0.00000000 (214):0.00000000
pair (-215):-0.00000000 (215):0.00000000
pair (-216):-0.00000000 (216):0.00000000
pair (-217):-0.00000000 (217):0.00000000
pair (-218):-0.00000000 (218):0.00000000
pair (-219):-0.00000000 (219):0.00000000
pair (-220):-0.00000000 (220):0.00000000
pair (-221):-0.00000000 (221):0.00000000
pair (-222):-0.00000000 (222):0.00000000
pair (-223):-0.00000000 (223):0.00000000
pair (-224):-0.00000000 (224):0.00000000
pair (-225):-0.00000000 (225):0.00000000
pair (-226):-0.00000000 (226):0.00000000
pair (-227):-0.00000000 (227):0.00000000
pair (-228):-0.00000000 (228):0.00000000
pair (-229):-0.00000000 (229):0.00000000
pair (-230):-0.00000000 (230):0.00000000
pair (-231):-0.00000000 (231):0.00000000
pair (-232):-0.00000000 (232):0.00000000
pair (-233):-0.00000000 (233):0.00000000
pair (-234):-0.00000000 (234):0.00000000
pair (-235):-0.00000000 (235):0.00000000
pair (-236):-0.00000000 (236):0.00000000
pair (-237):-0.00000000 (237):0.00000000
pair (-238):-0.00000000 (238):0.00000000
pair (-239):-0.00000000 (239):0.00000000
pair (-240):-0.00000000 (240):0.00000000
pair (-241):-0.00000000 (241):0.00000000
pair (-242):-0.00000000 (242):0.00000000
pair (-243):-0.00000000 (243):0.00000000
pair (-244):-0.00000000 (244):0.00000000
pair (-245):-0.00000000 (245):0.00000000
pair (-246):-0.00000000 (246):0.00000000
pair (-247):-0.00000000 (247):0.00000000
pair (-248):-0.00000000 (248):0.00000000
pair (-249):-0.00000000 (249):0.00000000
pair (-250):-0.00000000 (250):0.00000000
pair (-251):-0.00000000 (251):0.00000000
pair (-252):-0.00000000 (252):0.00000000
pair (-253):-0.00000000 (253):0.00000000
pair (-254):-0.00000000 (254):0.00000000
pair (-255):-0.00000000 (255):0.00000000
pair (-256):-0.00000000 (256):0.00000000
pair (-257):-0.00000000 (257):0.00000000
pair (-258):-0.00000000 (258):0.00000000
pair (-259):-0.00000000 (259):0.00000000
pair (-260):-0.00000000 (260):0.00000000
pair (-261):-0.00000000 (261):0.00000000
pair (-262):-0.00000000 (262):0.00000000
pair (-263):-0.00000000 (263):0.00000000
pair (-264):-0.00000000 (264):0.00000000
pair (-265):-0.00000000 (265):0.00000000
pair (-266):-0.00000000 (266):0.00000000
pair (-267):-0.00000000 (267):0.00000000
pair (-268):-0.00000000 (268):0.00000000
pair (-269):-0.00000000 (269):0.00000000
pair (-270):-0.00000000 (270):0.00000000
pair (-271):-0.00000000 (271):0.00000000
pair (-272):-0.00000000 (272):0.00000000
pair (-273):-0.00000000 (273):0.00000000
pair (-274):-0.00000000 (274):0.00000000
pair (-275):-0.00000000 (275):0.00000000
pair (-276):-0.00000000 (276):0.00000000
pair (-277):-0.00000000 (277):0.00000000
pair (-278):-0.00000000 (278):0.00000000
pair (-279):-0.00000000 (279):0.00000000
pair (-280):-0.00000000 (280):0.00000000
pair (-281):-0.00000000 (281):0.00000000
pair (-282):-0.00000000 (282):0.00000000
pair (-283):-0.00000000 (283):0.00000000
pair (-284):-0.00000000 (284):0.00000000
pair (-285):-0.00000000 (285):0.00000000
pair (-286):-0.00000000 (286):0.00000000
pair (-287):-0.00000000 (287):0.00000000
pair (-288):-0.00000000 (288):0.00000000
pair (-289):-0.00000000 (289):0.00000000
pair (-290):-0.00000000 (290):0.00000000
pair (-291):-0.00000000 (291):0.00000000
pair (-292):-0.00000000 (292):0.00000000
pair (-293):-0.00000000 (293):0.00000000
pair (-294):-0.00000000 (294):0.00000000
pair (-295):-0.00000000 (295):0.00000000
pair (-296):-0.00000000 (296):0.00000000
pair (-297):-0.00000000 (297):0.00000000
pair (-298):-0.00000000 (298):0.00000000
pair (-299):-0.00000000 (299):0.00000000
pair (-300):-0.00000000 (300):0.00000000
pair (-301):-0.00000000 (301):0.00000000
pair (-302):-0.00000000 (302):0.00000000
pair (-303):-0.00000000 (303):0.00000000
pair (-304):-0.00000000 (304):0.00000000
pair (-305):-0.00000000 (305):0.00000000
pair (-306):-0.00000000 (306):0.00000000
pair (-307):-0.00000000 (307):0.00000000
pair (-308):-0.00000000 (308):0.00000000
pair (-309):-0.00000000 (309):0.00000000
pair (-310):-0.00000000 (310):0.00000000
pair (-311):-0.00000000 (311):0.00000000
pair (-312):-0.00000000 (312):0.00000000
pair (-313):-0.00000000 (313):0.00000000
pair (-314):-0.00000000 (314):0.00000000
pair (-315):-0.00000000 (315):0.00000000
pair (-316):-0.00000000 (316):0.00000000
pair (-317):-0.00000000 (317):0.00000000
pair (-318):-0.00000000 (318):0.00000000
pair (-319):-0.00000000 (319):0.00000000
pair (-320):-0.00000000 (320):0.00000000
pair (-321):-0.00000000 (321):0.00000000
pair (-322):-0.00000000 (322):0.00000000
pair (-323):-0.00000000 (323):0.00000000
pair (-324):-0.00000000 (324):0.00000000
pair (-325):-0.00000000 (325):0.00000000
pair (-326):-0.00000000 (326):0.00000000
pair (-327):-0.00000000 (327):0.00000000
pair (-328):-0.00000000 (328):0.00000000
pair (-329):-0.00000000 (329):0.00000000
pair (-330):-0.00000000 (330):0.00000000
pair (-331):-0.00000000 (331):0.00000000
pair (-332):-0.00000000 (332):0.00000000
pair (-333):-0.00000000 (333):0.00000000
pair (-334):-0.00000000 (334):0.00000000
pair (-335):-0.00000000 (335):0.00000000
pair (-336):-0.00000000 (336):0.00000000
pair (-337):-0.00000000 (337):0.00000000
pair (-338):-0.00000000 (338):0.00000000
pair (-339):-0.00000000 (339):0.00000000
pair (-340):-0.00000000 (340):0.00000000
pair (-341):-0.00000000 (341):0.00000000
pair (-342):-0.00000000 (342):0.00000000
pair (-343):-0.00000000 (343):0.00000000
pair (-344):-0.00000000 (344):0.00000000
pair (-345):-0.00000000 (345):0.00000000
pair (-346):-0.00000000 (346):0.00000000
pair (-347):-0.00000000 (347):0.00000000
pair (-348):-0.00000000 (348):0.00000000
pair (-349):-0.00000000 (349):0.00000000
pair (-350):-0.00000000 (350):0.00000000
pair (-351):-0.00000000 (351):0.00000000
pair (-352):-0.00000000 (352):0.00000000
pair (-353):-0.00000000 (353):0.00000000
pair (-354):-0.00000000 (354):0.00000000
pair (-355):-0.00000000 (355):0.00000000
pair (-356):-0.00000000 (356):0.00000000
pair (-357):-0.00000000 (357):0.00000000
pair (-358):-0.00000000 (358):0.00000000
pair (-359):-0.00000000 (359):0.00000000
pair (-360):-0.00000000 (360):0.00000000
pair (-361):-0.00000000 (361):0.00000000
pair (-362):-0.00000000 (362):0.00000000
pair (-363):-0.00000000 (363):0.00000000
pair (-364):-0.00000000 (364):0.00000000
pair (-365):-0.00000000 (365):0.00000000
pair (-366):-0.00000000 (366):0.00000000
pair (-367):-0.00000000 (367):0.00000000
pair (-368):-0.00000000 (368):0.00000000
pair (-369):-0.00000000 (369):0.00000000
pair (-370):-0.00000000 (370):0.00000000
pair (-371):-0.00000000 (371):0.00000000
pair (-372):-0.00000000 (372):0.00000000
pair (-373):-0.00000000 (373):0.00000000
pair (-374):-0.00000000 (374):0.00000000
pair (-375):-0.00000000 (375):0.00000000
pair (-376):-0.00000000 (376):0.00000000
pair (-377):-0.00000000 (377):0.00000000
pair (-378):-0.00000000 (378):0.00000000
pair (-379):-0.00000000 (379):0.00000000
pair (-380):-0.00000000 (380):0.00000000
pair (-381):-0.00000000 (381):0.00000000
pair (-382):-0.00000000 (382):0.00000000
pair (-383):-0.00000000 (383):0.00000000
pair (-384):-0.00000000 (384):0.00000000
pair (-385):-0.00000000 (385):0.00000000
pair (-386):-0.00000000 (386):0.00000000
pair (-387):-0.00000000 (387):0.00000000
pair (-388):-0.00000000 (388):0.00000000
pair (-389):-0.00000000 (389):0.00000000
pair (-390):-0.00000000 (390):0.00000000
pair (-391):-0.00000000 (391):0.00000000
pair (-392):-0.00000000 (392):0.00000000
pair (-393):-0.00000000 (393):0.00000000
pair (-394):-0.00000000 (394):0.00000000
pair (-395):-0.00000000 (395):0.00000000
pair (-396):-0.00000000 (396):0.00000000
pair (-397):-0.00000000 (397):0.00000000
pair (-398):-0.00000000 (398):0.00000000
pair (-399):-0.00000000 (399):0.00000000
pair (-400):-0.00000000 (400):0.00000000
pair (-401):-0.00000000 (401):0.00000000
pair (-402):-0.00000000 (402):0.00000000
pair (-403):-0.00000000 (403):0.00000000
pair (-404):-0.00000000 (404):0.00000000
pair (-405):-0.00000000 (405):0.00000000
pair (-406):-0.00000000 (406):0.00000000
pair (-407):-0.00000000 (407):0.00000000
pair (-408):-0.00000000 (408):0.00000000
pair (-409):-0.00000000 (409):0.00000000
pair (-410):-0.00000000 (410):0.00000000
pair (-411):-0.00000000 (411):0.00000000
pair (-412):-0.00000000 (412):0.00000000
pair (-413):-0.00000000 (413):0.00000000
pair (-414):-0.00000000 (414):0.00000000
pair (-415):-0.00000000 (415):0.00000000
pair (-416):-0.00000000 (416):0.00000000
pair (-417):-0.00000000 (417):0.00000000
pair (-418):-0.00000000 (418):0.00000000
pair (-419):-0.00000000 (419):0.00000000
pair (-420):-0.00000000 (420):0.00000000
pair (-421):-0.00000000 (421):0.00000000
pair (-422):-0.00000000 (422):0.00000000
pair (-423):-0.00000000 (423):0.00000000
pair (-424):-0.00000000 (424):0.00000000
pair (-425):-0.00000000 (425):0.00000000
pair (-426):-0.00000000 (426):0.00000000
pair (-427):-0.00000000 (427):0.00000000
pair (-428):-0.00000000 (428):0.00000000
pair (-429):-0.00000000 (429):0.00000000
pair (-430):-0.00000000 (430):0.00000000
pair (-431):-0.00000000 (431):0.00000000
pair (-432):-0.00000000 (432):0.00000000
pair (-433):-0.00000000 (433):0.00000000
pair (-434):-0.00000000 (434):0.00000000
pair (-435):-0.00000000 (435):0.00000000
pair (-436):-0.00000000 (436):0.00000000
pair (-437):-0.00000000 (437):0.00000000
pair (-438):-0.00000000 (438):0.00000000
pair (-439):-0.00000000 (439):0.00000000
pair (-440):-0.00000000 (440):0.00000000
pair (-441):-0.00000000 (441):0.00000000
pair (-442):-0.00000000 (442):0.00000000
pair (-443):-0.00000000 (443):0.00000000
pair (-444):-0.00000000 (444):0.00000000
pair (-445):-0.00000000 (445):0.00000000
pair (-446):-0.00000000 (446):0.00000000
pair (-447):-0.00000000 (447):0.00000000
pair (-448):-0.00000000 (448):0.00000000
pair (-449):-0.00000000 (449):0.00000000
pair (-450):-0.00000000 (450):0.00000000
pair (-451):-0.00000000 (451):0.00000000
pair (-452):-0.00000000 (452):0.00000000
pair (-453):-0.00000000 (453):0.00000000
pair (-454):-0.00000000 (454):0.00000000
pair (-455):-0.00000000 (455):0.00000000
pair (-456):-0.00000000 (456):0.00000000
pair (-457):-0.00000000 (457):0.00000000
pair (-458):-0.00000000 (458):0.00000000
pair (-459):-0.00000000 (459):0.00000000
pair (-460):-0.00000000 (460):0.00000000
pair (-461):-0.00000000 (461):0.00000000
pair (-462):-0.00000000 (462):0.00000000
pair (-463):-0.00000000 (463):0.00000000
pair (-464):-0.00000000 (464):0.00000000
pair (-465):-0.00000000 (465):0.00000000
pair (-466):-0.00000000 (466):0.00000000
pair (-467):-0.00000000 (467):0.00000000
pair (-468):-0.00000000 (468):0.00000000
pair (-469):-0.00000000 (469):0.00000000
pair (-470):-0.00000000 (470):0.00000000
pair (-471):-0.00000000 (471):0.00000000
pair (-472):-0.00000000 (472):0.00000000
pair (-473):-0.00000000 (473):0.00000000
pair (-474):-0.00000000 (474):0.00000000
pair (-475):-0.00000000 (475):0.00000000
pair (-476):-0.00000000 (476):0.00000000
pair (-477):-0.00000000 (477):0.00000000
pair (-478):-0.00000000 (478):0.00000000
pair (-479):-0.00000000 (479):0.00000000
pair (-480):-0.00000000 (480):0.00000000
pair (-481):-0.00000000 (481):0.00000000
pair (-482):-0.00000000 (482):0.00000000
pair (-483):-0.00000000 (483):0.00000000
pair (-484):-0.00000000 (484):0.00000000
pair (-485):-0.00000000 (485):0.00000000
pair (-486):-0.00000000 (486):0.00000000
pair (-487):-0.00000000 (487):0.00000000
pair (-488):-0.00000000 (488):0.00000000
pair (-489):-0.00000000 (489):0.00000000
pair (-490):-0.00000000 (490):0.00000000
pair (-491):-0.00000000 (491):0.00000000
pair (-492):-0.00000000 (492):0.00000000
pair (-493):-0.00000000 (493):0.00000000
pair (-494):-0.00000000 (494):0.00000000
pair (-495):-0.00000000 (495):0.00000000
pair (-496):-0.00000000 (496):0.00000000
pair (-497):-0.00000000 (497):0.00000000
pair (-498):-0.00000000 (498):0.00000000
pair (-499):-0.00000000 (499):0.00000000
pair (-500):-0.00000000 (500):0.00000000
pair (-501):-0.00000000 (501):0.00000000
pair (-502):-0.00000000 (502):0.00000000
pair (-503):-0.00000000 (503):0.00000000
pair (-504):-0.00000000 (504):0.00000000
pair (-505):-0.00000000 (505):0.00000000
pair (-506):-0.00000000 (506):0.00000000
pair (-507):-0.00000000 (507):0.00000000
pair (-508):-0.00000000 (508):0.00000000
pair (-509):-0.00000000 (509):0.00000000
pair (-510):-0.00000000 (510):0.00000000
pair (-511):-0.00000000 (511):0.00000000
pair (-512):-0.00000000 (512):0.00000000
pair (-513):-0.00000000 (513):0.00000000
pair (-514):-0.00000000 (514):0.00000000
pair (-515):-0.00000000 (515):0.00000000
pair (-516):-0.00000000 (516):0.00000000
pair (-517):-0.00000000 (517):0.00000000
pair (-518):-0.00000000 (518):0.00000000
pair (-519):-0.00000000 (519):0.00000000
pair (-520):-0.00000000 (520):0.00000000
pair (-521):-0.00000000 (521):0.00000000
pair (-522):-0.00000000 (522):0.00000000
pair (-523):-0.00000000 (523):0.00000000
pair (-524):-0.00000000 (524):0.00000000
pair (-525):-0.00000000 (525):0.00000000
pair (-526):-0.00000000 (526):0.00000000
pair (-527):-0.00000000 (527):0.00000000
pair (-528):-0.00000000 (528):0.00000000
pair (-529):-0.00000000 (529):0.00000000
pair (-530):-0.00000000 (530):0.00000000
pair (-531):-0.00000000 (531):0.00000000
pair (-532):-0.00000000 (532):0.00000000
pair (-533):-0.00000000 (533):0.00000000
pair (-534):-0.00000000 (534):0.00000000
pair (-535):-0.00000000 (535):0.00000000
pair (-536):-0.00000000 (536):0.00000000
pair (-537):-0.00000000 (537):0.00000000
pair (-538):-0.00000000 (538):0.00000000
pair (-539):-0.00000000 (539):0.00000000
pair (-540):-0.00000000 (540):0.00000000
pair (-541):-0.00000000 (541):0.00000000
pair (-542):-0.00000000 (542):0.00000000
pair (-543):-0.00000000 (543):0.00000000
pair (-544):-0.00000000 (544):0.00000000
pair (-545):-0.00000000 (545):0.00000000
pair (-546):-0.00000000 (546):0.00000000
pair (-547):-0.00000000 (547):0.00000000
pair (-548):-0.00000000 (548):0.00000000
pair (-549):-0.00000000 (549):0.00000000
pair (-550):-0.00000000 (550):0.00000000
pair (-551):-0.00000000 (551):0.00000000
pair (-552):-0.00000000 (552):0.00000000
pair (-553):-0.00000000 (553):0.00000000
pair (-554):-0.00000000 (554):0.00000000
pair (-555):-0.00000000 (555):0.00000000
pair (-556):-0.00000000 (556):0.00000000
pair (-557):-0.00000000 (557):0.00000000
pair (-558):-0.00000000 (558):0.00000000
pair (-559):-0.00000000 (559):0.00000000
pair (-560):-0.00000000 (560):0.00000000
pair (-561):-0.00000000 (561):0.00000000
pair (-562):-0.00000000 (562):0.00000000
pair (-563):-0.00000000 (563):0.00000000
pair (-564):-0.00000000 (564):0.00000000
pair (-565):-0.00000000 (565):0.00000000
pair (-566):-0.00000000 (566):0.00000000
pair (-567):-0.00000000 (567):0.00000000
pair (-568):-0.00000000 (568):0.00000000
pair (-569):-0.00000000 (569):0.00000000
pair (-570):-0.00000000 (570):0.00000000
pair (-571):-0.00000000 (571):0.00000000
pair (-572):-0.00000000 (572):0.00000000
pair (-573):-0.00000000 (573):0.00000000
pair (-574):-0.00000000 (574):0.00000000
pair (-575):-0.00000000 (575):0.00000000
pair (-576):-0.00000000 (576):0.00000000
pair (-577):-0.00000000 (577):0.00000000
pair (-578):-0.00000000 (578):0.00000000
pair (-579):-0.00000000 (579):0.00000000
pair (-580):-0.00000000 (580):0.00000000
pair (-581):-0.00000000 (581):0.00000000
pair (-582):-0.00000000 (582):0.00000000
pair (-583):-0.00000000 (583):0.00000000
pair (-584):-0.00000000 (584):0.00000000
pair (-585):-0.00000000 (585):0.00000000
pair (-586):-0.00000000 (586):0.00000000
pair (-587):-0.00000000 (587):0.00000000
pair (-588):-0.00000000 (588):0.00000000
pair (-589):-0.00000000 (589):0.00000000
pair (-590):-0.00000000 (590):0.00000000
pair (-591):-0.00000000 (591):0.00000000
pair (-592):-0.00000000 (592):0.00000000
pair (-593):-0.00000000 (593):0.00000000
pair (-594):-0.00000000 (594):0.00000000
pair (-595):-0.00000000 (595):0.00000000
pair (-596):-0.00000000 (596):0.00000000
pair (-597):-0.00000000 (597):0.00000000
pair (-598):-0.00000000 (598):0.00000000
pair (-599):-0.00000000 (599):0.00000000
pair (-600):-0.00000000 (600):0.00000000
pair (-601):-0.00000000 (601):0.00000000
pair (-602):-0.00000000 (602):0.00000000
pair (-603):-0.00000000 (603):0.00000000
pair (-604):-0.00000000 (604):0.00000000
pair (-605):-0.00000000 (605):0.00000000
pair (-606):-0.00000000 (606):0.00000000
pair (-607):-0.00000000 (607):0.00000000
pair (-608):-0.00000000 (608):0.00000000
pair (-609):-0.00000000 (609):0.00000000
pair (-610):-0.00000000 (610):0.00000000
pair (-611):-0.00000000 (611):0.00000000
pair (-612):-0.00000000 (612):0.00000000
pair (-613):-0.00000000 (613):0.00000000
pair (-614):-0.00000000 (614):0.00000000
pair (-615):-0.00000000 (615):0.00000000
pair (-616):-0.00000000 (616):0.00000000
pair (-617):-0.00000000 (617):0.00000000
pair (-618):-0.00000000 (618):0.00000000
pair (-619):-0.00000000 (619):0.00000000
pair (-620):-0.00000000 (620):0.00000000
pair (-621):-0.00000000 (621):0.00000000
pair (-622):-0.00000000 (622):0.00000000
pair (-623):-0.00000000 (623):0.00000000
pair (-624):-0.00000000 (624):0.00000000
pair (-625):-0.00000000 (625):0.00000000
pair (-626):-0.00000000 (626):0.00000000
pair (-627):-0.00000000 (627):0.00000000
pair (-628):-0.00000000 (628):0.00000000
pair (-629):-0.00000000 (629):0.00000000
pair (-630):-0.00000000 (630):0.00000000
pair (-631):-0.00000000 (631):0.00000000
pair (-632):-0.00000000 (632):0.00000000
pair (-633):-0.00000000 (633):0.00000000
pair (-634):-0.00000000 (634):0.00000000
pair (-635):-0.00000000 (635):0.00000000
pair (-636):-0.00000000 (636):0.00000000
pair (-637):-0.00000000 (637):0.00000000
pair (-638):-0.00000000 (638):0.00000000
pair (-639):-0.00000000 (639):0.00000000
pair (-640):-0.00000000 (640):0.00000000
pair (-641):-0.00000000 (641):0.00000000
pair (-642):-0.00000000 (642):0.00000000
pair (-643):-0.00000000 (643):0.00000000
pair (-644):-0.00000000 (644):0.00000000
pair (-645):-0.00000000 (645):0.00000000
pair (-646):-0.00000000 (646):0.00000000
pair (-647):-0.00000000 (647):0.00000000
pair (-648):-0.00000000 (648):0.00000000
pair (-649):-0.00000000 (649):0.00000000
pair (-650):-0.00000000 (650):0.00000000
pair (-651):-0.00000000 (651):0.00000000
pair (-652):-0.00000000 (652):0.00000000
pair (-653):-0.00000000 (653):0.00000000
pair (-654):-0.00000000 (654):0.00000000
pair (-655):-0.00000000 (655):0.00000000
pair (-656):-0.00000000 (656):0.00000000
pair (-657):-0.00000000 (657):0.00000000
pair (-658):-0.00000000 (658):0.00000000
pair (-659):-0.00000000 (659):0.00000000
pair (-660):-0.00000000 (660):0.00000000
pair (-661):-0.00000000 (661):0.00000000
pair (-662):-0.00000000 (662):0.00000000
pair (-663):-0.00000000 (663):0.00000000
pair (-664):-0.00000000 (664):0.00000000
pair (-665):-0.00000000 (665):0.00000000
pair (-666):-0.00000000 (666):0.00000000
pair (-667):-0.00000000 (667):0.00000000
pair (-668):-0.00000000 (668):0.00000000
pair (-669):-0.00000000 (669):0.00000000
pair (-670):-0.00000000 (670):0.00000000
pair (-671):-0.00000000 (671):0.00000000
pair (-672):-0.00000000 (672):0.00000000
pair (-673):-0.00000000 (673):0.00000000
pair (-674):-0.00000000 (674):0.00000000
pair (-675):-0.00000000 (675):0.00000000
pair (-676):-0.00000000 (676):0.00000000
pair (-677):-0.00000000 (677):0.00000000
pair (-678):-0.00000000 (678):0.00000000
pair (-679):-0.00000000 (679):0.00000000
pair (-680):-0.00000000 (680):0.00000000
pair (-681):-0.00000000 (681):0.00000000
pair (-682):-0.00000000 (682):0.00000000
pair (-683):-0.00000000 (683):0.00000000
pair (-684):-0.00000000 (684):0.00000000
pair (-685):-0.00000000 (685):0.00000000
pair (-686):-0.00000000 (686):0.00000000
pair (-687):-0.00000000 (687):0.00000000
pair (-688):-0.00000000 (688):0.00000000
pair (-689):-0.00000000 (689):0.00000000
pair (-690):-0.00000000 (690):0.00000000
pair (-691):-0.00000000 (691):0.00000000
pair (-692):-0.00000000 (692):0.00000000
pair (-693):-0.00000000 (693):0.00000000
pair (-694):-0.00000000 (694):0.00000000
pair (-695):-0.00000000 (695):0.00000000
pair (-696):-0.00000000 (696):0.00000000
pair (-697):-0.00000000 (697):0.00000000
pair (-698):-0.00000000 (698):0.00000000
pair (-699):-0.00000000 (699):0.00000000
pair (-700):-0.00000000 (700):0.00000000
pair (-701):-0.00000000 (701):0.00000000
pair (-702):-0.00000000 (702):0.00000000
pair (-703):-0.00000000 (703):0.00000000
pair (-704):-0.00000000 (704):0.00000000
pair (-705):-0.00000000 (705):0.00000000
pair (-706):-0.00000000 (706):0.00000000
pair (-707):-0.00000000 (707):0.00000000
pair (-708):-0.00000000 (708):0.00000000
pair (-709):-0.00000000 (709):0.00000000
pair (-710):-0.00000000 (710):0.00000000
pair (-711):-0.00000000 (711):0.00000000
pair (-712):-0.00000000 (712):0.00000000
pair (-713):-0.00000000 (713):0.00000000
pair (-714):-0.00000000 (714):0.00000000
pair (-715):-0.00000000 (715):0.00000000
pair (-716):-0.00000000 (716):0.00000000
pair (-717):-0.00000000 (717):0.00000000
pair (-718):-0.00000000 (718):0.00000000
pair (-719):-0.00000000 (719):0.00000000
pair (-720):-0.00000000 (720):0.00000000
pair (-721):-0.00000000 (721):0.00000000
pair (-722):-0.00000000 (722):0.00000000
pair (-723):-0.00000000 (723):0.00000000
pair (-724):-0.00000000 (724):0.00000000
pair (-725):-0.00000000 (725):0.00000000
pair (-726):-0.00000000 (726):0.00000000
pair (-727):-0.00000000 (727):0.00000000
pair (-728):-0.00000000 (728):0.00000000
pair (-729):-0.00000000 (729):0.00000000
pair (-730):-0.00000000 (730):0.00000000
pair (-731):-0.00000000 (731):0.00000000
pair (-732):-0.00000000 (732):0.00000000
pair (-733):-0.00000000 (733):0.00000000
pair (-734):-0.00000000 (734):0.00000000
pair (-735):-0.00000000 (735):0.00000000
pair (-736):-0.00000000 (736):0.00000000
pair (-737):-0.00000000 (737):0.00000000
pair (-738):-0.00000000 (738):0.00000000
pair (-739):-0.00000000 (739):0.00000000
pair (-740):-0.00000000 (740):0.00000000
pair (-741):-0.00000000 (741):0.00000000
pair (-742):-0.00000000 (742):0.00000000
pair (-743):-0.00000000 (743):0.00000000
pair (-744):-0.00000000 (744):0.00000000
pair (-745):-0.00000000 (745):0.00000000
pair (-746):-0.00000000 (746):0.00000000
pair (-747):-0.00000000 (747):0.00000000
pair (-748):-0.00000000 (748):0.00000000
pair (-749):-0.00000000 (749):0.00000000
pair (-750):-0.00000000 (750):0.00000000
pair (-751):-0.00000000 (751):0.00000000
pair (-752):-0.00000000 (752):0.00000000
pair (-753):-0.00000000 (753):0.00000000
pair (-754):-0.00000000 (754):0.00000000
pair (-755):-0.00000000 (755):0.00000000
pair (-756):-0.00000000 (756):0.00000000
pair (-757):-0.00000000 (757):0.00000000
pair (-758):-0.00000000 (758):0.00000000
pair (-759):-0.00000000 (759):0.00000000
pair (-760):-0.00000000 (760):0.00000000
pair (-761):-0.00000000 (761):0.00000000
pair (-762):-0.00000000 (762):0.00000000
pair (-763):-0.00000000 (763):0.00000000
pair (-764):-0.00000000 (764):0.00000000
pair (-765):-0.00000000 (765):0.00000000
pair (-766):-0.00000000 (766):0.00000000
pair (-767):-0.00000000 (767):0.00000000
pair (-768):-0.00000000 (768):0.00000000
pair (-769):-0.00000000 (769):0.00000000
pair (-770):-0.00000000 (770):0.00000000
pair (-771):-0.00000000 (771):0.00000000
pair (-772):-0.00000000 (772):0.00000000
pair (-773):-0.00000000 (773):0.00000000
pair (-774):-0.00000000 (774):0.00000000
pair (-775):-0.00000000 (775):0.00000000
pair (-776):-0.00000000 (776):0.00000000
pair (-777):-0.00000000 (777):0.00000000
pair (-778):-0.00000000 (778):0.00000000
pair (-779):-0.00000000 (779):0.00000000
pair (-780):-0.00000000 (780):0.00000000
pair (-781):-0.00000000 (781):0.00000000
pair (-782):-0.00000000 (782):0.00000000
pair (-783):-0.00000000 (783):0.00000000
pair (-784):-0.00000000 (784):0.00000000
pair (-785):-0.00000000 (785):0.00000000
pair (-786):-0.00000000 (786):0.00000000
pair (-787):-0.00000000 (787):0.00000000
pair (-788):-0.00000000 (788):0.00000000
pair (-789):-0.00000000 (789):0.00000000
pair (-790):-0.00000000 (790):0.00000000
pair (-791):-0.00000000 (791):0.00000000
pair (-792):-0.00000000 (792):0.00000000
pair (-793):-0.00000000 (793):0.00000000
pair (-794):-0.00000000 (794):0.00000000
pair (-795):-0.00000000 (795):0.00000000
pair (-796):-0.00000000 (796):0.00000000
pair (-797):-0.00000000 (797):0.00000000
pair (-798):-0.00000000 (798):0.00000000
pair (-799):-0.00000000 (799):0.00000000
pair (-800):-0.00000000 (800):0.00000000
pair (-801):-0.00000000 (801):0.00000000
pair (-802):-0.00000000 (802):0.00000000
pair (-803):-0.00000000 (803):0.00000000
pair (-804):-0.00000000 (804):0.00000000
pair (-805):-0.00000000 (805):0.00000000
pair (-806):-0.00000000 (806):0.00000000
pair (-807):-0.00000000 (807):0.00000000
pair (-808):-0.00000000 (808):0.00000000
pair (-809):-0.00000000 (809):0.00000000
pair (-810):-0.00000000 (810):0.00000000
pair (-811):-0.00000000 (811):0.00000000
pair (-812):-0.00000000 (812):0.00000000
pair (-813):-0.00000000 (813):0.00000000
pair (-814):-0.00000000 (814):0.00000000
pair (-815):-0.00000000 (815):0.00000000
pair (-816):-0.00000000 (816):0.00000000
pair (-817):-0.00000000 (817):0.00000000
pair (-818):-0.00000000 (818):0.00000000
pair (-819):-0.00000000 (819):0.00000000
pair (-820):-0.00000000 (820):0.00000000
pair (-821):-0.00000000 (821):0.00000000
pair (-822):-0.00000000 (822):0.00000000
pair (-823):-0.00000000 (823):0.00000000
pair (-824):-0.00000000 (824):0.00000000
pair (-825):-0.00000000 (825):0.00000000
pair (-826):-0.00000000 (826):0.00000000
pair (-827):-0.00000000 (827):0.00000000
pair (-828):-0.00000000 (828):0.00000000
pair (-829):-0.00000000 (829):0.00000000
pair (-830):-0.00000000 (830):0.00000000
pair (-831):-0.00000000 (831):0.00000000
pair (-832):-0.00000000 (832):0.00000000
pair (-833):-0.00000000 (833):0.00000000
pair (-834):-0.00000000 (834):0.00000000
pair (-835):-0.00000000 (835):0.00000000
pair (-836):-0.00000000 (836):0.00000000
pair (-837):-0.00000000 (837):0.00000000
pair (-838):-0.00000000 (838):0.00000000
pair (-839):-0.00000000 (839):0.00000000
pair (-840):-0.00000000 (840):0.00000000
pair (-841):-0.00000000 (841):0.00000000
pair (-842):-0.00000000 (842):0.00000000
pair (-843):-0.00000000 (843):0.00000000
pair (-844):-0.00000000 (844):0.00000000
pair (-845):-0.00000000 (845):0.00000000
pair (-846):-0.00000000 (846):0.00000000
pair (-847):-0.00000000 (847):0.00000000
pair (-848):-0.00000000 (848):0.00000000
pair (-849):-0.00000000 (849):0.00000000
pair (-850):-0.00000000 (850):0.00000000
pair (-851):-0.00000000 (851):0.00000000
pair (-852):-0.00000000 (852):0.00000000
pair (-853):-0.00000000 (853):0.00000000
pair (-854):-0.00000000 (854):0.00000000
pair (-855):-0.00000000 (855):0.00000000
pair (-856):-0.00000000 (856):0.00000000
pair (-857):-0.00000000 (857):0.00000000
pair (-858):-0.00000000 (858):0.00000000
pair (-859):-0.00000000 (859):0.00000000
pair (-860):-0.00000000 (860):0.00000000
pair (-861):-0.00000000 (861):0.00000000
pair (-862):-0.00000000 (862):0.00000000
pair (-863):-0.00000000 (863):0.00000000
pair (-864):-0.00000000 (864):0.00000000
pair (-865):-0.00000000 (865):0.00000000
pair (-866):-0.00000000 (866):0.00000000
pair (-867):-0.00000000 (867):0.00000000
pair (-868):-0.00000000 (868):0.00000000
pair (-869):-0.00000000 (869):0.00000000
pair (-870):-0.00000000 (870):0.00000000
pair (-871):-0.00000000 (871):0.00000000
pair (-872):-0.00000000 (872):0.00000000
pair (-873):-0.00000000 (873):0.00000000
pair (-874):-0.00000000 (874):0.00000000
pair (-875):-0.00000000 (875):0.00000000
pair (-876):-0.00000000 (876):0.00000000
pair (-877):-0.00000000 (877):0.00000000
pair (-878):-0.00000000 (878):0.00000000
pair (-879):-0.00000000 (879):0.00000000
pair (-880):-0.00000000 (880):0.00000000
pair (-881):-0.00000000 (881):0.00000000
pair (-882):-0.00000000 (882):0.00000000
pair (-883):-0.00000000 (883):0.00000000
pair (-884):-0.00000000 (884):0.00000000
pair (-885):-0.00000000 (885):0.00000000
pair (-886):-0.00000000 (886):0.00000000
pair (-887):-0.00000000 (887):0.00000000
pair (-888):-0.00000000 (888):0.00000000
pair (-889):-0.00000000 (889):0.00000000
pair (-890):-0.00000000 (890):0.00000000
pair (-891):-0.00000000 (891):0.00000000
pair (-892):-0.00000000 (892):0.00000000
pair (-893):-0.00000000 (893):0.00000000
pair (-894):-0.00000000 (894):0.00000000
pair (-895):-0.00000000 (895):0.00000000
pair (-896):-0.00000000 (896):0.00000000
pair (-897):-0.00000000 (897):0.00000000
pair (-898):-0.00000000 (898):0.00000000
pair (-899):-0.00000000 (899):0.00000000
pair (-900):-0.00000000 (900):0.00000000
pair (-901):-0.00000000 (901):0.00000000
pair (-902):-0.00000000 (902):0.00000000
pair (-903):-0.00000000 (903):0.00000000
pair (-904):-0.00000000 (904):0.00000000
pair (-905):-0.00000000 (905):0.00000000
pair (-906):-0.00000000 (906):0.00000000
pair (-907):-0.00000000 (907):0.00000000
pair (-908):-0.00000000 (908):0.00000000
pair (-909):-0.00000000 (909):0.00000000
pair (-910):-0.00000000 (910):0.00000000
pair (-911):-0.00000000 (911):0.00000000
pair (-912):-0.00000000 (912):0.00000000
pair (-913):-0.00000000 (913):0.00000000
pair (-914):-0.00000000 (914):0.00000000
pair (-915):-0.00000000 (915):0.00000000
pair (-916):-0.00000000 (916):0.00000000
pair (-917):-0.00000000 (917):0.00000000
pair (-918):-0.00000000 (918):0.00000000
pair (-919):-0.00000000 (919):0.00000000
pair (-920):-0.00000000 (920):0.00000000
pair (-921):-0.00000000 (921):0.00000000
pair (-922):-0.00000000 (922):0.00000000
pair (-923):-0.00000000 (923):0.00000000
pair (-924):-0.00000000 (924):0.00000000
pair (-925):-0.00000000 (925):0.00000000
pair (-926):-0.00000000 (926):0.00000000
pair (-927):-0.00000000 (927):0.00000000
pair (-928):-0.00000000 (928):0.00000000
pair (-929):-0.00000000 (929):0.00000000
pair (-930):-0.00000000 (930):0.00000000
pair (-931):-0.00000000 (931):0.00000000
pair (-932):-0.00000000 (932):0.00000000
pair (-933):-0.00000000 (933):0.00000000
pair (-934):-0.00000000 (934):0.00000000
pair (-935):-0.00000000 (935):0.00000000
pair (-936):-0.00000000 (936):0.00000000
pair (-937):-0.00000000 (937):0.00000000
pair (-938):-0.00000000 (938):0.00000000
pair (-939):-0.00000000 (939):0.00000000
pair (-940):-0.00000000 (940):0.00000000
pair (-941):-0.00000000 (941):0.00000000
pair (-942):-0.00000000 (942):0.00000000
pair (-943):-0.00000000 (943):0.00000000
pair (-944):-0.00000000 (944):0.00000000
pair (-945):-0.00000000 (945):0.00000000
pair (-946):-0.00000000 (946):0.00000000
pair (-947):-0.00000000 (947):0.00000000
pair (-948):-0.00000000 (948):0.00000000
pair (-949):-0.00000000 (949):0.00000000
pair (-950):-0.00000000 (950):0.00000000
pair (-951):-0.00000000 (951):0.00000000
pair (-952):-0.00000000 (952):0.00000000
pair (-953):-0.00000000 (953):0.00000000
pair (-954):-0.00000000 (954):0.00000000
pair (-955):-0.00000000 (955):0.00000000
pair (-956):-0.00000000 (956):0.00000000
pair (-957):-0.00000000 (957):0.00000000
pair (-958):-0.00000000 (958):0.00000000
pair (-959):-0.00000000 (959):0.00000000
pair (-960):-0.00000000 (960):0.00000000
pair (-961):-0.00000000 (961):0.00000000
pair (-962):-0.00000000 (962):0.00000000
pair (-963):-0.00000000 (963):0.00000000
pair (-964):-0.00000000 (964):0.00000000
pair (-965):-0.00000000 (965):0.00000000
pair (-966):-0.00000000 (966):0.00000000
pair (-967):-0.00000000 (967):0.00000000
pair (-968):-0.00000000 (968):0.00000000
pair (-969):-0.00000000 (969):0.00000000
pair (-970):-0.00000000 (970):0.00000000
pair (-971):-0.00000000 (971):0.00000000
pair (-972):-0.00000000 (972):0.00000000
pair (-973):-0.00000000 (973):0.00000000
pair (-974):-0.00000000 (974):0.00000000
pair (-975):-0.00000000 (975):0.00000000
pair (-976):-0.00000000 (976):0.00000000
pair (-977):-0.00000000 (977):0.00000000
pair (-978):-0.00000000 (978):0.00000000
pair (-979):-0.00000000 (979):0.00000000
pair (-980):-0.00000000 (980):0.00000000
pair (-981):-0.00000000 (981):0.00000000
pair (-982):-0.00000000 (982):0.00000000
pair (-983):-0.00000000 (983):0.00000000
pair (-984):-0.00000000 (984):0.00000000
pair (-985):-0.00000000 (985):0.00000000
pair (-986):-0.00000000 (986):0.00000000
pair (-987):-0.00000000 (987):0.00000000
pair (-988):-0.00000000 (988):0.00000000
pair (-989):-0.00000000 (989):0.00000000
pair (-990):-0.00000000 (990):0.00000000
pair (-991):-0.00000000 (991):0.00000000
pair (-992):-0.00000000 (992):0.00000000
pair (-993):-0.00000000 (993):0.00000000
pair (-994):-0.00000000 (994):0.00000000
pair (-995):-0.00000000 (995):0.00000000
pair (-996):-0.00000000 (996):0.00000000
pair (-997):-0.00000000 (997):0.00000000
pair (-998):-0.00000000 (998):0.00000000
pair (-999):-0.00000000 (999):0.00000000
pair (-1000):-0.00000000 (1000):0.00000000
pair (-1001):-0.00000000 (1001):0.00000000
pair (-1002):-0.00000000 (1002):0.00000000
pair (-1003):-0.00000000 (1003):0.00000000
pair (-1004):-0.00000000 (1004):0.00000000
pair (-1005):-0.00000000 (1005):0.00000000
pair (-1006):-0.00000000 (1006):0.00000000
pair (-1007):-0.00000000 (1007):0.00000000
pair (-1008):-0.00000000 (1008):0.00000000
pair (-1009):-0.00000000 (1009):0.00000000
pair (-1010):-0.00000000 (1010):0.00000000
pair (-1011):-0.00000000 (1011):0.00000000
pair (-1012):-0.00000000 (1012):0.00000000
pair (-1013):-0.00000000 (1013):0.00000000
pair (-1014):-0.00000000 (1014):0.00000000
pair (-1015):-0.00000000 (1015):0.00000000
pair (-1016):-0.00000000 (1016):0.00000000
pair (-1017):-0.00000000 (1017):0.00000000
pair (-1018):-0.00000000 (1018):0.00000000
pair (-1019):-0.00000000 (1019):0.00000000
pair (-1020):-0.00000000 (1020):0.00000000
pair (-1021):-0.00000000 (1021):0.00000000
pair (-1022):-0.00000000 (1022):0.00000000
pair (-1023):-0.00000000 (1023):0.00000000
pair (-1024):-0.00000000 (1024):0.00000000
pair (-1025):-0.00000000 (1025):0.00000000
pair (-1026):-0.00000000 (1026):0.00000000
pair (-1027):-0.00000000 (1027):0.00000000
pair (-1028):-0.00000000 (1028):0.00000000
pair (-1029):-0.00000000 (1029):0.00000000
pair (-1030):-0.00000000 (1030):0.00000000
pair (-1031):-0.00000000 (1031):0.00000000
pair (-1032):-0.00000000 (1032):0.00000000
pair (-1033):-0.00000000 (1033):0.00000000
pair (-1034):-0.00000000 (1034):0.00000000
pair (-1035):-0.00000000 (1035):0.00000000
pair (-1036):-0.00000000 (1036):0.00000000
pair (-1037):-0.00000000 (1037):0.00000000
pair (-1038):-0.00000000 (1038):0.00000000
pair (-1039):-0.00000000 (1039):0.00000000
pair (-1040):-0.00000000 (1040):0.00000000
pair (-1041):-0.00000000 (1041):0.00000000
pair (-1042):-0.00000000 (1042):0.00000000
pair (-1043):-0.00000000 (1043):0.00000000
pair (-1044):-0.00000000 (1044):0.00000000
pair (-1045):-0.00000000 (1045):0.00000000
pair (-1046):-0.00000000 (1046):0.00000000
pair (-1047):-0.00000000 (1047):0.00000000
pair (-1048):-0.00000000 (1048):0.00000000
pair (-1049):-0.00000000 (1049):0.00000000
pair (-1050):-0.00000000 (1050):0.00000000
pair (-1051):-0.00000000 (1051):0.00000000
pair (-1052):-0.00000000 (1052):0.00000000
pair (-1053):-0.00000000 (1053):0.00000000
pair (-1054):-0.00000000 (1054):0.00000000
pair (-1055):-0.00000000 (1055):0.00000000
pair (-1056):-0.00000000 (1056):0.00000000
pair (-1057):-0.00000000 (1057):0.00000000
pair (-1058):-0.00000000 (1058):0.00000000
pair (-1059):-0.00000000 (1059):0.00000000
pair (-1060):-0.00000000 (1060):0.00000000
pair (-1061):-0.00000000 (1061):0.00000000
pair (-1062):-0.00000000 (1062):0.00000000
pair (-1063):-0.00000000 (1063):0.00000000
pair (-1064):-0.00000000 (1064):0.00000000
pair (-1065):-0.00000000 (1065):0.00000000
pair (-1066):-0.00000000 (1066):0.00000000
pair (-1067):-0.00000000 (1067):0.00000000
pair (-1068):-0.00000000 (1068):0.00000000
pair (-1069):-0.00000000 (1069):0.00000000
pair (-1070):-0.00000000 (1070):0.00000000
pair (-1071):-0.00000000 (1071):0.00000000
pair (-1072):-0.00000000 (1072):0.00000000
pair (-1073):-0.00000000 (1073):0.00000000
pair (-1074):-0.00000000 (1074):0.00000000
pair (-1075):-0.00000000 (1075):0.00000000
pair (-1076):-0.00000000 (1076):0.00000000
pair (-1077):-0.00000000 (1077):0.00000000
pair (-1078):-0.00000000 (1078):0.00000000
pair (-1079):-0.00000000 (1079):0.00000000
pair (-1080):-0.00000000 (1080):0.00000000
pair (-1081):-0.00000000 (1081):0.00000000
pair (-1082):-0.00000000 (1082):0.00000000
pair (-1083):-0.00000000 (1083):0.00000000
pair (-1084):-0.00000000 (1084):0.00000000
pair (-1085):-0.00000000 (1085):0.00000000
pair (-1086):-0.00000000 (1086):0.00000000
pair (-1087):-0.00000000 (1087):0.00000000
pair (-1088):-0.00000000 (1088):0.00000000
pair (-1089):-0.00000000 (1089):0.00000000
pair (-1090):-0.00000000 (1090):0.00000000
pair (-1091):-0.00000000 (1091):0.00000000
pair (-1092):-0.00000000 (1092):0.00000000
pair (-1093):-0.00000000 (1093):0.00000000
pair (-1094):-0.00000000 (1094):0.00000000
pair (-1095):-0.00000000 (1095):0.00000000
pair (-1096):-0.00000000 (1096):0.00000000
pair (-1097):-0.00000000 (1097):0.00000000
pair (-1098):-0.00000000 (1098):0.00000000
pair (-1099):-0.00000000 (1099):0.00000000
pair (-1100):-0.00000000 (1100):0.00000000
pair (-1101):-0.00000000 (1101):0.00000000
pair (-1102):-0.00000000 (1102):0.00000000
pair (-1103):-0.00000000 (1103):0.00000000
pair (-1104):-0.00000000 (1104):0.00000000
pair (-1105):-0.00000000 (1105):0.00000000
pair (-1106):-0.00000000 (1106):0.00000000
pair (-1107):-0.00000000 (1107):0.00000000
pair (-1108):-0.00000000 (1108):0.00000000
pair (-1109):-0.00000000 (1109):0.00000000
pair (-1110):-0.00000000 (1110):0.00000000
pair (-1111):-0.00000000 (1111):0.00000000
pair (-1112):-0.00000000 (1112):0.00000000
pair (-1113):-0.00000000 (1113):0.00000000
pair (-1114):-0.00000000 (1114):0.00000000
pair (-1115):-0.00000000 (1115):0.00000000
pair (-1116):-0.00000000 (1116):0.00000000
pair (-1117):-0.00000000 (1117):0.00000000
pair (-1118):-0.00000000 (1118):0.00000000
pair (-1119):-0.00000000 (1119):0.00000000
pair (-1120):-0.00000000 (1120):0.00000000
pair (-1121):-0.00000000 (1121):0.00000000
pair (-1122):-0.00000000 (1122):0.00000000
pair (-1123):-0.00000000 (1123):0.00000000
pair (-1124):-0.00000000 (1124):0.00000000
pair (-1125):-0.00000000 (1125):0.00000000
pair (-1126):-0.00000000 (1126):0.00000000
pair (-1127):-0.00000000 (1127):0.00000000
pair (-1128):-0.00000000 (1128):0.00000000
pair (-1129):-0.00000000 (1129):0.00000000
pair (-1130):-0.00000000 (1130):0.00000000
pair (-1131):-0.00000000 (1131):0.00000000
pair (-1132):-0.00000000 (1132):0.00000000
pair (-1133):-0.00000000 (1133):0.00000000
pair (-1134):-0.00000000 (1134):0.00000000
pair (-1135):-0.00000000 (1135):0.00000000
pair (-1136):-0.00000000 (1136):0.00000000
pair (-1137):-0.00000000 (1137):0.00000000
pair (-1138):-0.00000000 (1138):0.00000000
pair (-1139):-0.00000000 (1139):0.00000000
pair (-1140):-0.00000000 (1140):0.00000000
pair (-1141):-0.00000000 (1141):0.00000000
pair (-1142):-0.00000000 (1142):0.00000000
pair (-1143):-0.00000000 (1143):0.00000000
pair (-1144):-0.00000000 (1144):0.00000000
pair (-1145):-0.00000000 (1145):0.00000000
pair (-1146):-0.00000000 (1146):0.00000000
pair (-1147):-0.00000000 (1147):0.00000000
pair (-1148):-0.00000000 (1148):0.00000000
pair (-1149):-0.00000000 (1149):0.00000000
pair (-1150):-0.00000000 (1150):0.00000000
pair (-1151):-0.00000000 (1151):0.00000000
pair (-1152):-0.00000000 (1152):0.00000000
pair (-1153):-0.00000000 (1153):0.00000000
pair (-1154):-0.00000000 (1154):0.00000000
pair (-1155):-0.00000000 (1155):0.00000000
pair (-1156):-0.00000000 (1156):0.00000000
pair (-1157):-0.00000000 (1157):0.00000000
pair (-1158):-0.00000000 (1158):0.00000000
pair (-1159):-0.00000000 (1159):0.00000000
pair (-1160):-0.00000000 (1160):0.00000000
pair (-1161):-0.00000000 (1161):0.00000000
pair (-1162):-0.00000000 (1162):0.00000000
pair (-1163):-0.00000000 (1163):0.00000000
pair (-1164):-0.00000000 (1164):0.00000000
pair (-1165):-0.00000000 (1165):0.00000000
pair (-1166):-0.00000000 (1166):0.00000000
pair (-1167):-0.00000000 (1167):0.00000000
pair (-1168):-0.00000000 (1168):0.00000000
pair (-1169):-0.00000000 (1169):0.00000000
pair (-1170):-0.00000000 (1170):0.00000000
pair (-1171):-0.00000000 (1171):0.00000000
pair (-1172):-0.00000000 (1172):0.00000000
pair (-1173):-0.00000000 (1173):-0.00000000
pair (-1174):-0.00000000 (1174):-0.00000000
pair (-1175):-0.00000000 (1175):-0.00000000
pair (-1176):-0.00000000 (1176):-0.00000000
pair (-1177):-0.00000000 (1177):-0.00000000
pair (-1178):-0.00000000 (1178):-0.00000000
pair (-1179):-0.00000000 (1179):-0.00000000
pair (-1180):-0.00000000 (1180):-0.00000000
pair (-1181):-0.00000000 (1181):-0.00000000
pair (-1182):-0.00000000 (1182):-0.00000000
pair (-1183):-0.00000000 (1183):-0.00000000
pair (-1184):-0.00000000 (1184):-0.00000000
pair (-1185):-0.00000000 (1185):-0.00000000
pair (-1186):-0.00000000 (1186):-0.00000000
pair (-1187):-0.00000000 (1187):-0.00000000
pair (-1188):-0.00000000 (1188):-0.00000000
pair (-1189):-0.00000000 (1189):-0.00000000
pair (-1190):-0.00000000 (1190):-0.00000000
pair (-1191):-0.00000000 (1191):-0.00000000
pair (-1192):-0.00000000 (1192):-0.00000000
pair (-1193):-0.00000000 (1193):-0.00000000
pair (-1194):-0.00000000 (1194):-0.00000000
pair (-1195):-0.00000000 (1195):-0.00000000
pair (-1196):-0.00000000 (1196):-0.00000000
pair (-1197):-0.00000000 (1197):-0.00000000
pair (-1198):-0.00000000 (1198):-0.00000000
pair (-1199):-0.00000000 (1199):-0.00000000
pair (-1200):-0.00000000 (1200):-0.00000000
pair (-1201):-0.00000000 (1201):-0.00000000
pair (-1202):-0.00000000 (1202):-0.00000000
pair (-1203):-0.00000000 (1203):-0.00000000
pair (-1204):-0.00000000 (1204):-0.00000000
pair (-1205):-0.00000000 (1205):-0.00000000
pair (-1206):-0.00000000 (1206):-0.00000000
pair (-1207):-0.00000000 (1207):-0.00000000
pair (-1208):-0.00000000 (1208):-0.00000000
pair (-1209):-0.00000000 (1209):-0.00000000
pair (-1210):-0.00000000 (1210):-0.00000000
pair (-1211):-0.00000000 (1211):-0.00000000
pair (-1212):-0.00000000 (1212):-0.00000000
pair (-1213):-0.00000000 (1213):-0.00000000
pair (-1214):-0.00000000 (1214):-0.00000000
pair (-1215):-0.00000000 (1215):-0.00000000
pair (-1216):-0.00000000 (1216):-0.00000000
pair (-1217):-0.00000000 (1217):-0.00000000
pair (-1218):-0.00000000 (1218):-0.00000000
pair (-1219):-0.00000000 (1219):-0.00000000
pair (-1220):-0.00000000 (1220):-0.00000000
pair (-1221):-0.00000000 (1221):-0.00000000
pair (-1222):-0.00000000 (1222):-0.00000000
pair (-1223):-0.00000000 (1223):-0.00000000
pair (-1224):-0.00000000 (1224):-0.00000000
pair (-1225):-0.00000000 (1225):-0.00000000
pair (-1226):-0.00000000 (1226):-0.00000000
pair (-1227):-0.00000000 (1227):-0.00000000
pair (-1228):-0.00000000 (1228):-0.00000000
