0.000000000000e+00 -5.872837179612e-01
1.000000000000e-01 -5.872837182485e-01
2.000000000000e-01 -5.872837182479e-01
3.000000000000e-01 -5.872837182469e-01
4.000000000000e-01 -5.872837182455e-01
5.000000000000e-01 -5.872837182439e-01
6.000000000000e-01 -5.872837182422e-01
7.000000000000e-01 -5.872837182402e-01
8.000000000000e-01 -5.872837182381e-01
9.000000000000e-01 -5.872837182360e-01
1.000000000000e+00 -5.872837182338e-01
1.100000000000e+00 -5.872837182316e-01
1.200000000000e+00 -5.872837182295e-01
1.300000000000e+00 -5.872837182274e-01
1.400000000000e+00 -5.872837182252e-01
1.500000000000e+00 -5.872837182231e-01
1.600000000000e+00 -5.872837182209e-01
1.700000000000e+00 -5.872837182186e-01
1.800000000000e+00 -5.872837182161e-01
1.900000000000e+00 -5.872837182135e-01
2.000000000000e+00 -5.872837182106e-01
2.100000000000e+00 -5.872837182077e-01
2.200000000000e+00 -5.872837182045e-01
2.300000000000e+00 -5.872837182013e-01
2.400000000000e+00 -5.872837181979e-01
2.500000000000e+00 -5.872837181945e-01
2.600000000000e+00 -5.872837181911e-01
2.700000000000e+00 -5.872837181877e-01
2.800000000000e+00 -5.872837181844e-01
2.900000000000e+00 -5.872837181812e-01
3.000000000000e+00 -5.872837181780e-01
3.100000000000e+00 -5.872837181750e-01
3.200000000000e+00 -5.872837181720e-01
3.300000000000e+00 -5.872837181692e-01
3.400000000000e+00 -5.872837181666e-01
3.500000000000e+00 -5.872837181641e-01
3.600000000000e+00 -5.872837181617e-01
3.700000000000e+00 -5.872837181594e-01
3.800000000000e+00 -5.872837181572e-01
3.900000000000e+00 -5.872837181551e-01
4.000000000000e+00 -5.872837181530e-01
4.100000000000e+00 -5.872837181510e-01
4.200000000000e+00 -5.872837181491e-01
4.300000000000e+00 -5.872837181472e-01
4.400000000000e+00 -5.872837181456e-01
4.500000000000e+00 -5.872837181441e-01
4.600000000000e+00 -5.872837181428e-01
4.700000000000e+00 -5.872837181417e-01
4.800000000000e+00 -5.872837181410e-01
4.900000000000e+00 -5.872837181405e-01
5.000000000000e+00 -5.872837181404e-01
5.100000000000e+00 -5.872837181407e-01
5.200000000000e+00 -5.872837181415e-01
5.300000000000e+00 -5.872837181426e-01
5.400000000000e+00 -5.872837181443e-01
5.500000000000e+00 -5.872837181463e-01
5.600000000000e+00 -5.872837181487e-01
5.700000000000e+00 -5.872837181515e-01
5.800000000000e+00 -5.872837181546e-01
5.900000000000e+00 -5.872837181579e-01
6.000000000000e+00 -5.872837181615e-01
6.100000000000e+00 -5.872837181652e-01
6.200000000000e+00 -5.872837181689e-01
6.300000000000e+00 -5.872837181727e-01
6.400000000000e+00 -5.872837181764e-01
6.500000000000e+00 -5.872837181802e-01
6.600000000000e+00 -5.872837181840e-01
6.700000000000e+00 -5.872837181877e-01
6.800000000000e+00 -5.872837181915e-01
6.900000000000e+00 -5.872837181952e-01
7.000000000000e+00 -5.872837181990e-01
7.100000000000e+00 -5.872837182027e-01
7.200000000000e+00 -5.872837182065e-01
7.300000000000e+00 -5.872837182103e-01
7.400000000000e+00 -5.872837182141e-01
7.500000000000e+00 -5.872837182179e-01
7.600000000000e+00 -5.872837182217e-01
7.700000000000e+00 -5.872837182254e-01
7.800000000000e+00 -5.872837182290e-01
7.900000000000e+00 -5.872837182324e-01
8.000000000000e+00 -5.872837182355e-01
8.100000000000e+00 -5.872837182383e-01
8.200000000000e+00 -5.872837182407e-01
8.300000000000e+00 -5.872837182428e-01
8.400000000000e+00 -5.872837182445e-01
8.500000000000e+00 -5.872837182458e-01
8.600000000000e+00 -5.872837182468e-01
8.700000000000e+00 -5.872837182473e-01
8.800000000000e+00 -5.872837182476e-01
8.900000000000e+00 -5.872837182475e-01
9.000000000000e+00 -5.872837182472e-01
9.100000000000e+00 -5.872837182466e-01
9.200000000000e+00 -5.872837182459e-01
9.300000000000e+00 -5.872837182451e-01
9.400000000000e+00 -5.872837182441e-01
9.500000000000e+00 -5.872837182431e-01
9.600000000000e+00 -5.872837182419e-01
9.700000000000e+00 -5.872837182407e-01
9.800000000000e+00 -5.872837182394e-01
9.900000000000e+00 -5.872837182381e-01
1.000000000000e+01 -5.872837182366e-01
1.010000000000e+01 -5.872837182350e-01
1.020000000000e+01 -5.872837182332e-01
1.030000000000e+01 -5.872837182313e-01
1.040000000000e+01 -5.872837182291e-01
1.050000000000e+01 -5.872837182266e-01
1.060000000000e+01 -5.872837182238e-01
1.070000000000e+01 -5.872837182208e-01
1.080000000000e+01 -5.872837182174e-01
1.090000000000e+01 -5.872837182139e-01
1.100000000000e+01 -5.872837182103e-01
1.110000000000e+01 -5.872837182065e-01
1.120000000000e+01 -5.872837182027e-01
1.130000000000e+01 -5.872837181990e-01
1.140000000000e+01 -5.872837181954e-01
1.150000000000e+01 -5.872837181920e-01
1.160000000000e+01 -5.872837181887e-01
1.170000000000e+01 -5.872837181857e-01
1.180000000000e+01 -5.872837181829e-01
1.190000000000e+01 -5.872837181803e-01
1.200000000000e+01 -5.872837181779e-01
1.210000000000e+01 -5.872837181756e-01
1.220000000000e+01 -5.872837181733e-01
1.230000000000e+01 -5.872837181712e-01
1.240000000000e+01 -5.872837181691e-01
1.250000000000e+01 -5.872837181670e-01
1.260000000000e+01 -5.872837181649e-01
1.270000000000e+01 -5.872837181629e-01
1.280000000000e+01 -5.872837181608e-01
1.290000000000e+01 -5.872837181588e-01
1.300000000000e+01 -5.872837181569e-01
1.310000000000e+01 -5.872837181552e-01
1.320000000000e+01 -5.872837181537e-01
1.330000000000e+01 -5.872837181525e-01
1.340000000000e+01 -5.872837181516e-01
1.350000000000e+01 -5.872837181510e-01
1.360000000000e+01 -5.872837181506e-01
1.370000000000e+01 -5.872837181506e-01
1.380000000000e+01 -5.872837181509e-01
1.390000000000e+01 -5.872837181515e-01
1.400000000000e+01 -5.872837181523e-01
1.410000000000e+01 -5.872837181533e-01
1.420000000000e+01 -5.872837181545e-01
1.430000000000e+01 -5.872837181558e-01
1.440000000000e+01 -5.872837181572e-01
1.450000000000e+01 -5.872837181587e-01
1.460000000000e+01 -5.872837181602e-01
1.470000000000e+01 -5.872837181618e-01
1.480000000000e+01 -5.872837181634e-01
1.490000000000e+01 -5.872837181651e-01
1.500000000000e+01 -5.872837181667e-01
1.510000000000e+01 -5.872837181685e-01
1.520000000000e+01 -5.872837181704e-01
1.530000000000e+01 -5.872837181725e-01
1.540000000000e+01 -5.872837181748e-01
1.550000000000e+01 -5.872837181773e-01
1.560000000000e+01 -5.872837181801e-01
1.570000000000e+01 -5.872837181831e-01
1.580000000000e+01 -5.872837181864e-01
1.590000000000e+01 -5.872837181899e-01
1.600000000000e+01 -5.872837181935e-01
1.610000000000e+01 -5.872837181973e-01
1.620000000000e+01 -5.872837182012e-01
1.630000000000e+01 -5.872837182051e-01
1.640000000000e+01 -5.872837182089e-01
1.650000000000e+01 -5.872837182127e-01
1.660000000000e+01 -5.872837182163e-01
1.670000000000e+01 -5.872837182197e-01
1.680000000000e+01 -5.872837182230e-01
1.690000000000e+01 -5.872837182260e-01
1.700000000000e+01 -5.872837182288e-01
1.710000000000e+01 -5.872837182314e-01
1.720000000000e+01 -5.872837182338e-01
1.730000000000e+01 -5.872837182360e-01
1.740000000000e+01 -5.872837182380e-01
1.750000000000e+01 -5.872837182398e-01
1.760000000000e+01 -5.872837182415e-01
1.770000000000e+01 -5.872837182430e-01
1.780000000000e+01 -5.872837182444e-01
1.790000000000e+01 -5.872837182455e-01
1.800000000000e+01 -5.872837182465e-01
1.810000000000e+01 -5.872837182474e-01
1.820000000000e+01 -5.872837182480e-01
1.830000000000e+01 -5.872837182483e-01
1.840000000000e+01 -5.872837182484e-01
1.850000000000e+01 -5.872837182481e-01
1.860000000000e+01 -5.872837182474e-01
1.870000000000e+01 -5.872837182463e-01
1.880000000000e+01 -5.872837182449e-01
1.890000000000e+01 -5.872837182430e-01
1.900000000000e+01 -5.872837182408e-01
1.910000000000e+01 -5.872837182382e-01
1.920000000000e+01 -5.872837182354e-01
1.930000000000e+01 -5.872837182323e-01
1.940000000000e+01 -5.872837182290e-01
1.950000000000e+01 -5.872837182255e-01
1.960000000000e+01 -5.872837182219e-01
1.970000000000e+01 -5.872837182183e-01
1.980000000000e+01 -5.872837182146e-01
1.990000000000e+01 -5.872837182110e-01
2.000000000000e+01 -5.872837182074e-01
2.010000000000e+01 -5.872837182040e-01
2.020000000000e+01 -5.872837182008e-01
2.030000000000e+01 -5.872837181977e-01
2.040000000000e+01 -5.872837181947e-01
2.050000000000e+01 -5.872837181919e-01
2.060000000000e+01 -5.872837181891e-01
2.070000000000e+01 -5.872837181864e-01
2.080000000000e+01 -5.872837181837e-01
2.090000000000e+01 -5.872837181810e-01
2.100000000000e+01 -5.872837181782e-01
2.110000000000e+01 -5.872837181754e-01
2.120000000000e+01 -5.872837181725e-01
2.130000000000e+01 -5.872837181696e-01
2.140000000000e+01 -5.872837181668e-01
2.150000000000e+01 -5.872837181640e-01
2.160000000000e+01 -5.872837181612e-01
2.170000000000e+01 -5.872837181586e-01
2.180000000000e+01 -5.872837181562e-01
2.190000000000e+01 -5.872837181542e-01
2.200000000000e+01 -5.872837181523e-01
2.210000000000e+01 -5.872837181508e-01
2.220000000000e+01 -5.872837181495e-01
2.230000000000e+01 -5.872837181485e-01
2.240000000000e+01 -5.872837181479e-01
2.250000000000e+01 -5.872837181475e-01
2.260000000000e+01 -5.872837181475e-01
2.270000000000e+01 -5.872837181476e-01
2.280000000000e+01 -5.872837181480e-01
2.290000000000e+01 -5.872837181485e-01
2.300000000000e+01 -5.872837181492e-01
2.310000000000e+01 -5.872837181499e-01
2.320000000000e+01 -5.872837181507e-01
2.330000000000e+01 -5.872837181515e-01
2.340000000000e+01 -5.872837181524e-01
2.350000000000e+01 -5.872837181533e-01
2.360000000000e+01 -5.872837181544e-01
2.370000000000e+01 -5.872837181556e-01
2.380000000000e+01 -5.872837181571e-01
2.390000000000e+01 -5.872837181588e-01
2.400000000000e+01 -5.872837181608e-01
2.410000000000e+01 -5.872837181631e-01
2.420000000000e+01 -5.872837181658e-01
2.430000000000e+01 -5.872837181688e-01
2.440000000000e+01 -5.872837181721e-01
2.450000000000e+01 -5.872837181756e-01
2.460000000000e+01 -5.872837181793e-01
2.470000000000e+01 -5.872837181832e-01
2.480000000000e+01 -5.872837181872e-01
2.490000000000e+01 -5.872837181912e-01
2.500000000000e+01 -5.872837181951e-01
2.510000000000e+01 -5.872837181989e-01
2.520000000000e+01 -5.872837182025e-01
2.530000000000e+01 -5.872837182060e-01
2.540000000000e+01 -5.872837182093e-01
2.550000000000e+01 -5.872837182125e-01
2.560000000000e+01 -5.872837182156e-01
2.570000000000e+01 -5.872837182186e-01
2.580000000000e+01 -5.872837182214e-01
2.590000000000e+01 -5.872837182242e-01
2.600000000000e+01 -5.872837182270e-01
2.610000000000e+01 -5.872837182297e-01
2.620000000000e+01 -5.872837182324e-01
2.630000000000e+01 -5.872837182351e-01
2.640000000000e+01 -5.872837182376e-01
2.650000000000e+01 -5.872837182401e-01
2.660000000000e+01 -5.872837182425e-01
2.670000000000e+01 -5.872837182447e-01
2.680000000000e+01 -5.872837182467e-01
2.690000000000e+01 -5.872837182485e-01
2.700000000000e+01 -5.872837182499e-01
2.710000000000e+01 -5.872837182511e-01
2.720000000000e+01 -5.872837182519e-01
2.730000000000e+01 -5.872837182524e-01
2.740000000000e+01 -5.872837182526e-01
2.750000000000e+01 -5.872837182525e-01
2.760000000000e+01 -5.872837182520e-01
2.770000000000e+01 -5.872837182512e-01
2.780000000000e+01 -5.872837182501e-01
2.790000000000e+01 -5.872837182486e-01
2.800000000000e+01 -5.872837182469e-01
2.810000000000e+01 -5.872837182450e-01
2.820000000000e+01 -5.872837182428e-01
2.830000000000e+01 -5.872837182405e-01
2.840000000000e+01 -5.872837182380e-01
2.850000000000e+01 -5.872837182354e-01
2.860000000000e+01 -5.872837182326e-01
2.870000000000e+01 -5.872837182298e-01
2.880000000000e+01 -5.872837182268e-01
2.890000000000e+01 -5.872837182237e-01
2.900000000000e+01 -5.872837182206e-01
2.910000000000e+01 -5.872837182173e-01
2.920000000000e+01 -5.872837182139e-01
2.930000000000e+01 -5.872837182104e-01
2.940000000000e+01 -5.872837182068e-01
2.950000000000e+01 -5.872837182030e-01
2.960000000000e+01 -5.872837181990e-01
2.970000000000e+01 -5.872837181949e-01
2.980000000000e+01 -5.872837181907e-01
2.990000000000e+01 -5.872837181865e-01
3.000000000000e+01 -5.872837181822e-01
3.010000000000e+01 -5.872837181780e-01
3.020000000000e+01 -5.872837181738e-01
3.030000000000e+01 -5.872837181699e-01
3.040000000000e+01 -5.872837181661e-01
3.050000000000e+01 -5.872837181627e-01
3.060000000000e+01 -5.872837181595e-01
3.070000000000e+01 -5.872837181567e-01
3.080000000000e+01 -5.872837181542e-01
3.090000000000e+01 -5.872837181522e-01
3.100000000000e+01 -5.872837181505e-01
3.110000000000e+01 -5.872837181491e-01
3.120000000000e+01 -5.872837181481e-01
3.130000000000e+01 -5.872837181473e-01
3.140000000000e+01 -5.872837181468e-01
3.150000000000e+01 -5.872837181465e-01
3.160000000000e+01 -5.872837181464e-01
3.170000000000e+01 -5.872837181466e-01
3.180000000000e+01 -5.872837181468e-01
3.190000000000e+01 -5.872837181472e-01
3.200000000000e+01 -5.872837181478e-01
3.210000000000e+01 -5.872837181485e-01
3.220000000000e+01 -5.872837181494e-01
3.230000000000e+01 -5.872837181504e-01
3.240000000000e+01 -5.872837181516e-01
3.250000000000e+01 -5.872837181531e-01
3.260000000000e+01 -5.872837181548e-01
3.270000000000e+01 -5.872837181567e-01
3.280000000000e+01 -5.872837181589e-01
3.290000000000e+01 -5.872837181613e-01
3.300000000000e+01 -5.872837181639e-01
3.310000000000e+01 -5.872837181666e-01
3.320000000000e+01 -5.872837181693e-01
3.330000000000e+01 -5.872837181722e-01
3.340000000000e+01 -5.872837181750e-01
3.350000000000e+01 -5.872837181779e-01
3.360000000000e+01 -5.872837181807e-01
3.370000000000e+01 -5.872837181835e-01
3.380000000000e+01 -5.872837181861e-01
3.390000000000e+01 -5.872837181887e-01
3.400000000000e+01 -5.872837181913e-01
3.410000000000e+01 -5.872837181938e-01
3.420000000000e+01 -5.872837181964e-01
3.430000000000e+01 -5.872837181989e-01
3.440000000000e+01 -5.872837182015e-01
3.450000000000e+01 -5.872837182041e-01
3.460000000000e+01 -5.872837182068e-01
3.470000000000e+01 -5.872837182096e-01
3.480000000000e+01 -5.872837182125e-01
3.490000000000e+01 -5.872837182156e-01
3.500000000000e+01 -5.872837182187e-01
3.510000000000e+01 -5.872837182218e-01
3.520000000000e+01 -5.872837182249e-01
3.530000000000e+01 -5.872837182278e-01
3.540000000000e+01 -5.872837182307e-01
3.550000000000e+01 -5.872837182333e-01
3.560000000000e+01 -5.872837182357e-01
3.570000000000e+01 -5.872837182378e-01
3.580000000000e+01 -5.872837182397e-01
3.590000000000e+01 -5.872837182413e-01
3.600000000000e+01 -5.872837182427e-01
3.610000000000e+01 -5.872837182438e-01
3.620000000000e+01 -5.872837182446e-01
3.630000000000e+01 -5.872837182451e-01
3.640000000000e+01 -5.872837182455e-01
3.650000000000e+01 -5.872837182457e-01
3.660000000000e+01 -5.872837182456e-01
3.670000000000e+01 -5.872837182454e-01
3.680000000000e+01 -5.872837182450e-01
3.690000000000e+01 -5.872837182446e-01
3.700000000000e+01 -5.872837182439e-01
3.710000000000e+01 -5.872837182431e-01
3.720000000000e+01 -5.872837182420e-01
3.730000000000e+01 -5.872837182407e-01
3.740000000000e+01 -5.872837182391e-01
3.750000000000e+01 -5.872837182371e-01
3.760000000000e+01 -5.872837182349e-01
3.770000000000e+01 -5.872837182324e-01
3.780000000000e+01 -5.872837182296e-01
3.790000000000e+01 -5.872837182265e-01
3.800000000000e+01 -5.872837182232e-01
3.810000000000e+01 -5.872837182198e-01
3.820000000000e+01 -5.872837182161e-01
3.830000000000e+01 -5.872837182123e-01
3.840000000000e+01 -5.872837182085e-01
3.850000000000e+01 -5.872837182046e-01
3.860000000000e+01 -5.872837182006e-01
3.870000000000e+01 -5.872837181968e-01
3.880000000000e+01 -5.872837181930e-01
3.890000000000e+01 -5.872837181894e-01
3.900000000000e+01 -5.872837181858e-01
3.910000000000e+01 -5.872837181824e-01
3.920000000000e+01 -5.872837181791e-01
3.930000000000e+01 -5.872837181759e-01
3.940000000000e+01 -5.872837181728e-01
3.950000000000e+01 -5.872837181698e-01
3.960000000000e+01 -5.872837181669e-01
3.970000000000e+01 -5.872837181640e-01
3.980000000000e+01 -5.872837181612e-01
3.990000000000e+01 -5.872837181585e-01
4.000000000000e+01 -5.872837181560e-01
4.010000000000e+01 -5.872837181536e-01
4.020000000000e+01 -5.872837181513e-01
4.030000000000e+01 -5.872837181493e-01
4.040000000000e+01 -5.872837181475e-01
4.050000000000e+01 -5.872837181459e-01
4.060000000000e+01 -5.872837181445e-01
4.070000000000e+01 -5.872837181434e-01
4.080000000000e+01 -5.872837181426e-01
4.090000000000e+01 -5.872837181422e-01
4.100000000000e+01 -5.872837181421e-01
4.110000000000e+01 -5.872837181423e-01
4.120000000000e+01 -5.872837181429e-01
4.130000000000e+01 -5.872837181439e-01
4.140000000000e+01 -5.872837181452e-01
4.150000000000e+01 -5.872837181469e-01
4.160000000000e+01 -5.872837181489e-01
4.170000000000e+01 -5.872837181511e-01
4.180000000000e+01 -5.872837181535e-01
4.190000000000e+01 -5.872837181561e-01
4.200000000000e+01 -5.872837181589e-01
4.210000000000e+01 -5.872837181617e-01
4.220000000000e+01 -5.872837181648e-01
4.230000000000e+01 -5.872837181679e-01
4.240000000000e+01 -5.872837181712e-01
4.250000000000e+01 -5.872837181746e-01
4.260000000000e+01 -5.872837181781e-01
4.270000000000e+01 -5.872837181816e-01
4.280000000000e+01 -5.872837181854e-01
4.290000000000e+01 -5.872837181892e-01
4.300000000000e+01 -5.872837181931e-01
4.310000000000e+01 -5.872837181971e-01
4.320000000000e+01 -5.872837182010e-01
4.330000000000e+01 -5.872837182049e-01
4.340000000000e+01 -5.872837182088e-01
4.350000000000e+01 -5.872837182126e-01
4.360000000000e+01 -5.872837182162e-01
4.370000000000e+01 -5.872837182197e-01
4.380000000000e+01 -5.872837182230e-01
4.390000000000e+01 -5.872837182260e-01
4.400000000000e+01 -5.872837182288e-01
4.410000000000e+01 -5.872837182315e-01
4.420000000000e+01 -5.872837182339e-01
4.430000000000e+01 -5.872837182362e-01
4.440000000000e+01 -5.872837182382e-01
4.450000000000e+01 -5.872837182400e-01
4.460000000000e+01 -5.872837182415e-01
4.470000000000e+01 -5.872837182428e-01
4.480000000000e+01 -5.872837182439e-01
4.490000000000e+01 -5.872837182449e-01
4.500000000000e+01 -5.872837182458e-01
4.510000000000e+01 -5.872837182465e-01
4.520000000000e+01 -5.872837182471e-01
4.530000000000e+01 -5.872837182476e-01
4.540000000000e+01 -5.872837182480e-01
4.550000000000e+01 -5.872837182483e-01
4.560000000000e+01 -5.872837182484e-01
4.570000000000e+01 -5.872837182483e-01
4.580000000000e+01 -5.872837182480e-01
4.590000000000e+01 -5.872837182475e-01
4.600000000000e+01 -5.872837182467e-01
4.610000000000e+01 -5.872837182456e-01
4.620000000000e+01 -5.872837182442e-01
4.630000000000e+01 -5.872837182425e-01
4.640000000000e+01 -5.872837182406e-01
4.650000000000e+01 -5.872837182383e-01
4.660000000000e+01 -5.872837182359e-01
4.670000000000e+01 -5.872837182334e-01
4.680000000000e+01 -5.872837182307e-01
4.690000000000e+01 -5.872837182278e-01
4.700000000000e+01 -5.872837182248e-01
4.710000000000e+01 -5.872837182217e-01
4.720000000000e+01 -5.872837182184e-01
4.730000000000e+01 -5.872837182152e-01
4.740000000000e+01 -5.872837182118e-01
4.750000000000e+01 -5.872837182084e-01
4.760000000000e+01 -5.872837182049e-01
4.770000000000e+01 -5.872837182013e-01
4.780000000000e+01 -5.872837181976e-01
4.790000000000e+01 -5.872837181939e-01
4.800000000000e+01 -5.872837181900e-01
4.810000000000e+01 -5.872837181861e-01
4.820000000000e+01 -5.872837181820e-01
4.830000000000e+01 -5.872837181779e-01
4.840000000000e+01 -5.872837181737e-01
4.850000000000e+01 -5.872837181695e-01
4.860000000000e+01 -5.872837181654e-01
4.870000000000e+01 -5.872837181615e-01
4.880000000000e+01 -5.872837181577e-01
4.890000000000e+01 -5.872837181541e-01
4.900000000000e+01 -5.872837181509e-01
4.910000000000e+01 -5.872837181480e-01
4.920000000000e+01 -5.872837181454e-01
4.930000000000e+01 -5.872837181432e-01
4.940000000000e+01 -5.872837181414e-01
4.950000000000e+01 -5.872837181399e-01
4.960000000000e+01 -5.872837181388e-01
4.970000000000e+01 -5.872837181381e-01
4.980000000000e+01 -5.872837181378e-01
4.990000000000e+01 -5.872837181377e-01
5.000000000000e+01 -5.872837181379e-01
5.010000000000e+01 -5.872837181383e-01
5.020000000000e+01 -5.872837181389e-01
5.030000000000e+01 -5.872837181397e-01
5.040000000000e+01 -5.872837181408e-01
5.050000000000e+01 -5.872837181420e-01
5.060000000000e+01 -5.872837181434e-01
5.070000000000e+01 -5.872837181451e-01
5.080000000000e+01 -5.872837181470e-01
5.090000000000e+01 -5.872837181491e-01
5.100000000000e+01 -5.872837181515e-01
5.110000000000e+01 -5.872837181541e-01
5.120000000000e+01 -5.872837181569e-01
5.130000000000e+01 -5.872837181599e-01
5.140000000000e+01 -5.872837181632e-01
5.150000000000e+01 -5.872837181666e-01
5.160000000000e+01 -5.872837181701e-01
5.170000000000e+01 -5.872837181737e-01
5.180000000000e+01 -5.872837181774e-01
5.190000000000e+01 -5.872837181812e-01
5.200000000000e+01 -5.872837181849e-01
5.210000000000e+01 -5.872837181887e-01
5.220000000000e+01 -5.872837181924e-01
5.230000000000e+01 -5.872837181961e-01
5.240000000000e+01 -5.872837181997e-01
5.250000000000e+01 -5.872837182032e-01
5.260000000000e+01 -5.872837182066e-01
5.270000000000e+01 -5.872837182099e-01
5.280000000000e+01 -5.872837182130e-01
5.290000000000e+01 -5.872837182161e-01
5.300000000000e+01 -5.872837182191e-01
5.310000000000e+01 -5.872837182220e-01
5.320000000000e+01 -5.872837182248e-01
5.330000000000e+01 -5.872837182276e-01
5.340000000000e+01 -5.872837182303e-01
5.350000000000e+01 -5.872837182331e-01
5.360000000000e+01 -5.872837182357e-01
5.370000000000e+01 -5.872837182383e-01
5.380000000000e+01 -5.872837182407e-01
5.390000000000e+01 -5.872837182429e-01
5.400000000000e+01 -5.872837182450e-01
5.410000000000e+01 -5.872837182467e-01
5.420000000000e+01 -5.872837182481e-01
5.430000000000e+01 -5.872837182492e-01
5.440000000000e+01 -5.872837182499e-01
5.450000000000e+01 -5.872837182502e-01
5.460000000000e+01 -5.872837182502e-01
5.470000000000e+01 -5.872837182498e-01
5.480000000000e+01 -5.872837182492e-01
5.490000000000e+01 -5.872837182484e-01
5.500000000000e+01 -5.872837182473e-01
5.510000000000e+01 -5.872837182461e-01
5.520000000000e+01 -5.872837182447e-01
5.530000000000e+01 -5.872837182433e-01
5.540000000000e+01 -5.872837182417e-01
5.550000000000e+01 -5.872837182401e-01
5.560000000000e+01 -5.872837182384e-01
5.570000000000e+01 -5.872837182365e-01
5.580000000000e+01 -5.872837182345e-01
5.590000000000e+01 -5.872837182323e-01
5.600000000000e+01 -5.872837182299e-01
5.610000000000e+01 -5.872837182273e-01
5.620000000000e+01 -5.872837182246e-01
5.630000000000e+01 -5.872837182217e-01
5.640000000000e+01 -5.872837182186e-01
5.650000000000e+01 -5.872837182154e-01
5.660000000000e+01 -5.872837182121e-01
5.670000000000e+01 -5.872837182085e-01
5.680000000000e+01 -5.872837182049e-01
5.690000000000e+01 -5.872837182013e-01
5.700000000000e+01 -5.872837181977e-01
5.710000000000e+01 -5.872837181941e-01
5.720000000000e+01 -5.872837181905e-01
5.730000000000e+01 -5.872837181871e-01
5.740000000000e+01 -5.872837181837e-01
5.750000000000e+01 -5.872837181804e-01
5.760000000000e+01 -5.872837181772e-01
5.770000000000e+01 -5.872837181741e-01
5.780000000000e+01 -5.872837181711e-01
5.790000000000e+01 -5.872837181682e-01
5.800000000000e+01 -5.872837181654e-01
5.810000000000e+01 -5.872837181627e-01
5.820000000000e+01 -5.872837181601e-01
5.830000000000e+01 -5.872837181577e-01
5.840000000000e+01 -5.872837181555e-01
5.850000000000e+01 -5.872837181533e-01
5.860000000000e+01 -5.872837181512e-01
5.870000000000e+01 -5.872837181493e-01
5.880000000000e+01 -5.872837181475e-01
5.890000000000e+01 -5.872837181459e-01
5.900000000000e+01 -5.872837181445e-01
5.910000000000e+01 -5.872837181433e-01
5.920000000000e+01 -5.872837181424e-01
5.930000000000e+01 -5.872837181417e-01
5.940000000000e+01 -5.872837181415e-01
5.950000000000e+01 -5.872837181416e-01
5.960000000000e+01 -5.872837181421e-01
5.970000000000e+01 -5.872837181430e-01
5.980000000000e+01 -5.872837181443e-01
5.990000000000e+01 -5.872837181459e-01
6.000000000000e+01 -5.872837181479e-01
6.010000000000e+01 -5.872837181501e-01
6.020000000000e+01 -5.872837181526e-01
6.030000000000e+01 -5.872837181554e-01
6.040000000000e+01 -5.872837181584e-01
6.050000000000e+01 -5.872837181616e-01
6.060000000000e+01 -5.872837181649e-01
6.070000000000e+01 -5.872837181684e-01
6.080000000000e+01 -5.872837181720e-01
6.090000000000e+01 -5.872837181757e-01
6.100000000000e+01 -5.872837181795e-01
6.110000000000e+01 -5.872837181834e-01
6.120000000000e+01 -5.872837181874e-01
6.130000000000e+01 -5.872837181916e-01
6.140000000000e+01 -5.872837181959e-01
6.150000000000e+01 -5.872837182002e-01
6.160000000000e+01 -5.872837182046e-01
6.170000000000e+01 -5.872837182089e-01
6.180000000000e+01 -5.872837182132e-01
6.190000000000e+01 -5.872837182173e-01
6.200000000000e+01 -5.872837182214e-01
6.210000000000e+01 -5.872837182253e-01
6.220000000000e+01 -5.872837182289e-01
6.230000000000e+01 -5.872837182323e-01
6.240000000000e+01 -5.872837182354e-01
6.250000000000e+01 -5.872837182381e-01
6.260000000000e+01 -5.872837182405e-01
6.270000000000e+01 -5.872837182426e-01
6.280000000000e+01 -5.872837182444e-01
6.290000000000e+01 -5.872837182459e-01
6.300000000000e+01 -5.872837182472e-01
6.310000000000e+01 -5.872837182481e-01
6.320000000000e+01 -5.872837182488e-01
6.330000000000e+01 -5.872837182493e-01
6.340000000000e+01 -5.872837182495e-01
6.350000000000e+01 -5.872837182495e-01
6.360000000000e+01 -5.872837182494e-01
6.370000000000e+01 -5.872837182490e-01
6.380000000000e+01 -5.872837182485e-01
6.390000000000e+01 -5.872837182478e-01
6.400000000000e+01 -5.872837182468e-01
6.410000000000e+01 -5.872837182456e-01
6.420000000000e+01 -5.872837182442e-01
6.430000000000e+01 -5.872837182426e-01
6.440000000000e+01 -5.872837182408e-01
6.450000000000e+01 -5.872837182388e-01
6.460000000000e+01 -5.872837182366e-01
6.470000000000e+01 -5.872837182342e-01
6.480000000000e+01 -5.872837182315e-01
6.490000000000e+01 -5.872837182286e-01
6.500000000000e+01 -5.872837182255e-01
6.510000000000e+01 -5.872837182222e-01
6.520000000000e+01 -5.872837182188e-01
6.530000000000e+01 -5.872837182153e-01
6.540000000000e+01 -5.872837182118e-01
6.550000000000e+01 -5.872837182082e-01
6.560000000000e+01 -5.872837182047e-01
6.570000000000e+01 -5.872837182011e-01
6.580000000000e+01 -5.872837181977e-01
6.590000000000e+01 -5.872837181944e-01
6.600000000000e+01 -5.872837181912e-01
6.610000000000e+01 -5.872837181881e-01
6.620000000000e+01 -5.872837181852e-01
6.630000000000e+01 -5.872837181822e-01
6.640000000000e+01 -5.872837181793e-01
6.650000000000e+01 -5.872837181764e-01
6.660000000000e+01 -5.872837181734e-01
6.670000000000e+01 -5.872837181705e-01
6.680000000000e+01 -5.872837181675e-01
6.690000000000e+01 -5.872837181645e-01
6.700000000000e+01 -5.872837181615e-01
6.710000000000e+01 -5.872837181586e-01
6.720000000000e+01 -5.872837181559e-01
6.730000000000e+01 -5.872837181533e-01
6.740000000000e+01 -5.872837181510e-01
6.750000000000e+01 -5.872837181491e-01
6.760000000000e+01 -5.872837181475e-01
6.770000000000e+01 -5.872837181463e-01
6.780000000000e+01 -5.872837181455e-01
6.790000000000e+01 -5.872837181450e-01
6.800000000000e+01 -5.872837181449e-01
6.810000000000e+01 -5.872837181450e-01
6.820000000000e+01 -5.872837181455e-01
6.830000000000e+01 -5.872837181461e-01
6.840000000000e+01 -5.872837181470e-01
6.850000000000e+01 -5.872837181479e-01
6.860000000000e+01 -5.872837181490e-01
6.870000000000e+01 -5.872837181501e-01
6.880000000000e+01 -5.872837181513e-01
6.890000000000e+01 -5.872837181525e-01
6.900000000000e+01 -5.872837181539e-01
6.910000000000e+01 -5.872837181555e-01
6.920000000000e+01 -5.872837181572e-01
6.930000000000e+01 -5.872837181590e-01
6.940000000000e+01 -5.872837181611e-01
6.950000000000e+01 -5.872837181633e-01
6.960000000000e+01 -5.872837181659e-01
6.970000000000e+01 -5.872837181687e-01
6.980000000000e+01 -5.872837181717e-01
6.990000000000e+01 -5.872837181750e-01
7.000000000000e+01 -5.872837181786e-01
7.010000000000e+01 -5.872837181823e-01
7.020000000000e+01 -5.872837181861e-01
7.030000000000e+01 -5.872837181900e-01
7.040000000000e+01 -5.872837181939e-01
7.050000000000e+01 -5.872837181978e-01
7.060000000000e+01 -5.872837182015e-01
7.070000000000e+01 -5.872837182051e-01
7.080000000000e+01 -5.872837182085e-01
7.090000000000e+01 -5.872837182117e-01
7.100000000000e+01 -5.872837182147e-01
7.110000000000e+01 -5.872837182175e-01
7.120000000000e+01 -5.872837182202e-01
7.130000000000e+01 -5.872837182228e-01
7.140000000000e+01 -5.872837182254e-01
7.150000000000e+01 -5.872837182280e-01
7.160000000000e+01 -5.872837182305e-01
7.170000000000e+01 -5.872837182331e-01
7.180000000000e+01 -5.872837182358e-01
7.190000000000e+01 -5.872837182385e-01
7.200000000000e+01 -5.872837182412e-01
7.210000000000e+01 -5.872837182438e-01
7.220000000000e+01 -5.872837182464e-01
7.230000000000e+01 -5.872837182488e-01
7.240000000000e+01 -5.872837182510e-01
7.250000000000e+01 -5.872837182528e-01
7.260000000000e+01 -5.872837182542e-01
7.270000000000e+01 -5.872837182552e-01
7.280000000000e+01 -5.872837182557e-01
7.290000000000e+01 -5.872837182557e-01
7.300000000000e+01 -5.872837182552e-01
7.310000000000e+01 -5.872837182542e-01
7.320000000000e+01 -5.872837182528e-01
7.330000000000e+01 -5.872837182510e-01
7.340000000000e+01 -5.872837182489e-01
7.350000000000e+01 -5.872837182465e-01
7.360000000000e+01 -5.872837182440e-01
7.370000000000e+01 -5.872837182414e-01
7.380000000000e+01 -5.872837182386e-01
7.390000000000e+01 -5.872837182359e-01
7.400000000000e+01 -5.872837182331e-01
7.410000000000e+01 -5.872837182303e-01
7.420000000000e+01 -5.872837182274e-01
7.430000000000e+01 -5.872837182245e-01
7.440000000000e+01 -5.872837182216e-01
7.450000000000e+01 -5.872837182185e-01
7.460000000000e+01 -5.872837182152e-01
7.470000000000e+01 -5.872837182118e-01
7.480000000000e+01 -5.872837182082e-01
7.490000000000e+01 -5.872837182045e-01
7.500000000000e+01 -5.872837182006e-01
7.510000000000e+01 -5.872837181967e-01
7.520000000000e+01 -5.872837181926e-01
7.530000000000e+01 -5.872837181885e-01
7.540000000000e+01 -5.872837181844e-01
7.550000000000e+01 -5.872837181803e-01
7.560000000000e+01 -5.872837181764e-01
7.570000000000e+01 -5.872837181726e-01
7.580000000000e+01 -5.872837181691e-01
7.590000000000e+01 -5.872837181658e-01
7.600000000000e+01 -5.872837181628e-01
7.610000000000e+01 -5.872837181601e-01
7.620000000000e+01 -5.872837181577e-01
7.630000000000e+01 -5.872837181556e-01
7.640000000000e+01 -5.872837181537e-01
7.650000000000e+01 -5.872837181522e-01
7.660000000000e+01 -5.872837181508e-01
7.670000000000e+01 -5.872837181496e-01
7.680000000000e+01 -5.872837181485e-01
7.690000000000e+01 -5.872837181475e-01
7.700000000000e+01 -5.872837181465e-01
7.710000000000e+01 -5.872837181455e-01
7.720000000000e+01 -5.872837181446e-01
7.730000000000e+01 -5.872837181438e-01
7.740000000000e+01 -5.872837181431e-01
7.750000000000e+01 -5.872837181426e-01
7.760000000000e+01 -5.872837181423e-01
7.770000000000e+01 -5.872837181422e-01
7.780000000000e+01 -5.872837181424e-01
7.790000000000e+01 -5.872837181430e-01
7.800000000000e+01 -5.872837181440e-01
7.810000000000e+01 -5.872837181454e-01
7.820000000000e+01 -5.872837181473e-01
7.830000000000e+01 -5.872837181495e-01
7.840000000000e+01 -5.872837181521e-01
7.850000000000e+01 -5.872837181549e-01
7.860000000000e+01 -5.872837181580e-01
7.870000000000e+01 -5.872837181613e-01
7.880000000000e+01 -5.872837181648e-01
7.890000000000e+01 -5.872837181683e-01
7.900000000000e+01 -5.872837181717e-01
7.910000000000e+01 -5.872837181751e-01
7.920000000000e+01 -5.872837181785e-01
7.930000000000e+01 -5.872837181818e-01
7.940000000000e+01 -5.872837181850e-01
7.950000000000e+01 -5.872837181883e-01
7.960000000000e+01 -5.872837181915e-01
7.970000000000e+01 -5.872837181949e-01
7.980000000000e+01 -5.872837181983e-01
7.990000000000e+01 -5.872837182018e-01
8.000000000000e+01 -5.872837182054e-01
8.010000000000e+01 -5.872837182092e-01
8.020000000000e+01 -5.872837182130e-01
8.030000000000e+01 -5.872837182170e-01
8.040000000000e+01 -5.872837182210e-01
8.050000000000e+01 -5.872837182250e-01
8.060000000000e+01 -5.872837182289e-01
8.070000000000e+01 -5.872837182326e-01
8.080000000000e+01 -5.872837182361e-01
8.090000000000e+01 -5.872837182392e-01
8.100000000000e+01 -5.872837182420e-01
8.110000000000e+01 -5.872837182444e-01
8.120000000000e+01 -5.872837182463e-01
8.130000000000e+01 -5.872837182478e-01
8.140000000000e+01 -5.872837182489e-01
8.150000000000e+01 -5.872837182497e-01
8.160000000000e+01 -5.872837182501e-01
8.170000000000e+01 -5.872837182504e-01
8.180000000000e+01 -5.872837182504e-01
8.190000000000e+01 -5.872837182503e-01
8.200000000000e+01 -5.872837182501e-01
8.210000000000e+01 -5.872837182498e-01
8.220000000000e+01 -5.872837182495e-01
8.230000000000e+01 -5.872837182492e-01
8.240000000000e+01 -5.872837182487e-01
8.250000000000e+01 -5.872837182482e-01
8.260000000000e+01 -5.872837182475e-01
8.270000000000e+01 -5.872837182466e-01
8.280000000000e+01 -5.872837182454e-01
8.290000000000e+01 -5.872837182438e-01
8.300000000000e+01 -5.872837182420e-01
8.310000000000e+01 -5.872837182398e-01
8.320000000000e+01 -5.872837182372e-01
8.330000000000e+01 -5.872837182342e-01
8.340000000000e+01 -5.872837182309e-01
8.350000000000e+01 -5.872837182273e-01
8.360000000000e+01 -5.872837182234e-01
8.370000000000e+01 -5.872837182193e-01
8.380000000000e+01 -5.872837182150e-01
8.390000000000e+01 -5.872837182107e-01
8.400000000000e+01 -5.872837182063e-01
8.410000000000e+01 -5.872837182020e-01
8.420000000000e+01 -5.872837181978e-01
8.430000000000e+01 -5.872837181937e-01
8.440000000000e+01 -5.872837181898e-01
8.450000000000e+01 -5.872837181861e-01
8.460000000000e+01 -5.872837181826e-01
8.470000000000e+01 -5.872837181792e-01
8.480000000000e+01 -5.872837181759e-01
8.490000000000e+01 -5.872837181726e-01
8.500000000000e+01 -5.872837181694e-01
8.510000000000e+01 -5.872837181663e-01
8.520000000000e+01 -5.872837181632e-01
8.530000000000e+01 -5.872837181602e-01
8.540000000000e+01 -5.872837181572e-01
8.550000000000e+01 -5.872837181542e-01
8.560000000000e+01 -5.872837181514e-01
8.570000000000e+01 -5.872837181488e-01
8.580000000000e+01 -5.872837181464e-01
8.590000000000e+01 -5.872837181444e-01
8.600000000000e+01 -5.872837181427e-01
8.610000000000e+01 -5.872837181414e-01
8.620000000000e+01 -5.872837181406e-01
8.630000000000e+01 -5.872837181404e-01
8.640000000000e+01 -5.872837181406e-01
8.650000000000e+01 -5.872837181413e-01
8.660000000000e+01 -5.872837181424e-01
8.670000000000e+01 -5.872837181438e-01
8.680000000000e+01 -5.872837181455e-01
8.690000000000e+01 -5.872837181474e-01
8.700000000000e+01 -5.872837181493e-01
8.710000000000e+01 -5.872837181514e-01
8.720000000000e+01 -5.872837181536e-01
8.730000000000e+01 -5.872837181557e-01
8.740000000000e+01 -5.872837181580e-01
8.750000000000e+01 -5.872837181602e-01
8.760000000000e+01 -5.872837181624e-01
8.770000000000e+01 -5.872837181646e-01
8.780000000000e+01 -5.872837181670e-01
8.790000000000e+01 -5.872837181694e-01
8.800000000000e+01 -5.872837181720e-01
8.810000000000e+01 -5.872837181747e-01
8.820000000000e+01 -5.872837181775e-01
8.830000000000e+01 -5.872837181806e-01
8.840000000000e+01 -5.872837181839e-01
8.850000000000e+01 -5.872837181873e-01
8.860000000000e+01 -5.872837181909e-01
8.870000000000e+01 -5.872837181946e-01
8.880000000000e+01 -5.872837181985e-01
8.890000000000e+01 -5.872837182023e-01
8.900000000000e+01 -5.872837182061e-01
8.910000000000e+01 -5.872837182099e-01
8.920000000000e+01 -5.872837182135e-01
8.930000000000e+01 -5.872837182170e-01
8.940000000000e+01 -5.872837182203e-01
8.950000000000e+01 -5.872837182234e-01
8.960000000000e+01 -5.872837182262e-01
8.970000000000e+01 -5.872837182288e-01
8.980000000000e+01 -5.872837182311e-01
8.990000000000e+01 -5.872837182332e-01
9.000000000000e+01 -5.872837182351e-01
9.010000000000e+01 -5.872837182370e-01
9.020000000000e+01 -5.872837182388e-01
9.030000000000e+01 -5.872837182406e-01
9.040000000000e+01 -5.872837182423e-01
9.050000000000e+01 -5.872837182441e-01
9.060000000000e+01 -5.872837182459e-01
9.070000000000e+01 -5.872837182477e-01
9.080000000000e+01 -5.872837182494e-01
9.090000000000e+01 -5.872837182510e-01
9.100000000000e+01 -5.872837182524e-01
9.110000000000e+01 -5.872837182536e-01
9.120000000000e+01 -5.872837182545e-01
9.130000000000e+01 -5.872837182550e-01
9.140000000000e+01 -5.872837182550e-01
9.150000000000e+01 -5.872837182546e-01
9.160000000000e+01 -5.872837182536e-01
9.170000000000e+01 -5.872837182521e-01
9.180000000000e+01 -5.872837182501e-01
9.190000000000e+01 -5.872837182477e-01
9.200000000000e+01 -5.872837182450e-01
9.210000000000e+01 -5.872837182420e-01
9.220000000000e+01 -5.872837182387e-01
9.230000000000e+01 -5.872837182354e-01
9.240000000000e+01 -5.872837182321e-01
9.250000000000e+01 -5.872837182289e-01
9.260000000000e+01 -5.872837182257e-01
9.270000000000e+01 -5.872837182226e-01
9.280000000000e+01 -5.872837182194e-01
9.290000000000e+01 -5.872837182163e-01
9.300000000000e+01 -5.872837182131e-01
9.310000000000e+01 -5.872837182099e-01
9.320000000000e+01 -5.872837182065e-01
9.330000000000e+01 -5.872837182030e-01
9.340000000000e+01 -5.872837181993e-01
9.350000000000e+01 -5.872837181954e-01
9.360000000000e+01 -5.872837181913e-01
9.370000000000e+01 -5.872837181871e-01
9.380000000000e+01 -5.872837181828e-01
9.390000000000e+01 -5.872837181784e-01
9.400000000000e+01 -5.872837181742e-01
9.410000000000e+01 -5.872837181700e-01
9.420000000000e+01 -5.872837181661e-01
9.430000000000e+01 -5.872837181623e-01
9.440000000000e+01 -5.872837181588e-01
9.450000000000e+01 -5.872837181555e-01
9.460000000000e+01 -5.872837181526e-01
9.470000000000e+01 -5.872837181500e-01
9.480000000000e+01 -5.872837181477e-01
9.490000000000e+01 -5.872837181457e-01
9.500000000000e+01 -5.872837181440e-01
9.510000000000e+01 -5.872837181425e-01
9.520000000000e+01 -5.872837181413e-01
9.530000000000e+01 -5.872837181403e-01
9.540000000000e+01 -5.872837181395e-01
9.550000000000e+01 -5.872837181388e-01
9.560000000000e+01 -5.872837181382e-01
9.570000000000e+01 -5.872837181378e-01
9.580000000000e+01 -5.872837181376e-01
9.590000000000e+01 -5.872837181375e-01
9.600000000000e+01 -5.872837181377e-01
9.610000000000e+01 -5.872837181381e-01
9.620000000000e+01 -5.872837181388e-01
9.630000000000e+01 -5.872837181399e-01
9.640000000000e+01 -5.872837181413e-01
9.650000000000e+01 -5.872837181431e-01
9.660000000000e+01 -5.872837181453e-01
9.670000000000e+01 -5.872837181480e-01
9.680000000000e+01 -5.872837181510e-01
9.690000000000e+01 -5.872837181545e-01
9.700000000000e+01 -5.872837181582e-01
9.710000000000e+01 -5.872837181623e-01
9.720000000000e+01 -5.872837181665e-01
9.730000000000e+01 -5.872837181710e-01
9.740000000000e+01 -5.872837181754e-01
9.750000000000e+01 -5.872837181799e-01
9.760000000000e+01 -5.872837181843e-01
9.770000000000e+01 -5.872837181886e-01
9.780000000000e+01 -5.872837181928e-01
9.790000000000e+01 -5.872837181968e-01
9.800000000000e+01 -5.872837182006e-01
9.810000000000e+01 -5.872837182043e-01
9.820000000000e+01 -5.872837182079e-01
9.830000000000e+01 -5.872837182114e-01
9.840000000000e+01 -5.872837182150e-01
9.850000000000e+01 -5.872837182185e-01
9.860000000000e+01 -5.872837182221e-01
9.870000000000e+01 -5.872837182257e-01
9.880000000000e+01 -5.872837182293e-01
9.890000000000e+01 -5.872837182329e-01
9.900000000000e+01 -5.872837182364e-01
9.910000000000e+01 -5.872837182398e-01
9.920000000000e+01 -5.872837182430e-01
9.930000000000e+01 -5.872837182460e-01
9.940000000000e+01 -5.872837182487e-01
9.950000000000e+01 -5.872837182510e-01
9.960000000000e+01 -5.872837182529e-01
9.970000000000e+01 -5.872837182544e-01
9.980000000000e+01 -5.872837182554e-01
9.990000000000e+01 -5.872837182559e-01
1.000000000000e+02 -5.872837182560e-01
1.001000000000e+02 -5.872837182556e-01
1.002000000000e+02 -5.872837182549e-01
1.003000000000e+02 -5.872837182539e-01
1.004000000000e+02 -5.872837182528e-01
1.005000000000e+02 -5.872837182515e-01
1.006000000000e+02 -5.872837182502e-01
1.007000000000e+02 -5.872837182489e-01
1.008000000000e+02 -5.872837182475e-01
1.009000000000e+02 -5.872837182462e-01
1.010000000000e+02 -5.872837182448e-01
1.011000000000e+02 -5.872837182434e-01
1.012000000000e+02 -5.872837182419e-01
1.013000000000e+02 -5.872837182403e-01
1.014000000000e+02 -5.872837182384e-01
1.015000000000e+02 -5.872837182363e-01
1.016000000000e+02 -5.872837182339e-01
1.017000000000e+02 -5.872837182312e-01
1.018000000000e+02 -5.872837182281e-01
1.019000000000e+02 -5.872837182246e-01
1.020000000000e+02 -5.872837182208e-01
1.021000000000e+02 -5.872837182167e-01
1.022000000000e+02 -5.872837182124e-01
1.023000000000e+02 -5.872837182079e-01
1.024000000000e+02 -5.872837182034e-01
1.025000000000e+02 -5.872837181989e-01
1.026000000000e+02 -5.872837181944e-01
1.027000000000e+02 -5.872837181901e-01
1.028000000000e+02 -5.872837181860e-01
1.029000000000e+02 -5.872837181821e-01
1.030000000000e+02 -5.872837181785e-01
1.031000000000e+02 -5.872837181751e-01
1.032000000000e+02 -5.872837181719e-01
1.033000000000e+02 -5.872837181690e-01
1.034000000000e+02 -5.872837181662e-01
1.035000000000e+02 -5.872837181636e-01
1.036000000000e+02 -5.872837181610e-01
1.037000000000e+02 -5.872837181585e-01
1.038000000000e+02 -5.872837181560e-01
1.039000000000e+02 -5.872837181535e-01
1.040000000000e+02 -5.872837181509e-01
1.041000000000e+02 -5.872837181485e-01
1.042000000000e+02 -5.872837181461e-01
1.043000000000e+02 -5.872837181438e-01
1.044000000000e+02 -5.872837181418e-01
1.045000000000e+02 -5.872837181401e-01
1.046000000000e+02 -5.872837181388e-01
1.047000000000e+02 -5.872837181381e-01
1.048000000000e+02 -5.872837181378e-01
1.049000000000e+02 -5.872837181381e-01
1.050000000000e+02 -5.872837181390e-01
1.051000000000e+02 -5.872837181403e-01
1.052000000000e+02 -5.872837181421e-01
1.053000000000e+02 -5.872837181442e-01
1.054000000000e+02 -5.872837181466e-01
1.055000000000e+02 -5.872837181492e-01
1.056000000000e+02 -5.872837181518e-01
1.057000000000e+02 -5.872837181546e-01
1.058000000000e+02 -5.872837181573e-01
1.059000000000e+02 -5.872837181599e-01
1.060000000000e+02 -5.872837181625e-01
1.061000000000e+02 -5.872837181649e-01
1.062000000000e+02 -5.872837181673e-01
1.063000000000e+02 -5.872837181698e-01
1.064000000000e+02 -5.872837181722e-01
1.065000000000e+02 -5.872837181748e-01
1.066000000000e+02 -5.872837181775e-01
1.067000000000e+02 -5.872837181805e-01
1.068000000000e+02 -5.872837181837e-01
1.069000000000e+02 -5.872837181872e-01
1.070000000000e+02 -5.872837181910e-01
1.071000000000e+02 -5.872837181951e-01
1.072000000000e+02 -5.872837181993e-01
1.073000000000e+02 -5.872837182038e-01
1.074000000000e+02 -5.872837182082e-01
1.075000000000e+02 -5.872837182126e-01
1.076000000000e+02 -5.872837182169e-01
1.077000000000e+02 -5.872837182210e-01
1.078000000000e+02 -5.872837182248e-01
1.079000000000e+02 -5.872837182283e-01
1.080000000000e+02 -5.872837182314e-01
1.081000000000e+02 -5.872837182341e-01
1.082000000000e+02 -5.872837182364e-01
1.083000000000e+02 -5.872837182383e-01
1.084000000000e+02 -5.872837182399e-01
1.085000000000e+02 -5.872837182412e-01
1.086000000000e+02 -5.872837182424e-01
1.087000000000e+02 -5.872837182434e-01
1.088000000000e+02 -5.872837182442e-01
1.089000000000e+02 -5.872837182451e-01
1.090000000000e+02 -5.872837182459e-01
1.091000000000e+02 -5.872837182467e-01
1.092000000000e+02 -5.872837182476e-01
1.093000000000e+02 -5.872837182485e-01
1.094000000000e+02 -5.872837182492e-01
1.095000000000e+02 -5.872837182499e-01
1.096000000000e+02 -5.872837182503e-01
1.097000000000e+02 -5.872837182504e-01
1.098000000000e+02 -5.872837182500e-01
1.099000000000e+02 -5.872837182492e-01
1.100000000000e+02 -5.872837182480e-01
1.101000000000e+02 -5.872837182462e-01
1.102000000000e+02 -5.872837182439e-01
1.103000000000e+02 -5.872837182411e-01
1.104000000000e+02 -5.872837182380e-01
1.105000000000e+02 -5.872837182345e-01
1.106000000000e+02 -5.872837182308e-01
1.107000000000e+02 -5.872837182269e-01
1.108000000000e+02 -5.872837182229e-01
1.109000000000e+02 -5.872837182188e-01
1.110000000000e+02 -5.872837182148e-01
1.111000000000e+02 -5.872837182110e-01
1.112000000000e+02 -5.872837182074e-01
1.113000000000e+02 -5.872837182040e-01
1.114000000000e+02 -5.872837182007e-01
1.115000000000e+02 -5.872837181977e-01
1.116000000000e+02 -5.872837181948e-01
1.117000000000e+02 -5.872837181920e-01
1.118000000000e+02 -5.872837181892e-01
1.119000000000e+02 -5.872837181863e-01
1.120000000000e+02 -5.872837181834e-01
1.121000000000e+02 -5.872837181802e-01
1.122000000000e+02 -5.872837181769e-01
1.123000000000e+02 -5.872837181734e-01
1.124000000000e+02 -5.872837181698e-01
1.125000000000e+02 -5.872837181662e-01
1.126000000000e+02 -5.872837181626e-01
1.127000000000e+02 -5.872837181591e-01
1.128000000000e+02 -5.872837181558e-01
1.129000000000e+02 -5.872837181528e-01
1.130000000000e+02 -5.872837181500e-01
1.131000000000e+02 -5.872837181477e-01
1.132000000000e+02 -5.872837181458e-01
1.133000000000e+02 -5.872837181443e-01
1.134000000000e+02 -5.872837181433e-01
1.135000000000e+02 -5.872837181426e-01
1.136000000000e+02 -5.872837181422e-01
1.137000000000e+02 -5.872837181422e-01
1.138000000000e+02 -5.872837181423e-01
1.139000000000e+02 -5.872837181426e-01
1.140000000000e+02 -5.872837181429e-01
1.141000000000e+02 -5.872837181434e-01
1.142000000000e+02 -5.872837181439e-01
1.143000000000e+02 -5.872837181444e-01
1.144000000000e+02 -5.872837181448e-01
1.145000000000e+02 -5.872837181454e-01
1.146000000000e+02 -5.872837181461e-01
1.147000000000e+02 -5.872837181469e-01
1.148000000000e+02 -5.872837181480e-01
1.149000000000e+02 -5.872837181495e-01
1.150000000000e+02 -5.872837181514e-01
1.151000000000e+02 -5.872837181537e-01
1.152000000000e+02 -5.872837181566e-01
1.153000000000e+02 -5.872837181599e-01
1.154000000000e+02 -5.872837181637e-01
1.155000000000e+02 -5.872837181679e-01
1.156000000000e+02 -5.872837181725e-01
1.157000000000e+02 -5.872837181773e-01
1.158000000000e+02 -5.872837181822e-01
1.159000000000e+02 -5.872837181873e-01
1.160000000000e+02 -5.872837181923e-01
1.161000000000e+02 -5.872837181973e-01
1.162000000000e+02 -5.872837182020e-01
1.163000000000e+02 -5.872837182064e-01
1.164000000000e+02 -5.872837182106e-01
1.165000000000e+02 -5.872837182145e-01
1.166000000000e+02 -5.872837182180e-01
1.167000000000e+02 -5.872837182213e-01
1.168000000000e+02 -5.872837182244e-01
1.169000000000e+02 -5.872837182274e-01
1.170000000000e+02 -5.872837182303e-01
1.171000000000e+02 -5.872837182331e-01
1.172000000000e+02 -5.872837182360e-01
1.173000000000e+02 -5.872837182388e-01
1.174000000000e+02 -5.872837182415e-01
1.175000000000e+02 -5.872837182443e-01
1.176000000000e+02 -5.872837182470e-01
1.177000000000e+02 -5.872837182495e-01
1.178000000000e+02 -5.872837182519e-01
1.179000000000e+02 -5.872837182539e-01
1.180000000000e+02 -5.872837182556e-01
1.181000000000e+02 -5.872837182570e-01
1.182000000000e+02 -5.872837182578e-01
1.183000000000e+02 -5.872837182582e-01
1.184000000000e+02 -5.872837182581e-01
1.185000000000e+02 -5.872837182574e-01
1.186000000000e+02 -5.872837182563e-01
1.187000000000e+02 -5.872837182547e-01
1.188000000000e+02 -5.872837182527e-01
1.189000000000e+02 -5.872837182505e-01
1.190000000000e+02 -5.872837182480e-01
1.191000000000e+02 -5.872837182454e-01
1.192000000000e+02 -5.872837182427e-01
1.193000000000e+02 -5.872837182400e-01
1.194000000000e+02 -5.872837182373e-01
1.195000000000e+02 -5.872837182345e-01
1.196000000000e+02 -5.872837182319e-01
1.197000000000e+02 -5.872837182292e-01
1.198000000000e+02 -5.872837182265e-01
1.199000000000e+02 -5.872837182237e-01
1.200000000000e+02 -5.872837182208e-01
1.201000000000e+02 -5.872837182178e-01
1.202000000000e+02 -5.872837182147e-01
1.203000000000e+02 -5.872837182115e-01
1.204000000000e+02 -5.872837182081e-01
1.205000000000e+02 -5.872837182044e-01
1.206000000000e+02 -5.872837182005e-01
1.207000000000e+02 -5.872837181965e-01
1.208000000000e+02 -5.872837181923e-01
1.209000000000e+02 -5.872837181880e-01
1.210000000000e+02 -5.872837181836e-01
1.211000000000e+02 -5.872837181793e-01
1.212000000000e+02 -5.872837181751e-01
1.213000000000e+02 -5.872837181710e-01
1.214000000000e+02 -5.872837181672e-01
1.215000000000e+02 -5.872837181637e-01
1.216000000000e+02 -5.872837181605e-01
1.217000000000e+02 -5.872837181577e-01
1.218000000000e+02 -5.872837181552e-01
1.219000000000e+02 -5.872837181531e-01
1.220000000000e+02 -5.872837181513e-01
1.221000000000e+02 -5.872837181498e-01
1.222000000000e+02 -5.872837181485e-01
1.223000000000e+02 -5.872837181474e-01
1.224000000000e+02 -5.872837181464e-01
1.225000000000e+02 -5.872837181454e-01
1.226000000000e+02 -5.872837181446e-01
1.227000000000e+02 -5.872837181438e-01
1.228000000000e+02 -5.872837181431e-01
1.229000000000e+02 -5.872837181426e-01
1.230000000000e+02 -5.872837181421e-01
1.231000000000e+02 -5.872837181418e-01
1.232000000000e+02 -5.872837181418e-01
1.233000000000e+02 -5.872837181421e-01
1.234000000000e+02 -5.872837181427e-01
1.235000000000e+02 -5.872837181438e-01
1.236000000000e+02 -5.872837181453e-01
1.237000000000e+02 -5.872837181472e-01
1.238000000000e+02 -5.872837181495e-01
1.239000000000e+02 -5.872837181522e-01
1.240000000000e+02 -5.872837181552e-01
1.241000000000e+02 -5.872837181584e-01
1.242000000000e+02 -5.872837181618e-01
1.243000000000e+02 -5.872837181653e-01
1.244000000000e+02 -5.872837181688e-01
1.245000000000e+02 -5.872837181721e-01
1.246000000000e+02 -5.872837181753e-01
1.247000000000e+02 -5.872837181783e-01
1.248000000000e+02 -5.872837181812e-01
1.249000000000e+02 -5.872837181839e-01
1.250000000000e+02 -5.872837181866e-01
1.251000000000e+02 -5.872837181892e-01
1.252000000000e+02 -5.872837181919e-01
1.253000000000e+02 -5.872837181947e-01
1.254000000000e+02 -5.872837181976e-01
1.255000000000e+02 -5.872837182007e-01
1.256000000000e+02 -5.872837182040e-01
1.257000000000e+02 -5.872837182075e-01
1.258000000000e+02 -5.872837182112e-01
1.259000000000e+02 -5.872837182150e-01
1.260000000000e+02 -5.872837182189e-01
1.261000000000e+02 -5.872837182229e-01
1.262000000000e+02 -5.872837182268e-01
1.263000000000e+02 -5.872837182306e-01
1.264000000000e+02 -5.872837182343e-01
1.265000000000e+02 -5.872837182377e-01
1.266000000000e+02 -5.872837182408e-01
1.267000000000e+02 -5.872837182436e-01
1.268000000000e+02 -5.872837182460e-01
1.269000000000e+02 -5.872837182480e-01
1.270000000000e+02 -5.872837182496e-01
1.271000000000e+02 -5.872837182509e-01
1.272000000000e+02 -5.872837182519e-01
1.273000000000e+02 -5.872837182525e-01
1.274000000000e+02 -5.872837182530e-01
1.275000000000e+02 -5.872837182532e-01
1.276000000000e+02 -5.872837182533e-01
1.277000000000e+02 -5.872837182532e-01
1.278000000000e+02 -5.872837182530e-01
1.279000000000e+02 -5.872837182527e-01
1.280000000000e+02 -5.872837182523e-01
1.281000000000e+02 -5.872837182517e-01
1.282000000000e+02 -5.872837182509e-01
1.283000000000e+02 -5.872837182499e-01
1.284000000000e+02 -5.872837182485e-01
1.285000000000e+02 -5.872837182469e-01
1.286000000000e+02 -5.872837182448e-01
1.287000000000e+02 -5.872837182424e-01
1.288000000000e+02 -5.872837182394e-01
1.289000000000e+02 -5.872837182361e-01
1.290000000000e+02 -5.872837182323e-01
1.291000000000e+02 -5.872837182282e-01
1.292000000000e+02 -5.872837182238e-01
1.293000000000e+02 -5.872837182193e-01
1.294000000000e+02 -5.872837182146e-01
1.295000000000e+02 -5.872837182100e-01
1.296000000000e+02 -5.872837182055e-01
1.297000000000e+02 -5.872837182012e-01
1.298000000000e+02 -5.872837181970e-01
1.299000000000e+02 -5.872837181931e-01
1.300000000000e+02 -5.872837181894e-01
1.301000000000e+02 -5.872837181860e-01
1.302000000000e+02 -5.872837181827e-01
1.303000000000e+02 -5.872837181796e-01
1.304000000000e+02 -5.872837181766e-01
1.305000000000e+02 -5.872837181736e-01
1.306000000000e+02 -5.872837181706e-01
1.307000000000e+02 -5.872837181676e-01
1.308000000000e+02 -5.872837181646e-01
1.309000000000e+02 -5.872837181616e-01
1.310000000000e+02 -5.872837181585e-01
1.311000000000e+02 -5.872837181556e-01
1.312000000000e+02 -5.872837181527e-01
1.313000000000e+02 -5.872837181500e-01
1.314000000000e+02 -5.872837181476e-01
1.315000000000e+02 -5.872837181455e-01
1.316000000000e+02 -5.872837181436e-01
1.317000000000e+02 -5.872837181422e-01
1.318000000000e+02 -5.872837181412e-01
1.319000000000e+02 -5.872837181405e-01
1.320000000000e+02 -5.872837181403e-01
1.321000000000e+02 -5.872837181404e-01
1.322000000000e+02 -5.872837181408e-01
1.323000000000e+02 -5.872837181415e-01
1.324000000000e+02 -5.872837181425e-01
1.325000000000e+02 -5.872837181437e-01
1.326000000000e+02 -5.872837181450e-01
1.327000000000e+02 -5.872837181465e-01
1.328000000000e+02 -5.872837181480e-01
1.329000000000e+02 -5.872837181496e-01
1.330000000000e+02 -5.872837181513e-01
1.331000000000e+02 -5.872837181530e-01
1.332000000000e+02 -5.872837181549e-01
1.333000000000e+02 -5.872837181570e-01
1.334000000000e+02 -5.872837181593e-01
1.335000000000e+02 -5.872837181617e-01
1.336000000000e+02 -5.872837181644e-01
1.337000000000e+02 -5.872837181674e-01
1.338000000000e+02 -5.872837181706e-01
1.339000000000e+02 -5.872837181743e-01
1.340000000000e+02 -5.872837181782e-01
1.341000000000e+02 -5.872837181824e-01
1.342000000000e+02 -5.872837181869e-01
1.343000000000e+02 -5.872837181916e-01
1.344000000000e+02 -5.872837181966e-01
1.345000000000e+02 -5.872837182016e-01
1.346000000000e+02 -5.872837182066e-01
1.347000000000e+02 -5.872837182114e-01
1.348000000000e+02 -5.872837182160e-01
1.349000000000e+02 -5.872837182204e-01
1.350000000000e+02 -5.872837182244e-01
1.351000000000e+02 -5.872837182280e-01
1.352000000000e+02 -5.872837182312e-01
1.353000000000e+02 -5.872837182339e-01
1.354000000000e+02 -5.872837182363e-01
1.355000000000e+02 -5.872837182384e-01
1.356000000000e+02 -5.872837182402e-01
1.357000000000e+02 -5.872837182419e-01
1.358000000000e+02 -5.872837182435e-01
1.359000000000e+02 -5.872837182450e-01
1.360000000000e+02 -5.872837182465e-01
1.361000000000e+02 -5.872837182480e-01
1.362000000000e+02 -5.872837182496e-01
1.363000000000e+02 -5.872837182511e-01
1.364000000000e+02 -5.872837182525e-01
1.365000000000e+02 -5.872837182537e-01
1.366000000000e+02 -5.872837182546e-01
1.367000000000e+02 -5.872837182553e-01
1.368000000000e+02 -5.872837182555e-01
1.369000000000e+02 -5.872837182553e-01
1.370000000000e+02 -5.872837182546e-01
1.371000000000e+02 -5.872837182534e-01
1.372000000000e+02 -5.872837182517e-01
1.373000000000e+02 -5.872837182494e-01
1.374000000000e+02 -5.872837182467e-01
1.375000000000e+02 -5.872837182437e-01
1.376000000000e+02 -5.872837182403e-01
1.377000000000e+02 -5.872837182369e-01
1.378000000000e+02 -5.872837182333e-01
1.379000000000e+02 -5.872837182297e-01
1.380000000000e+02 -5.872837182262e-01
1.381000000000e+02 -5.872837182228e-01
1.382000000000e+02 -5.872837182195e-01
1.383000000000e+02 -5.872837182164e-01
1.384000000000e+02 -5.872837182133e-01
1.385000000000e+02 -5.872837182102e-01
1.386000000000e+02 -5.872837182071e-01
1.387000000000e+02 -5.872837182039e-01
1.388000000000e+02 -5.872837182007e-01
1.389000000000e+02 -5.872837181973e-01
1.390000000000e+02 -5.872837181937e-01
1.391000000000e+02 -5.872837181899e-01
1.392000000000e+02 -5.872837181858e-01
1.393000000000e+02 -5.872837181816e-01
1.394000000000e+02 -5.872837181771e-01
1.395000000000e+02 -5.872837181725e-01
1.396000000000e+02 -5.872837181678e-01
1.397000000000e+02 -5.872837181631e-01
1.398000000000e+02 -5.872837181586e-01
1.399000000000e+02 -5.872837181544e-01
1.400000000000e+02 -5.872837181506e-01
1.401000000000e+02 -5.872837181473e-01
1.402000000000e+02 -5.872837181445e-01
1.403000000000e+02 -5.872837181424e-01
1.404000000000e+02 -5.872837181408e-01
1.405000000000e+02 -5.872837181398e-01
1.406000000000e+02 -5.872837181392e-01
1.407000000000e+02 -5.872837181391e-01
1.408000000000e+02 -5.872837181392e-01
1.409000000000e+02 -5.872837181395e-01
1.410000000000e+02 -5.872837181399e-01
1.411000000000e+02 -5.872837181404e-01
1.412000000000e+02 -5.872837181408e-01
1.413000000000e+02 -5.872837181412e-01
1.414000000000e+02 -5.872837181416e-01
1.415000000000e+02 -5.872837181419e-01
1.416000000000e+02 -5.872837181425e-01
1.417000000000e+02 -5.872837181432e-01
1.418000000000e+02 -5.872837181442e-01
1.419000000000e+02 -5.872837181455e-01
1.420000000000e+02 -5.872837181473e-01
1.421000000000e+02 -5.872837181495e-01
1.422000000000e+02 -5.872837181523e-01
1.423000000000e+02 -5.872837181555e-01
1.424000000000e+02 -5.872837181592e-01
1.425000000000e+02 -5.872837181633e-01
1.426000000000e+02 -5.872837181676e-01
1.427000000000e+02 -5.872837181721e-01
1.428000000000e+02 -5.872837181766e-01
1.429000000000e+02 -5.872837181811e-01
1.430000000000e+02 -5.872837181855e-01
1.431000000000e+02 -5.872837181896e-01
1.432000000000e+02 -5.872837181934e-01
1.433000000000e+02 -5.872837181969e-01
1.434000000000e+02 -5.872837182002e-01
1.435000000000e+02 -5.872837182032e-01
1.436000000000e+02 -5.872837182060e-01
1.437000000000e+02 -5.872837182086e-01
1.438000000000e+02 -5.872837182111e-01
1.439000000000e+02 -5.872837182135e-01
1.440000000000e+02 -5.872837182160e-01
1.441000000000e+02 -5.872837182186e-01
1.442000000000e+02 -5.872837182213e-01
1.443000000000e+02 -5.872837182242e-01
1.444000000000e+02 -5.872837182273e-01
1.445000000000e+02 -5.872837182306e-01
1.446000000000e+02 -5.872837182339e-01
1.447000000000e+02 -5.872837182373e-01
1.448000000000e+02 -5.872837182406e-01
1.449000000000e+02 -5.872837182439e-01
1.450000000000e+02 -5.872837182470e-01
1.451000000000e+02 -5.872837182497e-01
1.452000000000e+02 -5.872837182521e-01
1.453000000000e+02 -5.872837182540e-01
1.454000000000e+02 -5.872837182554e-01
1.455000000000e+02 -5.872837182563e-01
1.456000000000e+02 -5.872837182567e-01
1.457000000000e+02 -5.872837182567e-01
1.458000000000e+02 -5.872837182562e-01
1.459000000000e+02 -5.872837182554e-01
1.460000000000e+02 -5.872837182543e-01
1.461000000000e+02 -5.872837182530e-01
1.462000000000e+02 -5.872837182515e-01
1.463000000000e+02 -5.872837182499e-01
1.464000000000e+02 -5.872837182483e-01
1.465000000000e+02 -5.872837182467e-01
1.466000000000e+02 -5.872837182451e-01
1.467000000000e+02 -5.872837182435e-01
1.468000000000e+02 -5.872837182419e-01
1.469000000000e+02 -5.872837182401e-01
1.470000000000e+02 -5.872837182382e-01
1.471000000000e+02 -5.872837182360e-01
1.472000000000e+02 -5.872837182336e-01
1.473000000000e+02 -5.872837182307e-01
1.474000000000e+02 -5.872837182275e-01
1.475000000000e+02 -5.872837182239e-01
1.476000000000e+02 -5.872837182198e-01
1.477000000000e+02 -5.872837182154e-01
1.478000000000e+02 -5.872837182108e-01
1.479000000000e+02 -5.872837182060e-01
1.480000000000e+02 -5.872837182010e-01
1.481000000000e+02 -5.872837181961e-01
1.482000000000e+02 -5.872837181912e-01
1.483000000000e+02 -5.872837181865e-01
1.484000000000e+02 -5.872837181820e-01
1.485000000000e+02 -5.872837181779e-01
1.486000000000e+02 -5.872837181742e-01
1.487000000000e+02 -5.872837181708e-01
1.488000000000e+02 -5.872837181677e-01
1.489000000000e+02 -5.872837181650e-01
1.490000000000e+02 -5.872837181626e-01
1.491000000000e+02 -5.872837181603e-01
1.492000000000e+02 -5.872837181581e-01
1.493000000000e+02 -5.872837181560e-01
1.494000000000e+02 -5.872837181539e-01
1.495000000000e+02 -5.872837181517e-01
1.496000000000e+02 -5.872837181493e-01
1.497000000000e+02 -5.872837181470e-01
1.498000000000e+02 -5.872837181446e-01
1.499000000000e+02 -5.872837181423e-01
1.500000000000e+02 -5.872837181403e-01
1.501000000000e+02 -5.872837181384e-01
1.502000000000e+02 -5.872837181369e-01
1.503000000000e+02 -5.872837181359e-01
1.504000000000e+02 -5.872837181352e-01
1.505000000000e+02 -5.872837181351e-01
1.506000000000e+02 -5.872837181357e-01
1.507000000000e+02 -5.872837181367e-01
1.508000000000e+02 -5.872837181384e-01
1.509000000000e+02 -5.872837181406e-01
1.510000000000e+02 -5.872837181431e-01
1.511000000000e+02 -5.872837181461e-01
1.512000000000e+02 -5.872837181492e-01
1.513000000000e+02 -5.872837181524e-01
1.514000000000e+02 -5.872837181558e-01
1.515000000000e+02 -5.872837181592e-01
1.516000000000e+02 -5.872837181625e-01
1.517000000000e+02 -5.872837181657e-01
1.518000000000e+02 -5.872837181688e-01
1.519000000000e+02 -5.872837181719e-01
1.520000000000e+02 -5.872837181750e-01
1.521000000000e+02 -5.872837181781e-01
1.522000000000e+02 -5.872837181814e-01
1.523000000000e+02 -5.872837181848e-01
1.524000000000e+02 -5.872837181884e-01
1.525000000000e+02 -5.872837181922e-01
1.526000000000e+02 -5.872837181963e-01
1.527000000000e+02 -5.872837182007e-01
1.528000000000e+02 -5.872837182052e-01
1.529000000000e+02 -5.872837182099e-01
1.530000000000e+02 -5.872837182147e-01
1.531000000000e+02 -5.872837182194e-01
1.532000000000e+02 -5.872837182240e-01
1.533000000000e+02 -5.872837182284e-01
1.534000000000e+02 -5.872837182325e-01
1.535000000000e+02 -5.872837182361e-01
1.536000000000e+02 -5.872837182393e-01
1.537000000000e+02 -5.872837182420e-01
1.538000000000e+02 -5.872837182442e-01
1.539000000000e+02 -5.872837182460e-01
1.540000000000e+02 -5.872837182473e-01
1.541000000000e+02 -5.872837182482e-01
1.542000000000e+02 -5.872837182487e-01
1.543000000000e+02 -5.872837182489e-01
1.544000000000e+02 -5.872837182489e-01
1.545000000000e+02 -5.872837182489e-01
1.546000000000e+02 -5.872837182487e-01
1.547000000000e+02 -5.872837182485e-01
1.548000000000e+02 -5.872837182484e-01
1.549000000000e+02 -5.872837182482e-01
1.550000000000e+02 -5.872837182481e-01
1.551000000000e+02 -5.872837182480e-01
1.552000000000e+02 -5.872837182477e-01
1.553000000000e+02 -5.872837182473e-01
1.554000000000e+02 -5.872837182467e-01
1.555000000000e+02 -5.872837182457e-01
1.556000000000e+02 -5.872837182444e-01
1.557000000000e+02 -5.872837182427e-01
1.558000000000e+02 -5.872837182406e-01
1.559000000000e+02 -5.872837182381e-01
1.560000000000e+02 -5.872837182353e-01
1.561000000000e+02 -5.872837182321e-01
1.562000000000e+02 -5.872837182287e-01
1.563000000000e+02 -5.872837182250e-01
1.564000000000e+02 -5.872837182213e-01
1.565000000000e+02 -5.872837182176e-01
1.566000000000e+02 -5.872837182140e-01
1.567000000000e+02 -5.872837182104e-01
1.568000000000e+02 -5.872837182071e-01
1.569000000000e+02 -5.872837182039e-01
1.570000000000e+02 -5.872837182008e-01
1.571000000000e+02 -5.872837181978e-01
1.572000000000e+02 -5.872837181949e-01
1.573000000000e+02 -5.872837181921e-01
1.574000000000e+02 -5.872837181892e-01
1.575000000000e+02 -5.872837181862e-01
1.576000000000e+02 -5.872837181831e-01
1.577000000000e+02 -5.872837181798e-01
1.578000000000e+02 -5.872837181764e-01
1.579000000000e+02 -5.872837181727e-01
1.580000000000e+02 -5.872837181689e-01
1.581000000000e+02 -5.872837181650e-01
1.582000000000e+02 -5.872837181611e-01
1.583000000000e+02 -5.872837181571e-01
1.584000000000e+02 -5.872837181533e-01
1.585000000000e+02 -5.872837181498e-01
1.586000000000e+02 -5.872837181467e-01
1.587000000000e+02 -5.872837181440e-01
1.588000000000e+02 -5.872837181418e-01
1.589000000000e+02 -5.872837181402e-01
1.590000000000e+02 -5.872837181391e-01
1.591000000000e+02 -5.872837181386e-01
1.592000000000e+02 -5.872837181385e-01
1.593000000000e+02 -5.872837181389e-01
1.594000000000e+02 -5.872837181396e-01
1.595000000000e+02 -5.872837181407e-01
1.596000000000e+02 -5.872837181420e-01
1.597000000000e+02 -5.872837181434e-01
1.598000000000e+02 -5.872837181448e-01
1.599000000000e+02 -5.872837181462e-01
1.600000000000e+02 -5.872837181476e-01
1.601000000000e+02 -5.872837181490e-01
1.602000000000e+02 -5.872837181503e-01
1.603000000000e+02 -5.872837181518e-01
1.604000000000e+02 -5.872837181535e-01
1.605000000000e+02 -5.872837181554e-01
1.606000000000e+02 -5.872837181576e-01
1.607000000000e+02 -5.872837181602e-01
1.608000000000e+02 -5.872837181632e-01
1.609000000000e+02 -5.872837181666e-01
1.610000000000e+02 -5.872837181705e-01
1.611000000000e+02 -5.872837181747e-01
1.612000000000e+02 -5.872837181793e-01
1.613000000000e+02 -5.872837181841e-01
1.614000000000e+02 -5.872837181890e-01
1.615000000000e+02 -5.872837181940e-01
1.616000000000e+02 -5.872837181990e-01
1.617000000000e+02 -5.872837182037e-01
1.618000000000e+02 -5.872837182081e-01
1.619000000000e+02 -5.872837182122e-01
1.620000000000e+02 -5.872837182158e-01
1.621000000000e+02 -5.872837182191e-01
1.622000000000e+02 -5.872837182220e-01
1.623000000000e+02 -5.872837182245e-01
1.624000000000e+02 -5.872837182268e-01
1.625000000000e+02 -5.872837182289e-01
1.626000000000e+02 -5.872837182309e-01
1.627000000000e+02 -5.872837182329e-01
1.628000000000e+02 -5.872837182349e-01
1.629000000000e+02 -5.872837182370e-01
1.630000000000e+02 -5.872837182392e-01
1.631000000000e+02 -5.872837182415e-01
1.632000000000e+02 -5.872837182439e-01
1.633000000000e+02 -5.872837182463e-01
1.634000000000e+02 -5.872837182487e-01
1.635000000000e+02 -5.872837182510e-01
1.636000000000e+02 -5.872837182531e-01
1.637000000000e+02 -5.872837182549e-01
1.638000000000e+02 -5.872837182562e-01
1.639000000000e+02 -5.872837182571e-01
1.640000000000e+02 -5.872837182575e-01
1.641000000000e+02 -5.872837182574e-01
1.642000000000e+02 -5.872837182567e-01
1.643000000000e+02 -5.872837182555e-01
1.644000000000e+02 -5.872837182538e-01
1.645000000000e+02 -5.872837182516e-01
1.646000000000e+02 -5.872837182491e-01
1.647000000000e+02 -5.872837182463e-01
1.648000000000e+02 -5.872837182434e-01
1.649000000000e+02 -5.872837182405e-01
1.650000000000e+02 -5.872837182377e-01
1.651000000000e+02 -5.872837182349e-01
1.652000000000e+02 -5.872837182322e-01
1.653000000000e+02 -5.872837182296e-01
1.654000000000e+02 -5.872837182270e-01
1.655000000000e+02 -5.872837182245e-01
1.656000000000e+02 -5.872837182220e-01
1.657000000000e+02 -5.872837182193e-01
1.658000000000e+02 -5.872837182164e-01
1.659000000000e+02 -5.872837182133e-01
1.660000000000e+02 -5.872837182098e-01
1.661000000000e+02 -5.872837182060e-01
1.662000000000e+02 -5.872837182018e-01
1.663000000000e+02 -5.872837181975e-01
1.664000000000e+02 -5.872837181929e-01
1.665000000000e+02 -5.872837181881e-01
1.666000000000e+02 -5.872837181833e-01
1.667000000000e+02 -5.872837181785e-01
1.668000000000e+02 -5.872837181739e-01
1.669000000000e+02 -5.872837181695e-01
1.670000000000e+02 -5.872837181656e-01
1.671000000000e+02 -5.872837181619e-01
1.672000000000e+02 -5.872837181587e-01
1.673000000000e+02 -5.872837181558e-01
1.674000000000e+02 -5.872837181533e-01
1.675000000000e+02 -5.872837181512e-01
1.676000000000e+02 -5.872837181493e-01
1.677000000000e+02 -5.872837181476e-01
1.678000000000e+02 -5.872837181462e-01
1.679000000000e+02 -5.872837181448e-01
1.680000000000e+02 -5.872837181435e-01
1.681000000000e+02 -5.872837181422e-01
1.682000000000e+02 -5.872837181408e-01
1.683000000000e+02 -5.872837181395e-01
1.684000000000e+02 -5.872837181382e-01
1.685000000000e+02 -5.872837181369e-01
1.686000000000e+02 -5.872837181357e-01
1.687000000000e+02 -5.872837181348e-01
1.688000000000e+02 -5.872837181341e-01
1.689000000000e+02 -5.872837181338e-01
1.690000000000e+02 -5.872837181340e-01
1.691000000000e+02 -5.872837181346e-01
1.692000000000e+02 -5.872837181358e-01
1.693000000000e+02 -5.872837181376e-01
1.694000000000e+02 -5.872837181398e-01
1.695000000000e+02 -5.872837181425e-01
1.696000000000e+02 -5.872837181456e-01
1.697000000000e+02 -5.872837181492e-01
1.698000000000e+02 -5.872837181530e-01
1.699000000000e+02 -5.872837181571e-01
1.700000000000e+02 -5.872837181614e-01
1.701000000000e+02 -5.872837181657e-01
1.702000000000e+02 -5.872837181700e-01
1.703000000000e+02 -5.872837181743e-01
1.704000000000e+02 -5.872837181785e-01
1.705000000000e+02 -5.872837181826e-01
1.706000000000e+02 -5.872837181866e-01
1.707000000000e+02 -5.872837181905e-01
1.708000000000e+02 -5.872837181944e-01
1.709000000000e+02 -5.872837181982e-01
1.710000000000e+02 -5.872837182021e-01
1.711000000000e+02 -5.872837182060e-01
1.712000000000e+02 -5.872837182101e-01
1.713000000000e+02 -5.872837182143e-01
1.714000000000e+02 -5.872837182188e-01
1.715000000000e+02 -5.872837182234e-01
1.716000000000e+02 -5.872837182280e-01
1.717000000000e+02 -5.872837182327e-01
1.718000000000e+02 -5.872837182374e-01
1.719000000000e+02 -5.872837182418e-01
1.720000000000e+02 -5.872837182460e-01
1.721000000000e+02 -5.872837182497e-01
1.722000000000e+02 -5.872837182529e-01
1.723000000000e+02 -5.872837182556e-01
1.724000000000e+02 -5.872837182576e-01
1.725000000000e+02 -5.872837182590e-01
1.726000000000e+02 -5.872837182597e-01
1.727000000000e+02 -5.872837182599e-01
1.728000000000e+02 -5.872837182597e-01
1.729000000000e+02 -5.872837182591e-01
1.730000000000e+02 -5.872837182582e-01
1.731000000000e+02 -5.872837182571e-01
1.732000000000e+02 -5.872837182560e-01
1.733000000000e+02 -5.872837182548e-01
1.734000000000e+02 -5.872837182537e-01
1.735000000000e+02 -5.872837182526e-01
1.736000000000e+02 -5.872837182515e-01
1.737000000000e+02 -5.872837182503e-01
1.738000000000e+02 -5.872837182491e-01
1.739000000000e+02 -5.872837182478e-01
1.740000000000e+02 -5.872837182463e-01
1.741000000000e+02 -5.872837182444e-01
1.742000000000e+02 -5.872837182423e-01
1.743000000000e+02 -5.872837182398e-01
1.744000000000e+02 -5.872837182368e-01
1.745000000000e+02 -5.872837182334e-01
1.746000000000e+02 -5.872837182297e-01
1.747000000000e+02 -5.872837182257e-01
1.748000000000e+02 -5.872837182213e-01
1.749000000000e+02 -5.872837182168e-01
1.750000000000e+02 -5.872837182122e-01
1.751000000000e+02 -5.872837182075e-01
1.752000000000e+02 -5.872837182030e-01
1.753000000000e+02 -5.872837181986e-01
1.754000000000e+02 -5.872837181944e-01
1.755000000000e+02 -5.872837181904e-01
1.756000000000e+02 -5.872837181868e-01
1.757000000000e+02 -5.872837181834e-01
1.758000000000e+02 -5.872837181802e-01
1.759000000000e+02 -5.872837181772e-01
1.760000000000e+02 -5.872837181743e-01
1.761000000000e+02 -5.872837181714e-01
1.762000000000e+02 -5.872837181686e-01
1.763000000000e+02 -5.872837181658e-01
1.764000000000e+02 -5.872837181628e-01
1.765000000000e+02 -5.872837181598e-01
1.766000000000e+02 -5.872837181567e-01
1.767000000000e+02 -5.872837181535e-01
1.768000000000e+02 -5.872837181503e-01
1.769000000000e+02 -5.872837181472e-01
1.770000000000e+02 -5.872837181442e-01
1.771000000000e+02 -5.872837181414e-01
1.772000000000e+02 -5.872837181391e-01
1.773000000000e+02 -5.872837181372e-01
1.774000000000e+02 -5.872837181359e-01
1.775000000000e+02 -5.872837181351e-01
1.776000000000e+02 -5.872837181350e-01
1.777000000000e+02 -5.872837181354e-01
1.778000000000e+02 -5.872837181364e-01
1.779000000000e+02 -5.872837181378e-01
1.780000000000e+02 -5.872837181397e-01
1.781000000000e+02 -5.872837181420e-01
1.782000000000e+02 -5.872837181444e-01
1.783000000000e+02 -5.872837181469e-01
1.784000000000e+02 -5.872837181495e-01
1.785000000000e+02 -5.872837181520e-01
1.786000000000e+02 -5.872837181544e-01
1.787000000000e+02 -5.872837181568e-01
1.788000000000e+02 -5.872837181590e-01
1.789000000000e+02 -5.872837181612e-01
1.790000000000e+02 -5.872837181634e-01
1.791000000000e+02 -5.872837181657e-01
1.792000000000e+02 -5.872837181682e-01
1.793000000000e+02 -5.872837181709e-01
1.794000000000e+02 -5.872837181739e-01
1.795000000000e+02 -5.872837181773e-01
1.796000000000e+02 -5.872837181810e-01
1.797000000000e+02 -5.872837181851e-01
1.798000000000e+02 -5.872837181895e-01
1.799000000000e+02 -5.872837181942e-01
1.800000000000e+02 -5.872837181990e-01
1.801000000000e+02 -5.872837182039e-01
1.802000000000e+02 -5.872837182088e-01
1.803000000000e+02 -5.872837182135e-01
1.804000000000e+02 -5.872837182180e-01
1.805000000000e+02 -5.872837182222e-01
1.806000000000e+02 -5.872837182260e-01
1.807000000000e+02 -5.872837182294e-01
1.808000000000e+02 -5.872837182325e-01
1.809000000000e+02 -5.872837182351e-01
1.810000000000e+02 -5.872837182374e-01
1.811000000000e+02 -5.872837182395e-01
1.812000000000e+02 -5.872837182414e-01
1.813000000000e+02 -5.872837182431e-01
1.814000000000e+02 -5.872837182447e-01
1.815000000000e+02 -5.872837182462e-01
1.816000000000e+02 -5.872837182478e-01
1.817000000000e+02 -5.872837182493e-01
1.818000000000e+02 -5.872837182508e-01
1.819000000000e+02 -5.872837182522e-01
1.820000000000e+02 -5.872837182537e-01
1.821000000000e+02 -5.872837182549e-01
1.822000000000e+02 -5.872837182560e-01
1.823000000000e+02 -5.872837182568e-01
1.824000000000e+02 -5.872837182572e-01
1.825000000000e+02 -5.872837182572e-01
1.826000000000e+02 -5.872837182567e-01
1.827000000000e+02 -5.872837182556e-01
1.828000000000e+02 -5.872837182540e-01
1.829000000000e+02 -5.872837182519e-01
1.830000000000e+02 -5.872837182492e-01
1.831000000000e+02 -5.872837182460e-01
1.832000000000e+02 -5.872837182424e-01
1.833000000000e+02 -5.872837182386e-01
1.834000000000e+02 -5.872837182346e-01
1.835000000000e+02 -5.872837182305e-01
1.836000000000e+02 -5.872837182265e-01
1.837000000000e+02 -5.872837182226e-01
1.838000000000e+02 -5.872837182187e-01
1.839000000000e+02 -5.872837182151e-01
1.840000000000e+02 -5.872837182116e-01
1.841000000000e+02 -5.872837182082e-01
1.842000000000e+02 -5.872837182049e-01
1.843000000000e+02 -5.872837182017e-01
1.844000000000e+02 -5.872837181985e-01
1.845000000000e+02 -5.872837181951e-01
1.846000000000e+02 -5.872837181916e-01
1.847000000000e+02 -5.872837181879e-01
1.848000000000e+02 -5.872837181841e-01
1.849000000000e+02 -5.872837181800e-01
1.850000000000e+02 -5.872837181758e-01
1.851000000000e+02 -5.872837181715e-01
1.852000000000e+02 -5.872837181672e-01
1.853000000000e+02 -5.872837181629e-01
1.854000000000e+02 -5.872837181588e-01
1.855000000000e+02 -5.872837181550e-01
1.856000000000e+02 -5.872837181516e-01
1.857000000000e+02 -5.872837181487e-01
1.858000000000e+02 -5.872837181462e-01
1.859000000000e+02 -5.872837181443e-01
1.860000000000e+02 -5.872837181429e-01
1.861000000000e+02 -5.872837181419e-01
1.862000000000e+02 -5.872837181413e-01
1.863000000000e+02 -5.872837181410e-01
1.864000000000e+02 -5.872837181409e-01
1.865000000000e+02 -5.872837181409e-01
1.866000000000e+02 -5.872837181409e-01
1.867000000000e+02 -5.872837181409e-01
1.868000000000e+02 -5.872837181408e-01
1.869000000000e+02 -5.872837181407e-01
1.870000000000e+02 -5.872837181406e-01
1.871000000000e+02 -5.872837181404e-01
1.872000000000e+02 -5.872837181403e-01
1.873000000000e+02 -5.872837181403e-01
1.874000000000e+02 -5.872837181405e-01
1.875000000000e+02 -5.872837181411e-01
1.876000000000e+02 -5.872837181420e-01
1.877000000000e+02 -5.872837181434e-01
1.878000000000e+02 -5.872837181454e-01
1.879000000000e+02 -5.872837181479e-01
1.880000000000e+02 -5.872837181511e-01
1.881000000000e+02 -5.872837181548e-01
1.882000000000e+02 -5.872837181591e-01
1.883000000000e+02 -5.872837181637e-01
1.884000000000e+02 -5.872837181686e-01
1.885000000000e+02 -5.872837181737e-01
1.886000000000e+02 -5.872837181789e-01
1.887000000000e+02 -5.872837181840e-01
1.888000000000e+02 -5.872837181889e-01
1.889000000000e+02 -5.872837181937e-01
1.890000000000e+02 -5.872837181981e-01
1.891000000000e+02 -5.872837182024e-01
1.892000000000e+02 -5.872837182064e-01
1.893000000000e+02 -5.872837182102e-01
1.894000000000e+02 -5.872837182138e-01
1.895000000000e+02 -5.872837182173e-01
1.896000000000e+02 -5.872837182207e-01
1.897000000000e+02 -5.872837182242e-01
1.898000000000e+02 -5.872837182278e-01
1.899000000000e+02 -5.872837182315e-01
1.900000000000e+02 -5.872837182353e-01
1.901000000000e+02 -5.872837182393e-01
1.902000000000e+02 -5.872837182433e-01
1.903000000000e+02 -5.872837182473e-01
1.904000000000e+02 -5.872837182512e-01
1.905000000000e+02 -5.872837182548e-01
1.906000000000e+02 -5.872837182581e-01
1.907000000000e+02 -5.872837182609e-01
1.908000000000e+02 -5.872837182631e-01
1.909000000000e+02 -5.872837182646e-01
1.910000000000e+02 -5.872837182654e-01
1.911000000000e+02 -5.872837182655e-01
1.912000000000e+02 -5.872837182650e-01
1.913000000000e+02 -5.872837182639e-01
1.914000000000e+02 -5.872837182622e-01
1.915000000000e+02 -5.872837182602e-01
1.916000000000e+02 -5.872837182578e-01
1.917000000000e+02 -5.872837182552e-01
1.918000000000e+02 -5.872837182526e-01
1.919000000000e+02 -5.872837182499e-01
1.920000000000e+02 -5.872837182474e-01
1.921000000000e+02 -5.872837182449e-01
1.922000000000e+02 -5.872837182425e-01
1.923000000000e+02 -5.872837182402e-01
1.924000000000e+02 -5.872837182378e-01
1.925000000000e+02 -5.872837182353e-01
1.926000000000e+02 -5.872837182326e-01
1.927000000000e+02 -5.872837182298e-01
1.928000000000e+02 -5.872837182266e-01
1.929000000000e+02 -5.872837182231e-01
1.930000000000e+02 -5.872837182192e-01
1.931000000000e+02 -5.872837182149e-01
1.932000000000e+02 -5.872837182104e-01
1.933000000000e+02 -5.872837182056e-01
1.934000000000e+02 -5.872837182006e-01
1.935000000000e+02 -5.872837181954e-01
1.936000000000e+02 -5.872837181903e-01
1.937000000000e+02 -5.872837181853e-01
1.938000000000e+02 -5.872837181805e-01
1.939000000000e+02 -5.872837181760e-01
1.940000000000e+02 -5.872837181719e-01
1.941000000000e+02 -5.872837181682e-01
1.942000000000e+02 -5.872837181649e-01
1.943000000000e+02 -5.872837181620e-01
1.944000000000e+02 -5.872837181595e-01
1.945000000000e+02 -5.872837181573e-01
1.946000000000e+02 -5.872837181554e-01
1.947000000000e+02 -5.872837181537e-01
1.948000000000e+02 -5.872837181520e-01
1.949000000000e+02 -5.872837181505e-01
1.950000000000e+02 -5.872837181489e-01
1.951000000000e+02 -5.872837181473e-01
1.952000000000e+02 -5.872837181457e-01
1.953000000000e+02 -5.872837181440e-01
1.954000000000e+02 -5.872837181422e-01
1.955000000000e+02 -5.872837181405e-01
1.956000000000e+02 -5.872837181390e-01
1.957000000000e+02 -5.872837181377e-01
1.958000000000e+02 -5.872837181367e-01
1.959000000000e+02 -5.872837181362e-01
1.960000000000e+02 -5.872837181362e-01
1.961000000000e+02 -5.872837181368e-01
1.962000000000e+02 -5.872837181379e-01
1.963000000000e+02 -5.872837181396e-01
1.964000000000e+02 -5.872837181418e-01
1.965000000000e+02 -5.872837181446e-01
1.966000000000e+02 -5.872837181477e-01
1.967000000000e+02 -5.872837181510e-01
1.968000000000e+02 -5.872837181544e-01
1.969000000000e+02 -5.872837181579e-01
1.970000000000e+02 -5.872837181612e-01
1.971000000000e+02 -5.872837181643e-01
1.972000000000e+02 -5.872837181672e-01
1.973000000000e+02 -5.872837181699e-01
1.974000000000e+02 -5.872837181723e-01
1.975000000000e+02 -5.872837181745e-01
1.976000000000e+02 -5.872837181766e-01
1.977000000000e+02 -5.872837181786e-01
1.978000000000e+02 -5.872837181808e-01
1.979000000000e+02 -5.872837181831e-01
1.980000000000e+02 -5.872837181859e-01
1.981000000000e+02 -5.872837181889e-01
1.982000000000e+02 -5.872837181924e-01
1.983000000000e+02 -5.872837181963e-01
1.984000000000e+02 -5.872837182006e-01
1.985000000000e+02 -5.872837182052e-01
1.986000000000e+02 -5.872837182099e-01
1.987000000000e+02 -5.872837182146e-01
1.988000000000e+02 -5.872837182194e-01
1.989000000000e+02 -5.872837182239e-01
1.990000000000e+02 -5.872837182282e-01
1.991000000000e+02 -5.872837182321e-01
1.992000000000e+02 -5.872837182356e-01
1.993000000000e+02 -5.872837182386e-01
1.994000000000e+02 -5.872837182412e-01
1.995000000000e+02 -5.872837182434e-01
1.996000000000e+02 -5.872837182452e-01
1.997000000000e+02 -5.872837182467e-01
1.998000000000e+02 -5.872837182480e-01
1.999000000000e+02 -5.872837182492e-01
2.000000000000e+02 -5.872837182503e-01
