 -3.00000e+00 2.78256e-29 
 -2.80000e+00 2.90580e-29 
 -2.60000e+00 3.04200e-29 
 -2.40000e+00 3.19364e-29 
 -2.20000e+00 3.36379e-29 
 -2.00000e+00 3.55625e-29 
 -1.80000e+00 3.77565e-29 
 -1.60000e+00 4.02752e-29 
 -1.40000e+00 4.31844e-29 
 -1.20000e+00 4.65614e-29 
 -1.00000e+00 5.04957e-29 
 -8.00000e-01 5.50859e-29 
 -6.00000e-01 6.04414e-29 
 -4.00000e-01 6.67300e-29 
 -2.00000e-01 7.42238e-29 
 3.88578e-16 8.23415e-29 
 2.00000e-01 8.56644e-29 
 4.00000e-01 7.98604e-29 
 6.00000e-01 7.16578e-29 
 8.00000e-01 6.46849e-29 
 1.00000e+00 5.89180e-29 
 1.20000e+00 5.40220e-29 
 1.40000e+00 4.97970e-29 
 1.60000e+00 4.60971e-29 
 1.80000e+00 4.27970e-29 
 2.00000e+00 3.98077e-29 
 2.20000e+00 3.70914e-29 
 2.40000e+00 3.46440e-29 
 2.60000e+00 3.24610e-29 
 2.80000e+00 3.05242e-29 
 3.00000e+00 2.88065e-29 
 3.20000e+00 2.72791e-29 
 3.40000e+00 2.59152e-29 
 3.60000e+00 2.46914e-29 
 3.80000e+00 2.35874e-29 
 4.00000e+00 2.25864e-29 
 4.20000e+00 2.16741e-29 
 4.40000e+00 2.08389e-29 
 4.60000e+00 2.00707e-29 
 4.80000e+00 1.93613e-29 
 5.00000e+00 1.87039e-29 
 5.20000e+00 1.80924e-29 
 5.40000e+00 1.75219e-29 
 5.60000e+00 1.69881e-29 
 5.80000e+00 1.64875e-29 
 6.00000e+00 1.60166e-29 
 6.20000e+00 1.55729e-29 
 6.40000e+00 1.51540e-29 
 6.60000e+00 1.47576e-29 
 6.80000e+00 1.43819e-29 
