 -3.00000e+00 1.04304e-29 
 -2.80000e+00 1.07122e-29 
 -2.60000e+00 1.10094e-29 
 -2.40000e+00 1.13232e-29 
 -2.20000e+00 1.16551e-29 
 -2.00000e+00 1.20067e-29 
 -1.80000e+00 1.23796e-29 
 -1.60000e+00 1.27760e-29 
 -1.40000e+00 1.31979e-29 
 -1.20000e+00 1.36479e-29 
 -1.00000e+00 1.41287e-29 
 -8.00000e-01 1.46436e-29 
 -6.00000e-01 1.51960e-29 
 -4.00000e-01 1.57901e-29 
 -2.00000e-01 1.64305e-29 
 3.88578e-16 1.71225e-29 
 2.00000e-01 1.78721e-29 
 4.00000e-01 1.86862e-29 
 6.00000e-01 1.95727e-29 
 8.00000e-01 2.05405e-29 
 1.00000e+00 2.15998e-29 
 1.20000e+00 2.27621e-29 
 1.40000e+00 2.40403e-29 
 1.60000e+00 2.54484e-29 
 1.80000e+00 2.70019e-29 
 2.00000e+00 2.87171e-29 
 2.20000e+00 3.06100e-29 
 2.40000e+00 3.26949e-29 
 2.60000e+00 3.49812e-29 
 2.80000e+00 3.74677e-29 
 3.00000e+00 4.01352e-29 
 3.20000e+00 4.29360e-29 
 3.40000e+00 4.57807e-29 
 3.60000e+00 4.85252e-29 
 3.80000e+00 5.09622e-29 
 4.00000e+00 5.28328e-29 
 4.20000e+00 5.38769e-29 
 4.40000e+00 5.39209e-29 
 4.60000e+00 5.29579e-29 
 4.80000e+00 5.11504e-29 
 5.00000e+00 4.87556e-29 
 5.20000e+00 4.60353e-29 
 5.40000e+00 4.32022e-29 
 5.60000e+00 4.04057e-29 
 5.80000e+00 3.77384e-29 
 6.00000e+00 3.52498e-29 
 6.20000e+00 3.29598e-29 
 6.40000e+00 3.08696e-29 
 6.60000e+00 2.89704e-29 
 6.80000e+00 2.72480e-29 
