 -3.00000e+00 1.71423e-29 
 -2.80000e+00 1.82376e-29 
 -2.60000e+00 1.94735e-29 
 -2.40000e+00 2.08758e-29 
 -2.20000e+00 2.24760e-29 
 -2.00000e+00 2.43134e-29 
 -1.80000e+00 2.64361e-29 
 -1.60000e+00 2.89031e-29 
 -1.40000e+00 3.17839e-29 
 -1.20000e+00 3.51573e-29 
 -1.00000e+00 3.91097e-29 
 -8.00000e-01 4.37381e-29 
 -6.00000e-01 4.91637e-29 
 -4.00000e-01 5.55618e-29 
 -2.00000e-01 6.31839e-29 
 3.88578e-16 7.14462e-29 
 2.00000e-01 7.48869e-29 
 4.00000e-01 6.91318e-29 
 6.00000e-01 6.09922e-29 
 8.00000e-01 5.41199e-29 
 1.00000e+00 4.84944e-29 
 1.20000e+00 4.37849e-29 
 1.40000e+00 3.97686e-29 
 1.60000e+00 3.62825e-29 
 1.80000e+00 3.31988e-29 
 2.00000e+00 3.04241e-29 
 2.20000e+00 2.79125e-29 
 2.40000e+00 2.56546e-29 
 2.60000e+00 2.36468e-29 
 2.80000e+00 2.18762e-29 
 3.00000e+00 2.03209e-29 
 3.20000e+00 1.89541e-29 
 3.40000e+00 1.77494e-29 
 3.60000e+00 1.66828e-29 
 3.80000e+00 1.57338e-29 
 4.00000e+00 1.48854e-29 
 4.20000e+00 1.41231e-29 
 4.40000e+00 1.34349e-29 
 4.60000e+00 1.28109e-29 
 4.80000e+00 1.22425e-29 
 5.00000e+00 1.17227e-29 
 5.20000e+00 1.12455e-29 
 5.40000e+00 1.08060e-29 
 5.60000e+00 1.03997e-29 
 5.80000e+00 1.00230e-29 
 6.00000e+00 9.67284e-30 
 6.20000e+00 9.34645e-30 
 6.40000e+00 9.04149e-30 
 6.60000e+00 8.75590e-30 
 6.80000e+00 8.48789e-30 
