 -3.00000e+00 1.06924e-29 
 -2.80000e+00 1.08314e-29 
 -2.60000e+00 1.09592e-29 
 -2.40000e+00 1.10743e-29 
 -2.20000e+00 1.11750e-29 
 -2.00000e+00 1.12601e-29 
 -1.80000e+00 1.13281e-29 
 -1.60000e+00 1.13781e-29 
 -1.40000e+00 1.14091e-29 
 -1.20000e+00 1.14204e-29 
 -1.00000e+00 1.14119e-29 
 -8.00000e-01 1.13836e-29 
 -6.00000e-01 1.13358e-29 
 -4.00000e-01 1.12692e-29 
 -2.00000e-01 1.11849e-29 
 3.88578e-16 1.10839e-29 
 2.00000e-01 1.09679e-29 
 4.00000e-01 1.08384e-29 
 6.00000e-01 1.06969e-29 
 8.00000e-01 1.05452e-29 
 1.00000e+00 1.03850e-29 
 1.20000e+00 1.02178e-29 
 1.40000e+00 1.00451e-29 
 1.60000e+00 9.86835e-30 
 1.80000e+00 9.68876e-30 
 2.00000e+00 9.50747e-30 
 2.20000e+00 9.32551e-30 
 2.40000e+00 9.14374e-30 
 2.60000e+00 8.96292e-30 
 2.80000e+00 8.78369e-30 
 3.00000e+00 8.60661e-30 
 3.20000e+00 8.43213e-30 
 3.40000e+00 8.26060e-30 
 3.60000e+00 8.09234e-30 
 3.80000e+00 7.92756e-30 
 4.00000e+00 7.76644e-30 
 4.20000e+00 7.60911e-30 
 4.40000e+00 7.45565e-30 
 4.60000e+00 7.30612e-30 
 4.80000e+00 7.16052e-30 
 5.00000e+00 7.01885e-30 
 5.20000e+00 6.88109e-30 
 5.40000e+00 6.74719e-30 
 5.60000e+00 6.61709e-30 
 5.80000e+00 6.49072e-30 
 6.00000e+00 6.36801e-30 
 6.20000e+00 6.24886e-30 
 6.40000e+00 6.13320e-30 
 6.60000e+00 6.02093e-30 
 6.80000e+00 5.91194e-30 
