0.000000000000e+00 -1.518122749048e-12
1.000000000000e-01 5.303878691488e-07
2.000000000000e-01 1.585101598321e-06
3.000000000000e-01 2.631045201143e-06
4.000000000000e-01 3.664875094426e-06
5.000000000000e-01 4.675675832350e-06
6.000000000000e-01 5.663398214171e-06
7.000000000000e-01 6.625937088794e-06
8.000000000000e-01 7.555479238891e-06
9.000000000000e-01 8.455765063195e-06
1.000000000000e+00 9.326737993007e-06
1.100000000000e+00 1.016427010013e-05
1.200000000000e+00 1.097561605561e-05
1.300000000000e+00 1.176222728507e-05
1.400000000000e+00 1.252291051587e-05
1.500000000000e+00 1.326697853930e-05
1.600000000000e+00 1.399594327057e-05
1.700000000000e+00 1.471007224225e-05
1.800000000000e+00 1.541884249524e-05
1.900000000000e+00 1.612226290390e-05
2.000000000000e+00 1.682064844950e-05
2.100000000000e+00 1.752204827792e-05
2.200000000000e+00 1.822391652366e-05
2.300000000000e+00 1.892575796497e-05
2.400000000000e+00 1.963326503266e-05
2.500000000000e+00 2.034100018171e-05
2.600000000000e+00 2.104742920316e-05
2.700000000000e+00 2.175560180598e-05
2.800000000000e+00 2.245746022238e-05
2.900000000000e+00 2.315069046303e-05
3.000000000000e+00 2.383591717404e-05
3.100000000000e+00 2.450320777996e-05
3.200000000000e+00 2.515012169803e-05
3.300000000000e+00 2.577553140959e-05
3.400000000000e+00 2.636881744329e-05
3.500000000000e+00 2.692845153751e-05
3.600000000000e+00 2.745266773564e-05
3.700000000000e+00 2.793172166472e-05
3.800000000000e+00 2.836629465049e-05
3.900000000000e+00 2.875531791738e-05
4.000000000000e+00 2.909151940467e-05
4.100000000000e+00 2.937890915336e-05
4.200000000000e+00 2.961813707159e-05
4.300000000000e+00 2.980541516729e-05
4.400000000000e+00 2.994837987110e-05
4.500000000000e+00 3.004947211449e-05
4.600000000000e+00 3.010823549424e-05
4.700000000000e+00 3.013496487241e-05
4.800000000000e+00 3.013273476657e-05
4.900000000000e+00 3.010302365816e-05
5.000000000000e+00 3.005671687154e-05
5.100000000000e+00 2.999553085963e-05
5.200000000000e+00 2.992085479711e-05
5.300000000000e+00 2.984181988701e-05
5.400000000000e+00 2.975691459971e-05
5.500000000000e+00 2.966582059399e-05
5.600000000000e+00 2.957434835490e-05
5.700000000000e+00 2.947698734621e-05
5.800000000000e+00 2.937134181746e-05
5.900000000000e+00 2.925977145821e-05
6.000000000000e+00 2.913349997994e-05
6.100000000000e+00 2.898907492832e-05
6.200000000000e+00 2.882659228450e-05
6.300000000000e+00 2.863585954622e-05
6.400000000000e+00 2.841417698432e-05
6.500000000000e+00 2.816111716721e-05
6.600000000000e+00 2.786715129332e-05
6.700000000000e+00 2.753201267736e-05
6.800000000000e+00 2.715615743941e-05
6.900000000000e+00 2.673221588625e-05
7.000000000000e+00 2.626323295262e-05
7.100000000000e+00 2.575111743255e-05
7.200000000000e+00 2.519123443175e-05
7.300000000000e+00 2.458987533077e-05
7.400000000000e+00 2.395015528706e-05
7.500000000000e+00 2.326997678712e-05
7.600000000000e+00 2.255812676042e-05
7.700000000000e+00 2.181817770386e-05
7.800000000000e+00 2.104992012661e-05
7.900000000000e+00 2.026351972489e-05
8.000000000000e+00 1.946202903374e-05
8.100000000000e+00 1.864623909322e-05
8.200000000000e+00 1.782638606840e-05
8.300000000000e+00 1.700392198841e-05
8.400000000000e+00 1.617961090580e-05
8.500000000000e+00 1.536237398946e-05
8.600000000000e+00 1.455101253191e-05
8.700000000000e+00 1.374527981745e-05
8.800000000000e+00 1.295158682428e-05
8.900000000000e+00 1.216539722219e-05
9.000000000000e+00 1.138491771278e-05
9.100000000000e+00 1.061351240090e-05
9.200000000000e+00 9.843460329494e-06
9.300000000000e+00 9.071793216424e-06
9.400000000000e+00 8.299354050855e-06
9.500000000000e+00 7.516509345583e-06
9.600000000000e+00 6.720525721947e-06
9.700000000000e+00 5.911264689976e-06
9.800000000000e+00 5.079301227039e-06
9.900000000000e+00 4.224111966553e-06
1.000000000000e+01 3.346468008644e-06
1.010000000000e+01 2.439284602249e-06
1.020000000000e+01 1.505847416341e-06
1.030000000000e+01 5.490913828168e-07
1.040000000000e+01 -4.345667182947e-07
1.050000000000e+01 -1.437689309676e-06
1.060000000000e+01 -2.455284412700e-06
1.070000000000e+01 -3.487767989863e-06
1.080000000000e+01 -4.524724126024e-06
1.090000000000e+01 -5.560560964039e-06
1.100000000000e+01 -6.594083597084e-06
1.110000000000e+01 -7.614049363344e-06
1.120000000000e+01 -8.616329202805e-06
1.130000000000e+01 -9.600003886253e-06
1.140000000000e+01 -1.055513957344e-05
1.150000000000e+01 -1.148073454370e-05
1.160000000000e+01 -1.237741740770e-05
1.170000000000e+01 -1.323784009007e-05
1.180000000000e+01 -1.406472655471e-05
1.190000000000e+01 -1.486044520522e-05
1.200000000000e+01 -1.562038802606e-05
1.210000000000e+01 -1.635049643466e-05
1.220000000000e+01 -1.705414354295e-05
1.230000000000e+01 -1.772879250556e-05
1.240000000000e+01 -1.838241361159e-05
1.250000000000e+01 -1.901821390907e-05
1.260000000000e+01 -1.963473699684e-05
1.270000000000e+01 -2.024060622915e-05
1.280000000000e+01 -2.083769030792e-05
1.290000000000e+01 -2.142465175101e-05
1.300000000000e+01 -2.200948714326e-05
1.310000000000e+01 -2.259175313561e-05
1.320000000000e+01 -2.316943219587e-05
1.330000000000e+01 -2.374882007227e-05
1.340000000000e+01 -2.432647714683e-05
1.350000000000e+01 -2.489917308021e-05
1.360000000000e+01 -2.547078832110e-05
1.370000000000e+01 -2.603468415752e-05
1.380000000000e+01 -2.658639124775e-05
1.390000000000e+01 -2.712731079061e-05
1.400000000000e+01 -2.764817853826e-05
1.410000000000e+01 -2.814404748841e-05
1.420000000000e+01 -2.861466365142e-05
1.430000000000e+01 -2.904961706231e-05
1.440000000000e+01 -2.944503511899e-05
1.450000000000e+01 -2.980057376875e-05
1.460000000000e+01 -3.010672829751e-05
1.470000000000e+01 -3.036253811989e-05
1.480000000000e+01 -3.056921479496e-05
1.490000000000e+01 -3.071997725968e-05
1.500000000000e+01 -3.081802343302e-05
1.510000000000e+01 -3.086695107588e-05
1.520000000000e+01 -3.086342130576e-05
1.530000000000e+01 -3.081469657844e-05
1.540000000000e+01 -3.072619698431e-05
1.550000000000e+01 -3.059727265239e-05
1.560000000000e+01 -3.043771055411e-05
1.570000000000e+01 -3.025295786974e-05
1.580000000000e+01 -3.004324555135e-05
1.590000000000e+01 -2.981856675069e-05
1.600000000000e+01 -2.958222645675e-05
1.610000000000e+01 -2.933345564797e-05
1.620000000000e+01 -2.908041731649e-05
1.630000000000e+01 -2.882277426373e-05
1.640000000000e+01 -2.855775717184e-05
1.650000000000e+01 -2.829076414001e-05
1.660000000000e+01 -2.801760054200e-05
1.670000000000e+01 -2.773376046704e-05
1.680000000000e+01 -2.744219884226e-05
1.690000000000e+01 -2.713584117986e-05
1.700000000000e+01 -2.680966673129e-05
1.710000000000e+01 -2.646529967952e-05
1.720000000000e+01 -2.609435696033e-05
1.730000000000e+01 -2.569281803532e-05
1.740000000000e+01 -2.526221381309e-05
1.750000000000e+01 -2.479437601436e-05
1.760000000000e+01 -2.428753117498e-05
1.770000000000e+01 -2.374403006861e-05
1.780000000000e+01 -2.315704786364e-05
1.790000000000e+01 -2.252780976109e-05
1.800000000000e+01 -2.185995426323e-05
1.810000000000e+01 -2.114867509190e-05
1.820000000000e+01 -2.039844871014e-05
1.830000000000e+01 -1.961424221466e-05
1.840000000000e+01 -1.879348477005e-05
1.850000000000e+01 -1.794363445922e-05
1.860000000000e+01 -1.707054249502e-05
1.870000000000e+01 -1.617352747885e-05
1.880000000000e+01 -1.526212334673e-05
1.890000000000e+01 -1.434202394264e-05
1.900000000000e+01 -1.341343926789e-05
1.910000000000e+01 -1.248642872607e-05
1.920000000000e+01 -1.156497787512e-05
1.930000000000e+01 -1.064874068570e-05
1.940000000000e+01 -9.746461856786e-06
1.950000000000e+01 -8.858847794801e-06
1.960000000000e+01 -7.983708780526e-06
1.970000000000e+01 -7.127065329191e-06
1.980000000000e+01 -6.285522126002e-06
1.990000000000e+01 -5.454682956793e-06
2.000000000000e+01 -4.637585847062e-06
2.010000000000e+01 -3.827252525323e-06
2.020000000000e+01 -3.018060999716e-06
2.030000000000e+01 -2.211174171088e-06
2.040000000000e+01 -1.397847535605e-06
2.050000000000e+01 -5.732572715358e-07
2.060000000000e+01 2.613714355347e-07
2.070000000000e+01 1.114199244319e-06
2.080000000000e+01 1.987115568948e-06
2.090000000000e+01 2.877094504611e-06
2.100000000000e+01 3.789906905161e-06
2.110000000000e+01 4.723291066548e-06
2.120000000000e+01 5.671793458145e-06
2.130000000000e+01 6.638285378580e-06
2.140000000000e+01 7.616579351298e-06
2.150000000000e+01 8.599543640207e-06
2.160000000000e+01 9.587952716684e-06
2.170000000000e+01 1.057311681997e-05
2.180000000000e+01 1.154788433067e-05
2.190000000000e+01 1.251241723185e-05
2.200000000000e+01 1.345738380510e-05
2.210000000000e+01 1.437736166214e-05
2.220000000000e+01 1.527326403749e-05
2.230000000000e+01 1.613665999673e-05
2.240000000000e+01 1.696504926112e-05
2.250000000000e+01 1.776083848458e-05
2.260000000000e+01 1.851736027976e-05
2.270000000000e+01 1.923546688886e-05
2.280000000000e+01 1.991911730695e-05
2.290000000000e+01 2.056362681980e-05
2.300000000000e+01 2.117299045992e-05
2.310000000000e+01 2.175226625822e-05
2.320000000000e+01 2.229849553746e-05
2.330000000000e+01 2.281812654966e-05
2.340000000000e+01 2.331647970964e-05
2.350000000000e+01 2.379166615421e-05
2.360000000000e+01 2.425147079410e-05
2.370000000000e+01 2.470029135406e-05
2.380000000000e+01 2.513628159148e-05
2.390000000000e+01 2.556709354278e-05
2.400000000000e+01 2.599480313182e-05
2.410000000000e+01 2.641641965402e-05
2.420000000000e+01 2.683796521276e-05
2.430000000000e+01 2.725800563106e-05
2.440000000000e+01 2.767157033717e-05
2.450000000000e+01 2.808212290665e-05
2.460000000000e+01 2.848436476887e-05
2.470000000000e+01 2.887146648586e-05
2.480000000000e+01 2.924452590683e-05
2.490000000000e+01 2.959528642085e-05
2.500000000000e+01 2.991639452413e-05
2.510000000000e+01 3.020796195825e-05
2.520000000000e+01 3.046076706750e-05
2.530000000000e+01 3.066907133503e-05
2.540000000000e+01 3.083394729506e-05
2.550000000000e+01 3.094746740578e-05
2.560000000000e+01 3.100749334947e-05
2.570000000000e+01 3.101754734888e-05
2.580000000000e+01 3.097247645758e-05
2.590000000000e+01 3.087460052488e-05
2.600000000000e+01 3.073009436947e-05
2.610000000000e+01 3.053663733398e-05
2.620000000000e+01 3.030034207475e-05
2.630000000000e+01 3.002882992320e-05
2.640000000000e+01 2.972138371584e-05
2.650000000000e+01 2.938612160908e-05
2.660000000000e+01 2.903012190619e-05
2.670000000000e+01 2.865253722382e-05
2.680000000000e+01 2.826148039033e-05
2.690000000000e+01 2.786165210594e-05
2.700000000000e+01 2.745073552713e-05
2.710000000000e+01 2.703542726915e-05
2.720000000000e+01 2.661705603529e-05
2.730000000000e+01 2.619139506936e-05
2.740000000000e+01 2.576324331745e-05
2.750000000000e+01 2.533054231392e-05
2.760000000000e+01 2.488757442376e-05
2.770000000000e+01 2.443752182026e-05
2.780000000000e+01 2.397562598271e-05
2.790000000000e+01 2.349561227323e-05
2.800000000000e+01 2.299973839992e-05
2.810000000000e+01 2.248159172994e-05
2.820000000000e+01 2.193548276637e-05
2.830000000000e+01 2.136360871537e-05
2.840000000000e+01 2.075911418829e-05
2.850000000000e+01 2.011809927394e-05
2.860000000000e+01 1.944363156655e-05
2.870000000000e+01 1.872967725523e-05
2.880000000000e+01 1.797525820620e-05
2.890000000000e+01 1.718513937479e-05
2.900000000000e+01 1.635517848360e-05
2.910000000000e+01 1.548806312676e-05
2.920000000000e+01 1.459060354934e-05
2.930000000000e+01 1.366098641818e-05
2.940000000000e+01 1.270546819304e-05
2.950000000000e+01 1.173234480911e-05
2.960000000000e+01 1.074155707679e-05
2.970000000000e+01 9.741729539617e-06
2.980000000000e+01 8.741067961185e-06
2.990000000000e+01 7.739741564130e-06
3.000000000000e+01 6.746711480830e-06
3.010000000000e+01 5.767981568657e-06
3.020000000000e+01 4.802132115162e-06
3.030000000000e+01 3.856426697732e-06
3.040000000000e+01 2.932955722941e-06
3.050000000000e+01 2.027575434984e-06
3.060000000000e+01 1.144781287187e-06
3.070000000000e+01 2.823103440476e-07
3.080000000000e+01 -5.664529765318e-07
3.090000000000e+01 -1.399382425394e-06
3.100000000000e+01 -2.222013693236e-06
3.110000000000e+01 -3.041824837946e-06
3.120000000000e+01 -3.857480264579e-06
3.130000000000e+01 -4.675736382857e-06
3.140000000000e+01 -5.502731070844e-06
3.150000000000e+01 -6.336066109018e-06
3.160000000000e+01 -7.181696495049e-06
3.170000000000e+01 -8.042642107858e-06
3.180000000000e+01 -8.914264839920e-06
3.190000000000e+01 -9.800569709652e-06
3.200000000000e+01 -1.070077945923e-05
3.210000000000e+01 -1.160797401245e-05
3.220000000000e+01 -1.252418492289e-05
3.230000000000e+01 -1.344528947816e-05
3.240000000000e+01 -1.436300586066e-05
3.250000000000e+01 -1.527817136204e-05
3.260000000000e+01 -1.618445385949e-05
3.270000000000e+01 -1.707356945940e-05
3.280000000000e+01 -1.794621297490e-05
3.290000000000e+01 -1.879514825565e-05
3.300000000000e+01 -1.961342513032e-05
3.310000000000e+01 -2.040254792498e-05
3.320000000000e+01 -2.115555626311e-05
3.330000000000e+01 -2.186793116704e-05
3.340000000000e+01 -2.254270345788e-05
3.350000000000e+01 -2.317414072404e-05
3.360000000000e+01 -2.376092906422e-05
3.370000000000e+01 -2.430802301314e-05
3.380000000000e+01 -2.481151403435e-05
3.390000000000e+01 -2.527357305505e-05
3.400000000000e+01 -2.570094765732e-05
3.410000000000e+01 -2.609153367871e-05
3.420000000000e+01 -2.645050138851e-05
3.430000000000e+01 -2.678548253754e-05
3.440000000000e+01 -2.709532990704e-05
3.450000000000e+01 -2.738684583842e-05
3.460000000000e+01 -2.766687174330e-05
3.470000000000e+01 -2.793369505264e-05
3.480000000000e+01 -2.819383370907e-05
3.490000000000e+01 -2.845140557834e-05
3.500000000000e+01 -2.870258617721e-05
3.510000000000e+01 -2.895192944794e-05
3.520000000000e+01 -2.919950289307e-05
3.530000000000e+01 -2.943867539895e-05
3.540000000000e+01 -2.967143969748e-05
3.550000000000e+01 -2.989382769910e-05
3.560000000000e+01 -3.009711629780e-05
3.570000000000e+01 -3.028157363647e-05
3.580000000000e+01 -3.044064637797e-05
3.590000000000e+01 -3.056546223437e-05
3.600000000000e+01 -3.065640506896e-05
3.610000000000e+01 -3.070654815103e-05
3.620000000000e+01 -3.070916892881e-05
3.630000000000e+01 -3.066661975433e-05
3.640000000000e+01 -3.057351282756e-05
3.650000000000e+01 -3.042688073810e-05
3.660000000000e+01 -3.023195719015e-05
3.670000000000e+01 -2.998569191787e-05
3.680000000000e+01 -2.968916874903e-05
3.690000000000e+01 -2.935010368354e-05
3.700000000000e+01 -2.896733157452e-05
3.710000000000e+01 -2.854507859291e-05
3.720000000000e+01 -2.809215974101e-05
3.730000000000e+01 -2.760808003283e-05
3.740000000000e+01 -2.709871129284e-05
3.750000000000e+01 -2.657229361977e-05
3.760000000000e+01 -2.602771799432e-05
3.770000000000e+01 -2.547107714207e-05
3.780000000000e+01 -2.490865568464e-05
3.790000000000e+01 -2.433784021856e-05
3.800000000000e+01 -2.376394346735e-05
3.810000000000e+01 -2.319044349438e-05
3.820000000000e+01 -2.261284359906e-05
3.830000000000e+01 -2.203514411024e-05
3.840000000000e+01 -2.145768622978e-05
3.850000000000e+01 -2.087418030487e-05
3.860000000000e+01 -2.028722526674e-05
3.870000000000e+01 -1.969421525790e-05
3.880000000000e+01 -1.908765297396e-05
3.890000000000e+01 -1.846916307042e-05
3.900000000000e+01 -1.783399324476e-05
3.910000000000e+01 -1.717460189024e-05
3.920000000000e+01 -1.649264990956e-05
3.930000000000e+01 -1.578264960021e-05
3.940000000000e+01 -1.503865819683e-05
3.950000000000e+01 -1.426376374042e-05
3.960000000000e+01 -1.345342040833e-05
3.970000000000e+01 -1.260492391374e-05
3.980000000000e+01 -1.172396712175e-05
3.990000000000e+01 -1.080819181814e-05
4.000000000000e+01 -9.859017588253e-06
4.010000000000e+01 -8.884966383534e-06
4.020000000000e+01 -7.885987135430e-06
4.030000000000e+01 -6.867177570898e-06
4.040000000000e+01 -5.838763683745e-06
4.050000000000e+01 -4.801801289130e-06
4.060000000000e+01 -3.763342457199e-06
4.070000000000e+01 -2.733157327431e-06
4.080000000000e+01 -1.711434602412e-06
4.090000000000e+01 -7.049455279035e-07
4.100000000000e+01 2.792514390485e-07
4.110000000000e+01 1.243552358064e-06
4.120000000000e+01 2.183142422303e-06
4.130000000000e+01 3.094994095245e-06
4.140000000000e+01 3.984643421116e-06
4.150000000000e+01 4.849608506838e-06
4.160000000000e+01 5.690759040844e-06
4.170000000000e+01 6.515913459581e-06
4.180000000000e+01 7.324003075667e-06
4.190000000000e+01 8.118465176674e-06
4.200000000000e+01 8.907619429298e-06
4.210000000000e+01 9.690248110629e-06
4.220000000000e+01 1.047060759360e-05
4.230000000000e+01 1.125565611211e-05
4.240000000000e+01 1.204264526336e-05
4.250000000000e+01 1.283524924994e-05
4.260000000000e+01 1.363778476247e-05
4.270000000000e+01 1.444528204979e-05
4.280000000000e+01 1.526013968379e-05
4.290000000000e+01 1.608354173706e-05
4.300000000000e+01 1.690834863622e-05
4.310000000000e+01 1.773564172687e-05
4.320000000000e+01 1.856363225196e-05
4.330000000000e+01 1.938360701544e-05
4.340000000000e+01 2.019574020036e-05
4.350000000000e+01 2.099589493554e-05
4.360000000000e+01 2.177476364690e-05
4.370000000000e+01 2.253236763424e-05
4.380000000000e+01 2.326323869251e-05
4.390000000000e+01 2.395877850734e-05
4.400000000000e+01 2.461990839499e-05
4.410000000000e+01 2.524115977953e-05
4.420000000000e+01 2.581613266457e-05
4.430000000000e+01 2.634779427041e-05
4.440000000000e+01 2.683201201865e-05
4.450000000000e+01 2.726584637091e-05
4.460000000000e+01 2.765505924344e-05
4.470000000000e+01 2.799762898727e-05
4.480000000000e+01 2.829450996567e-05
4.490000000000e+01 2.855403239193e-05
4.500000000000e+01 2.877597363325e-05
4.510000000000e+01 2.896437747653e-05
4.520000000000e+01 2.912870488932e-05
4.530000000000e+01 2.926908637213e-05
4.540000000000e+01 2.939079303569e-05
4.550000000000e+01 2.950218708446e-05
4.560000000000e+01 2.960179622428e-05
4.570000000000e+01 2.969401405893e-05
4.580000000000e+01 2.978404147864e-05
4.590000000000e+01 2.986735823289e-05
4.600000000000e+01 2.994616431609e-05
4.610000000000e+01 3.002157021357e-05
4.620000000000e+01 3.008588916522e-05
4.630000000000e+01 3.013922705793e-05
4.640000000000e+01 3.017919420915e-05
4.650000000000e+01 3.019625094408e-05
4.660000000000e+01 3.018976763861e-05
4.670000000000e+01 3.015555095077e-05
4.680000000000e+01 3.008430939222e-05
4.690000000000e+01 2.997649302663e-05
4.700000000000e+01 2.982799654275e-05
4.710000000000e+01 2.963170835442e-05
4.720000000000e+01 2.939051586023e-05
4.730000000000e+01 2.910166053474e-05
4.740000000000e+01 2.876127843915e-05
4.750000000000e+01 2.837508735264e-05
4.760000000000e+01 2.794197937305e-05
4.770000000000e+01 2.746140751381e-05
4.780000000000e+01 2.694140270201e-05
4.790000000000e+01 2.638204865283e-05
4.800000000000e+01 2.578548239312e-05
4.810000000000e+01 2.516099180217e-05
4.820000000000e+01 2.450901312587e-05
4.830000000000e+01 2.383340102110e-05
4.840000000000e+01 2.314344258144e-05
4.850000000000e+01 2.243897526096e-05
4.860000000000e+01 2.172448008079e-05
4.870000000000e+01 2.100794807382e-05
4.880000000000e+01 2.028767010153e-05
4.890000000000e+01 1.956764625329e-05
4.900000000000e+01 1.885337103911e-05
4.910000000000e+01 1.814080484144e-05
4.920000000000e+01 1.743256905688e-05
4.930000000000e+01 1.673085286473e-05
4.940000000000e+01 1.602901461143e-05
4.950000000000e+01 1.532801428475e-05
4.960000000000e+01 1.462674767031e-05
4.970000000000e+01 1.391661266364e-05
4.980000000000e+01 1.319759144396e-05
4.990000000000e+01 1.246636631299e-05
5.000000000000e+01 1.171402003470e-05
5.010000000000e+01 1.094113097918e-05
5.020000000000e+01 1.014404121724e-05
5.030000000000e+01 9.315683857633e-06
5.040000000000e+01 8.459040286145e-06
5.050000000000e+01 7.571962585533e-06
5.060000000000e+01 6.650990265257e-06
5.070000000000e+01 5.702585470737e-06
5.080000000000e+01 4.726991985400e-06
5.090000000000e+01 3.724843445605e-06
5.100000000000e+01 2.705741903621e-06
5.110000000000e+01 1.671750411246e-06
5.120000000000e+01 6.265794671849e-07
5.130000000000e+01 -4.187407881651e-07
5.140000000000e+01 -1.462044976627e-06
5.150000000000e+01 -2.498508700208e-06
5.160000000000e+01 -3.517977134147e-06
5.170000000000e+01 -4.520123259244e-06
5.180000000000e+01 -5.500909557641e-06
5.190000000000e+01 -6.452921506303e-06
5.200000000000e+01 -7.378875412283e-06
5.210000000000e+01 -8.276517905480e-06
5.220000000000e+01 -9.141925105303e-06
5.230000000000e+01 -9.980869415286e-06
5.240000000000e+01 -1.079273686972e-05
5.250000000000e+01 -1.157670761002e-05
5.260000000000e+01 -1.234062174454e-05
5.270000000000e+01 -1.308456646691e-05
5.280000000000e+01 -1.380976859793e-05
5.290000000000e+01 -1.452469600510e-05
5.300000000000e+01 -1.522896665189e-05
5.310000000000e+01 -1.592466285940e-05
5.320000000000e+01 -1.661947721359e-05
5.330000000000e+01 -1.731155122425e-05
5.340000000000e+01 -1.800280218856e-05
5.350000000000e+01 -1.869900702286e-05
5.360000000000e+01 -1.939612676004e-05
5.370000000000e+01 -2.009515686726e-05
5.380000000000e+01 -2.079915757160e-05
5.390000000000e+01 -2.150157610081e-05
5.400000000000e+01 -2.220209294208e-05
5.410000000000e+01 -2.290073680277e-05
5.420000000000e+01 -2.358865825017e-05
5.430000000000e+01 -2.426441781575e-05
5.440000000000e+01 -2.492543027132e-05
5.450000000000e+01 -2.556154028773e-05
5.460000000000e+01 -2.617115773163e-05
5.470000000000e+01 -2.675033677636e-05
5.480000000000e+01 -2.728935386566e-05
5.490000000000e+01 -2.778804915098e-05
5.500000000000e+01 -2.824287758007e-05
5.510000000000e+01 -2.864652879556e-05
5.520000000000e+01 -2.900182283455e-05
5.530000000000e+01 -2.930711706613e-05
5.540000000000e+01 -2.955888764628e-05
5.550000000000e+01 -2.976359371845e-05
5.560000000000e+01 -2.992191678648e-05
5.570000000000e+01 -3.003416654837e-05
5.580000000000e+01 -3.010967097662e-05
5.590000000000e+01 -3.015044701458e-05
5.600000000000e+01 -3.015927595265e-05
5.610000000000e+01 -3.014635170678e-05
5.620000000000e+01 -3.011307619742e-05
5.630000000000e+01 -3.006261207215e-05
5.640000000000e+01 -3.000366449822e-05
5.650000000000e+01 -2.993510793089e-05
5.660000000000e+01 -2.985872831706e-05
5.670000000000e+01 -2.978009008224e-05
5.680000000000e+01 -2.969462076302e-05
5.690000000000e+01 -2.960210958482e-05
5.700000000000e+01 -2.950464270210e-05
5.710000000000e+01 -2.939463760078e-05
5.720000000000e+01 -2.927052421601e-05
5.730000000000e+01 -2.913177021942e-05
5.740000000000e+01 -2.896922934785e-05
5.750000000000e+01 -2.878135087435e-05
5.760000000000e+01 -2.856640384710e-05
5.770000000000e+01 -2.831541736803e-05
5.780000000000e+01 -2.802826075676e-05
5.790000000000e+01 -2.770330758562e-05
5.800000000000e+01 -2.733318898507e-05
5.810000000000e+01 -2.692013531655e-05
5.820000000000e+01 -2.646345560273e-05
5.830000000000e+01 -2.595825782543e-05
5.840000000000e+01 -2.540949932586e-05
5.850000000000e+01 -2.481775465453e-05
5.860000000000e+01 -2.418095437256e-05
5.870000000000e+01 -2.350663617919e-05
5.880000000000e+01 -2.279652580751e-05
5.890000000000e+01 -2.205122020541e-05
5.900000000000e+01 -2.128018324482e-05
5.910000000000e+01 -2.048569538784e-05
5.920000000000e+01 -1.967029510293e-05
5.930000000000e+01 -1.884415139136e-05
5.940000000000e+01 -1.800897622576e-05
5.950000000000e+01 -1.716796446180e-05
5.960000000000e+01 -1.633030825067e-05
5.970000000000e+01 -1.549570850858e-05
5.980000000000e+01 -1.466650488648e-05
5.990000000000e+01 -1.384924257939e-05
6.000000000000e+01 -1.304042844073e-05
6.010000000000e+01 -1.224048200573e-05
6.020000000000e+01 -1.145237561137e-05
6.030000000000e+01 -1.066921748766e-05
6.040000000000e+01 -9.889554468963e-06
6.050000000000e+01 -9.113161506339e-06
6.060000000000e+01 -8.330899667843e-06
6.070000000000e+01 -7.540775317326e-06
6.080000000000e+01 -6.740979556122e-06
6.090000000000e+01 -5.922307711839e-06
6.100000000000e+01 -5.084284638304e-06
6.110000000000e+01 -4.225601974702e-06
6.120000000000e+01 -3.339258342367e-06
6.130000000000e+01 -2.428049277122e-06
6.140000000000e+01 -1.492658992723e-06
6.150000000000e+01 -5.296172957607e-07
6.160000000000e+01 4.544659600052e-07
6.170000000000e+01 1.456739365108e-06
6.180000000000e+01 2.477262111064e-06
6.190000000000e+01 3.506513394016e-06
6.200000000000e+01 4.540594474872e-06
6.210000000000e+01 5.577450246359e-06
6.220000000000e+01 6.606490726866e-06
6.230000000000e+01 7.624504568331e-06
6.240000000000e+01 8.629001997020e-06
6.250000000000e+01 9.610242693321e-06
6.260000000000e+01 1.056720642121e-05
6.270000000000e+01 1.149825299357e-05
6.280000000000e+01 1.239581059253e-05
6.290000000000e+01 1.326180167891e-05
6.300000000000e+01 1.409596666796e-05
6.310000000000e+01 1.489341652794e-05
6.320000000000e+01 1.565897126647e-05
6.330000000000e+01 1.639360635038e-05
6.340000000000e+01 1.709498263605e-05
6.350000000000e+01 1.777019764634e-05
6.360000000000e+01 1.842087344593e-05
6.370000000000e+01 1.904665285893e-05
6.380000000000e+01 1.965590578854e-05
6.390000000000e+01 2.025001017509e-05
6.400000000000e+01 2.082968258768e-05
6.410000000000e+01 2.140325292332e-05
6.420000000000e+01 2.197072467823e-05
6.430000000000e+01 2.253271987695e-05
6.440000000000e+01 2.309604924339e-05
6.450000000000e+01 2.365817471229e-05
6.460000000000e+01 2.421848613339e-05
6.470000000000e+01 2.478102450916e-05
6.480000000000e+01 2.533997761972e-05
6.490000000000e+01 2.589293372593e-05
6.500000000000e+01 2.644071897580e-05
6.510000000000e+01 2.697450200501e-05
6.520000000000e+01 2.749056369781e-05
6.530000000000e+01 2.798726596147e-05
6.540000000000e+01 2.845421924133e-05
6.550000000000e+01 2.888798236827e-05
6.560000000000e+01 2.928621259277e-05
6.570000000000e+01 2.963920377434e-05
6.580000000000e+01 2.994583803737e-05
6.590000000000e+01 3.020502644846e-05
6.600000000000e+01 3.040981395828e-05
6.610000000000e+01 3.056289466641e-05
6.620000000000e+01 3.066557318188e-05
6.630000000000e+01 3.071458242743e-05
6.640000000000e+01 3.071655444815e-05
6.650000000000e+01 3.067490077219e-05
6.660000000000e+01 3.058947542575e-05
6.670000000000e+01 3.046951966424e-05
6.680000000000e+01 3.031901705113e-05
6.690000000000e+01 3.013929933446e-05
6.700000000000e+01 2.994009381769e-05
6.710000000000e+01 2.972399658830e-05
6.720000000000e+01 2.949202073796e-05
6.730000000000e+01 2.925243305666e-05
6.740000000000e+01 2.900498878268e-05
6.750000000000e+01 2.874926649776e-05
6.760000000000e+01 2.849100339486e-05
6.770000000000e+01 2.822667822528e-05
6.780000000000e+01 2.795431179539e-05
6.790000000000e+01 2.767704518801e-05
6.800000000000e+01 2.738859692555e-05
6.810000000000e+01 2.708608414699e-05
6.820000000000e+01 2.677067051060e-05
6.830000000000e+01 2.643438608668e-05
6.840000000000e+01 2.607445900932e-05
6.850000000000e+01 2.569098462091e-05
6.860000000000e+01 2.527556885042e-05
6.870000000000e+01 2.482662913685e-05
6.880000000000e+01 2.434416696636e-05
6.890000000000e+01 2.382064289828e-05
6.900000000000e+01 2.325667762696e-05
6.910000000000e+01 2.265311298336e-05
6.920000000000e+01 2.200443162969e-05
6.930000000000e+01 2.131425625138e-05
6.940000000000e+01 2.058496071580e-05
6.950000000000e+01 1.981383149941e-05
6.960000000000e+01 1.900775250485e-05
6.970000000000e+01 1.817070689249e-05
6.980000000000e+01 1.730277821492e-05
6.990000000000e+01 1.641345502299e-05
7.000000000000e+01 1.550747103469e-05
7.010000000000e+01 1.458668301182e-05
7.020000000000e+01 1.366153553139e-05
7.030000000000e+01 1.273580917134e-05
7.040000000000e+01 1.181136993272e-05
7.050000000000e+01 1.089746181402e-05
7.060000000000e+01 9.995021333313e-06
7.070000000000e+01 9.104223073207e-06
7.080000000000e+01 8.231363589880e-06
7.090000000000e+01 7.373409660491e-06
7.100000000000e+01 6.528133429580e-06
7.110000000000e+01 5.698390797522e-06
7.120000000000e+01 4.877493742443e-06
7.130000000000e+01 4.061554262909e-06
7.140000000000e+01 3.250969424208e-06
7.150000000000e+01 2.437090843510e-06
7.160000000000e+01 1.616236462476e-06
7.170000000000e+01 7.882307808682e-07
7.180000000000e+01 -5.525175855229e-08
7.190000000000e+01 -9.156345884013e-07
7.200000000000e+01 -1.791889493641e-06
7.210000000000e+01 -2.690184341701e-06
7.220000000000e+01 -3.608413924055e-06
7.230000000000e+01 -4.543519915824e-06
7.240000000000e+01 -5.498800420835e-06
7.250000000000e+01 -6.468588687469e-06
7.260000000000e+01 -7.448144050864e-06
7.270000000000e+01 -8.438315169544e-06
7.280000000000e+01 -9.430871919111e-06
7.290000000000e+01 -1.042053761119e-05
7.300000000000e+01 -1.140677460251e-05
7.310000000000e+01 -1.238024573417e-05
7.320000000000e+01 -1.333649093691e-05
7.330000000000e+01 -1.427473233886e-05
7.340000000000e+01 -1.518592975472e-05
7.350000000000e+01 -1.606757878842e-05
7.360000000000e+01 -1.691957424935e-05
7.370000000000e+01 -1.773429197698e-05
7.380000000000e+01 -1.851196344355e-05
7.390000000000e+01 -1.925375275176e-05
7.400000000000e+01 -1.995422124804e-05
7.410000000000e+01 -2.061670424259e-05
7.420000000000e+01 -2.124384356449e-05
7.430000000000e+01 -2.183268581556e-05
7.440000000000e+01 -2.238947230933e-05
7.450000000000e+01 -2.291795284333e-05
7.460000000000e+01 -2.341727113918e-05
7.470000000000e+01 -2.389561200828e-05
7.480000000000e+01 -2.435672582013e-05
7.490000000000e+01 -2.480068771803e-05
7.500000000000e+01 -2.523593432998e-05
7.510000000000e+01 -2.566454480322e-05
7.520000000000e+01 -2.608590722807e-05
7.530000000000e+01 -2.650678550245e-05
7.540000000000e+01 -2.692598723556e-05
7.550000000000e+01 -2.734089033762e-05
7.560000000000e+01 -2.775526176343e-05
7.570000000000e+01 -2.816395222609e-05
7.580000000000e+01 -2.856209824845e-05
7.590000000000e+01 -2.895044518746e-05
7.600000000000e+01 -2.932063875561e-05
7.610000000000e+01 -2.966674091964e-05
7.620000000000e+01 -2.998781750783e-05
7.630000000000e+01 -3.027429071362e-05
7.640000000000e+01 -3.052124845539e-05
7.650000000000e+01 -3.072809717029e-05
7.660000000000e+01 -3.088635926147e-05
7.670000000000e+01 -3.099417224662e-05
7.680000000000e+01 -3.105292108378e-05
7.690000000000e+01 -3.105684034398e-05
7.700000000000e+01 -3.100810635642e-05
7.710000000000e+01 -3.091054042021e-05
7.720000000000e+01 -3.076138511686e-05
7.730000000000e+01 -3.056645309838e-05
7.740000000000e+01 -3.033117825162e-05
7.750000000000e+01 -3.005492459312e-05
7.760000000000e+01 -2.974570992103e-05
7.770000000000e+01 -2.940901742044e-05
7.780000000000e+01 -2.904492265372e-05
7.790000000000e+01 -2.866192712522e-05
7.800000000000e+01 -2.826400785416e-05
7.810000000000e+01 -2.785071380653e-05
7.820000000000e+01 -2.742963839531e-05
7.830000000000e+01 -2.700220453880e-05
7.840000000000e+01 -2.656672880744e-05
7.850000000000e+01 -2.612907401937e-05
7.860000000000e+01 -2.568768269355e-05
7.870000000000e+01 -2.523947892134e-05
7.880000000000e+01 -2.478830126932e-05
7.890000000000e+01 -2.432972619624e-05
7.900000000000e+01 -2.385958359982e-05
7.910000000000e+01 -2.337986629916e-05
7.920000000000e+01 -2.288390711214e-05
7.930000000000e+01 -2.236720115611e-05
7.940000000000e+01 -2.183058712876e-05
7.950000000000e+01 -2.126632402237e-05
7.960000000000e+01 -2.067081428760e-05
7.970000000000e+01 -2.004492791785e-05
7.980000000000e+01 -1.938145744272e-05
7.990000000000e+01 -1.867922738595e-05
8.000000000000e+01 -1.794049502476e-05
8.010000000000e+01 -1.716017242974e-05
8.020000000000e+01 -1.634072710292e-05
8.030000000000e+01 -1.548668220000e-05
8.040000000000e+01 -1.459592649139e-05
8.050000000000e+01 -1.367479858839e-05
8.060000000000e+01 -1.272985021148e-05
8.070000000000e+01 -1.176153932664e-05
8.080000000000e+01 -1.077895048704e-05
8.090000000000e+01 -9.789160405504e-06
8.100000000000e+01 -8.793600993947e-06
8.110000000000e+01 -7.801958345454e-06
8.120000000000e+01 -6.819634492087e-06
8.130000000000e+01 -5.847021332905e-06
8.140000000000e+01 -4.892184295435e-06
8.150000000000e+01 -3.956992419309e-06
8.160000000000e+01 -3.039421814331e-06
8.170000000000e+01 -2.144638361025e-06
8.180000000000e+01 -1.270359037015e-06
8.190000000000e+01 -4.121192086394e-07
8.200000000000e+01 4.276553140497e-07
8.210000000000e+01 1.254551425198e-06
8.220000000000e+01 2.074192901715e-06
8.230000000000e+01 2.885585675577e-06
8.240000000000e+01 3.695828089825e-06
8.250000000000e+01 4.509817903749e-06
8.260000000000e+01 5.326348229231e-06
8.270000000000e+01 6.152170255575e-06
8.280000000000e+01 6.989835115018e-06
8.290000000000e+01 7.836733008196e-06
8.300000000000e+01 8.698028560139e-06
8.310000000000e+01 9.573102249189e-06
8.320000000000e+01 1.045756230447e-05
8.330000000000e+01 1.135456503361e-05
8.340000000000e+01 1.226033060332e-05
8.350000000000e+01 1.316902007436e-05
8.360000000000e+01 1.408199760029e-05
8.370000000000e+01 1.499292520997e-05
8.380000000000e+01 1.589529915021e-05
8.390000000000e+01 1.678930193185e-05
8.400000000000e+01 1.766701408666e-05
8.410000000000e+01 1.852232458622e-05
8.420000000000e+01 1.935512262751e-05
8.430000000000e+01 2.015716486177e-05
8.440000000000e+01 2.092398480055e-05
8.450000000000e+01 2.165625880760e-05
8.460000000000e+01 2.234682065958e-05
8.470000000000e+01 2.299409423869e-05
8.480000000000e+01 2.360054140230e-05
8.490000000000e+01 2.416124332622e-05
8.500000000000e+01 2.467830200532e-05
8.510000000000e+01 2.515637225262e-05
8.520000000000e+01 2.559317227097e-05
8.530000000000e+01 2.599428133992e-05
8.540000000000e+01 2.636589764330e-05
8.550000000000e+01 2.670761752611e-05
8.560000000000e+01 2.702710416247e-05
8.570000000000e+01 2.733038342629e-05
8.580000000000e+01 2.761721888607e-05
8.590000000000e+01 2.789519973012e-05
8.600000000000e+01 2.816803498583e-05
8.610000000000e+01 2.843379845657e-05
8.620000000000e+01 2.869802943328e-05
8.630000000000e+01 2.896055943705e-05
8.640000000000e+01 2.921677369322e-05
8.650000000000e+01 2.946931059482e-05
8.660000000000e+01 2.971394438543e-05
8.670000000000e+01 2.994382108252e-05
8.680000000000e+01 3.015930861223e-05
8.690000000000e+01 3.035340524064e-05
8.700000000000e+01 3.051871692062e-05
8.710000000000e+01 3.065500853264e-05
8.720000000000e+01 3.075457153800e-05
8.730000000000e+01 3.081157696251e-05
8.740000000000e+01 3.082695322280e-05
8.750000000000e+01 3.079416002376e-05
8.760000000000e+01 3.071049767980e-05
8.770000000000e+01 3.057908441907e-05
8.780000000000e+01 3.039552752321e-05
8.790000000000e+01 3.016076394012e-05
8.800000000000e+01 2.988008201857e-05
8.810000000000e+01 2.955120667115e-05
8.820000000000e+01 2.917823909281e-05
8.830000000000e+01 2.876781095239e-05
8.840000000000e+01 2.831906789046e-05
8.850000000000e+01 2.783824192423e-05
8.860000000000e+01 2.733212340029e-05
8.870000000000e+01 2.680033868826e-05
8.880000000000e+01 2.625004267036e-05
8.890000000000e+01 2.568696658688e-05
8.900000000000e+01 2.511027795604e-05
8.910000000000e+01 2.452685986591e-05
8.920000000000e+01 2.394027288751e-05
8.930000000000e+01 2.334839131343e-05
8.940000000000e+01 2.275676159446e-05
8.950000000000e+01 2.216590941097e-05
8.960000000000e+01 2.157186588336e-05
8.970000000000e+01 2.097815420783e-05
8.980000000000e+01 2.038195081728e-05
8.990000000000e+01 1.977751867624e-05
9.000000000000e+01 1.916642121557e-05
9.010000000000e+01 1.854307334375e-05
9.020000000000e+01 1.790096365518e-05
9.030000000000e+01 1.724071774101e-05
9.040000000000e+01 1.655554343059e-05
9.050000000000e+01 1.583996192430e-05
9.060000000000e+01 1.509536038735e-05
9.070000000000e+01 1.431578100034e-05
9.080000000000e+01 1.349874083409e-05
9.090000000000e+01 1.264797240788e-05
9.100000000000e+01 1.175997771761e-05
9.110000000000e+01 1.083644726024e-05
9.120000000000e+01 9.884019709821e-06
9.130000000000e+01 8.902042648554e-06
9.140000000000e+01 7.896109894535e-06
9.150000000000e+01 6.874860514976e-06
9.160000000000e+01 5.839429763743e-06
9.170000000000e+01 4.797670041668e-06
9.180000000000e+01 3.758196949158e-06
9.190000000000e+01 2.722017081936e-06
9.200000000000e+01 1.697021323918e-06
9.210000000000e+01 6.896121387108e-07
9.220000000000e+01 -3.010837332853e-07
9.230000000000e+01 -1.268891576322e-06
9.240000000000e+01 -2.210999445069e-06
9.250000000000e+01 -3.130906621552e-06
9.260000000000e+01 -4.024774208996e-06
9.270000000000e+01 -4.893493485189e-06
9.280000000000e+01 -5.742719028146e-06
9.290000000000e+01 -6.570438997629e-06
9.300000000000e+01 -7.380315185606e-06
9.310000000000e+01 -8.178869859401e-06
9.320000000000e+01 -8.964796619014e-06
9.330000000000e+01 -9.743144236098e-06
9.340000000000e+01 -1.051981979718e-05
9.350000000000e+01 -1.129307336088e-05
9.360000000000e+01 -1.206803547357e-05
9.370000000000e+01 -1.284876201647e-05
9.380000000000e+01 -1.363221150244e-05
9.390000000000e+01 -1.442260549990e-05
9.400000000000e+01 -1.522130971531e-05
9.410000000000e+01 -1.602351978691e-05
9.420000000000e+01 -1.683192022858e-05
9.430000000000e+01 -1.764478287879e-05
9.440000000000e+01 -1.845549144645e-05
9.450000000000e+01 -1.926501756188e-05
9.460000000000e+01 -2.006869822351e-05
9.470000000000e+01 -2.085863506619e-05
9.480000000000e+01 -2.163455151744e-05
9.490000000000e+01 -2.238974866062e-05
9.500000000000e+01 -2.311628812025e-05
9.510000000000e+01 -2.381382147113e-05
9.520000000000e+01 -2.447520999123e-05
9.530000000000e+01 -2.509424879880e-05
9.540000000000e+01 -2.567208318937e-05
9.550000000000e+01 -2.620294223641e-05
9.560000000000e+01 -2.668403037632e-05
9.570000000000e+01 -2.711920959025e-05
9.580000000000e+01 -2.750528442584e-05
9.590000000000e+01 -2.784362009631e-05
9.600000000000e+01 -2.814090262369e-05
9.610000000000e+01 -2.839644321144e-05
9.620000000000e+01 -2.861508741488e-05
9.630000000000e+01 -2.880505120316e-05
9.640000000000e+01 -2.896675812950e-05
9.650000000000e+01 -2.910663908478e-05
9.660000000000e+01 -2.923222374059e-05
9.670000000000e+01 -2.934302676001e-05
9.680000000000e+01 -2.944484553609e-05
9.690000000000e+01 -2.954240421840e-05
9.700000000000e+01 -2.963272257121e-05
9.710000000000e+01 -2.971947229649e-05
9.720000000000e+01 -2.980350897225e-05
9.730000000000e+01 -2.987899869778e-05
9.740000000000e+01 -2.994731417617e-05
9.750000000000e+01 -3.000578562239e-05
9.760000000000e+01 -3.004667960912e-05
9.770000000000e+01 -3.007006308877e-05
9.780000000000e+01 -3.007111263597e-05
9.790000000000e+01 -3.004189568535e-05
9.800000000000e+01 -2.998264974384e-05
9.810000000000e+01 -2.988804082113e-05
9.820000000000e+01 -2.975161159970e-05
9.830000000000e+01 -2.957501312904e-05
9.840000000000e+01 -2.935368224858e-05
9.850000000000e+01 -2.908376975774e-05
9.860000000000e+01 -2.876898309802e-05
9.870000000000e+01 -2.840621359563e-05
9.880000000000e+01 -2.799469865438e-05
9.890000000000e+01 -2.754024375508e-05
9.900000000000e+01 -2.704134210259e-05
9.910000000000e+01 -2.650024307060e-05
9.920000000000e+01 -2.592440879419e-05
9.930000000000e+01 -2.531363497423e-05
9.940000000000e+01 -2.467261293586e-05
9.950000000000e+01 -2.400956539709e-05
9.960000000000e+01 -2.332483290470e-05
9.970000000000e+01 -2.262446441966e-05
9.980000000000e+01 -2.191609220935e-05
9.990000000000e+01 -2.119941704046e-05
1.000000000000e+02 -2.048035694327e-05
1.001000000000e+02 -1.976436017661e-05
1.002000000000e+02 -1.904919174479e-05
1.003000000000e+02 -1.833918753862e-05
1.004000000000e+02 -1.763632770504e-05
1.005000000000e+02 -1.693565943590e-05
1.006000000000e+02 -1.623920313924e-05
1.007000000000e+02 -1.554517479766e-05
1.008000000000e+02 -1.484624930346e-05
1.009000000000e+02 -1.414262715676e-05
1.010000000000e+02 -1.342979677561e-05
1.011000000000e+02 -1.269966400323e-05
1.012000000000e+02 -1.195224158787e-05
1.013000000000e+02 -1.118232001025e-05
1.014000000000e+02 -1.038331711740e-05
1.015000000000e+02 -9.557053068670e-06
1.016000000000e+02 -8.699705661910e-06
1.017000000000e+02 -7.808125710759e-06
1.018000000000e+02 -6.887246063734e-06
1.019000000000e+02 -5.935761554567e-06
1.020000000000e+02 -4.954623872353e-06
1.021000000000e+02 -3.951793864918e-06
1.022000000000e+02 -2.928179169679e-06
1.023000000000e+02 -1.888029025209e-06
1.024000000000e+02 -8.409194271164e-07
1.025000000000e+02 2.114577121762e-07
1.026000000000e+02 1.263292283096e-06
1.027000000000e+02 2.305409525054e-06
1.028000000000e+02 3.337051695579e-06
1.029000000000e+02 4.352625144410e-06
1.030000000000e+02 5.345088745164e-06
1.031000000000e+02 6.315821818544e-06
1.032000000000e+02 7.260573633967e-06
1.033000000000e+02 8.175343360412e-06
1.034000000000e+02 9.063977662548e-06
1.035000000000e+02 9.923855568738e-06
1.036000000000e+02 1.075406715391e-05
1.037000000000e+02 1.156049827970e-05
1.038000000000e+02 1.234180979629e-05
1.039000000000e+02 1.309964242185e-05
1.040000000000e+02 1.384103151620e-05
1.041000000000e+02 1.456521281542e-05
1.042000000000e+02 1.527548822382e-05
1.043000000000e+02 1.597889289873e-05
1.044000000000e+02 1.667431407850e-05
1.045000000000e+02 1.736558438198e-05
1.046000000000e+02 1.805842540643e-05
1.047000000000e+02 1.875032811751e-05
1.048000000000e+02 1.944441569429e-05
1.049000000000e+02 2.014381423771e-05
1.050000000000e+02 2.084370695144e-05
1.051000000000e+02 2.154550882503e-05
1.052000000000e+02 2.224893124542e-05
1.053000000000e+02 2.294655493480e-05
1.054000000000e+02 2.363784789870e-05
1.055000000000e+02 2.431925898628e-05
1.056000000000e+02 2.498152911214e-05
1.057000000000e+02 2.562304292159e-05
1.058000000000e+02 2.623829899798e-05
1.059000000000e+02 2.681801094746e-05
1.060000000000e+02 2.736123825342e-05
1.061000000000e+02 2.786257295261e-05
1.062000000000e+02 2.831492287511e-05
1.063000000000e+02 2.871987101549e-05
1.064000000000e+02 2.907394233322e-05
1.065000000000e+02 2.937386235601e-05
1.066000000000e+02 2.962468289020e-05
1.067000000000e+02 2.982557058094e-05
1.068000000000e+02 2.997730776902e-05
1.069000000000e+02 3.008788275272e-05
1.070000000000e+02 3.015834478679e-05
1.071000000000e+02 3.019231941440e-05
1.072000000000e+02 3.019893699211e-05
1.073000000000e+02 3.017936583086e-05
1.074000000000e+02 3.013809369707e-05
1.075000000000e+02 3.008319807848e-05
1.076000000000e+02 3.001415233453e-05
1.077000000000e+02 2.993454772898e-05
1.078000000000e+02 2.984977312643e-05
1.079000000000e+02 2.975659142610e-05
1.080000000000e+02 2.965686259315e-05
1.081000000000e+02 2.955272813371e-05
1.082000000000e+02 2.943832296344e-05
1.083000000000e+02 2.931396312161e-05
1.084000000000e+02 2.917897191942e-05
1.085000000000e+02 2.902577746808e-05
1.086000000000e+02 2.885399178007e-05
1.087000000000e+02 2.866109560234e-05
1.088000000000e+02 2.843909146294e-05
1.089000000000e+02 2.818792440350e-05
1.090000000000e+02 2.790434596930e-05
1.091000000000e+02 2.758122553614e-05
1.092000000000e+02 2.721981201599e-05
1.093000000000e+02 2.681718232716e-05
1.094000000000e+02 2.636822713385e-05
1.095000000000e+02 2.587629775634e-05
1.096000000000e+02 2.533968830354e-05
1.097000000000e+02 2.475619822249e-05
1.098000000000e+02 2.413174814486e-05
1.099000000000e+02 2.346635866181e-05
1.100000000000e+02 2.276108040102e-05
1.101000000000e+02 2.202422791790e-05
1.102000000000e+02 2.125733596816e-05
1.103000000000e+02 2.046417495090e-05
1.104000000000e+02 1.965436735357e-05
1.105000000000e+02 1.882984338237e-05
1.106000000000e+02 1.799563459872e-05
1.107000000000e+02 1.716079147850e-05
1.108000000000e+02 1.632590141720e-05
1.109000000000e+02 1.549534551609e-05
1.110000000000e+02 1.467558239491e-05
1.111000000000e+02 1.386428422820e-05
1.112000000000e+02 1.306370235602e-05
1.113000000000e+02 1.227647247943e-05
1.114000000000e+02 1.149683574546e-05
1.115000000000e+02 1.072466954991e-05
1.116000000000e+02 9.958992571257e-06
1.117000000000e+02 9.191581381082e-06
1.118000000000e+02 8.421113282949e-06
1.119000000000e+02 7.644548149795e-06
1.120000000000e+02 6.853283601924e-06
1.121000000000e+02 6.046787642708e-06
1.122000000000e+02 5.222064577158e-06
1.123000000000e+02 4.372373422517e-06
1.124000000000e+02 3.499746579738e-06
1.125000000000e+02 2.602838990338e-06
1.126000000000e+02 1.678183145591e-06
1.127000000000e+02 7.310908108864e-07
1.128000000000e+02 -2.376858325546e-07
1.129000000000e+02 -1.228206140270e-06
1.130000000000e+02 -2.232424247109e-06
1.131000000000e+02 -3.248177258077e-06
1.132000000000e+02 -4.273024199541e-06
1.133000000000e+02 -5.297569355368e-06
1.134000000000e+02 -6.319515904680e-06
1.135000000000e+02 -7.335255915659e-06
1.136000000000e+02 -8.335618170637e-06
1.137000000000e+02 -9.319426062041e-06
1.138000000000e+02 -1.028311752281e-05
1.139000000000e+02 -1.121904915680e-05
1.140000000000e+02 -1.212805223764e-05
1.141000000000e+02 -1.300746408922e-05
1.142000000000e+02 -1.385204922719e-05
1.143000000000e+02 -1.466509792584e-05
1.144000000000e+02 -1.544531112496e-05
1.145000000000e+02 -1.619029693761e-05
1.146000000000e+02 -1.690579733586e-05
1.147000000000e+02 -1.759189428745e-05
1.148000000000e+02 -1.824893027259e-05
1.149000000000e+02 -1.888450730360e-05
1.150000000000e+02 -1.949950357460e-05
1.151000000000e+02 -2.009618632950e-05
1.152000000000e+02 -2.068273003512e-05
1.153000000000e+02 -2.125957029860e-05
1.154000000000e+02 -2.182943843972e-05
1.155000000000e+02 -2.239928417072e-05
1.156000000000e+02 -2.296753002713e-05
1.157000000000e+02 -2.353573283550e-05
1.158000000000e+02 -2.410792894403e-05
1.159000000000e+02 -2.467934255341e-05
1.160000000000e+02 -2.524932749301e-05
1.161000000000e+02 -2.581823523894e-05
1.162000000000e+02 -2.637804397332e-05
1.163000000000e+02 -2.692613662092e-05
1.164000000000e+02 -2.745981619424e-05
1.165000000000e+02 -2.796917327422e-05
1.166000000000e+02 -2.845114265157e-05
1.167000000000e+02 -2.890179527114e-05
1.168000000000e+02 -2.931160653360e-05
1.169000000000e+02 -2.967916636331e-05
1.170000000000e+02 -3.000141818471e-05
1.171000000000e+02 -3.027138488441e-05
1.172000000000e+02 -3.049092807751e-05
1.173000000000e+02 -3.065921068599e-05
1.174000000000e+02 -3.077289886902e-05
1.175000000000e+02 -3.083746919834e-05
1.176000000000e+02 -3.085431416506e-05
1.177000000000e+02 -3.082342996997e-05
1.178000000000e+02 -3.075290488150e-05
1.179000000000e+02 -3.064520772999e-05
1.180000000000e+02 -3.050233736130e-05
1.181000000000e+02 -3.033323202533e-05
1.182000000000e+02 -3.013982991376e-05
1.183000000000e+02 -2.992456664854e-05
1.184000000000e+02 -2.969550443473e-05
1.185000000000e+02 -2.945272859141e-05
1.186000000000e+02 -2.919795115453e-05
1.187000000000e+02 -2.893719572356e-05
1.188000000000e+02 -2.866803371934e-05
1.189000000000e+02 -2.839093196825e-05
1.190000000000e+02 -2.810938423420e-05
1.191000000000e+02 -2.781843636524e-05
1.192000000000e+02 -2.751734125825e-05
1.193000000000e+02 -2.720712120334e-05
1.194000000000e+02 -2.688079090445e-05
1.195000000000e+02 -2.653685017623e-05
1.196000000000e+02 -2.617437154688e-05
1.197000000000e+02 -2.578528120606e-05
1.198000000000e+02 -2.536819754079e-05
1.199000000000e+02 -2.492122879090e-05
1.200000000000e+02 -2.443658574903e-05
1.201000000000e+02 -2.391424162199e-05
1.202000000000e+02 -2.335267885940e-05
1.203000000000e+02 -2.274598571758e-05
1.204000000000e+02 -2.209678236780e-05
1.205000000000e+02 -2.140519459002e-05
1.206000000000e+02 -2.066846610552e-05
1.207000000000e+02 -1.989260658015e-05
1.208000000000e+02 -1.907993267142e-05
1.209000000000e+02 -1.823115093463e-05
1.210000000000e+02 -1.735526399257e-05
1.211000000000e+02 -1.645612139101e-05
1.212000000000e+02 -1.553690137004e-05
1.213000000000e+02 -1.460794933301e-05
1.214000000000e+02 -1.367289347882e-05
1.215000000000e+02 -1.273543989237e-05
1.216000000000e+02 -1.180495924225e-05
1.217000000000e+02 -1.088278748299e-05
1.218000000000e+02 -9.971195309169e-06
1.219000000000e+02 -9.076629867736e-06
1.220000000000e+02 -8.196797540575e-06
1.221000000000e+02 -7.331550339423e-06
1.222000000000e+02 -6.483716726440e-06
1.223000000000e+02 -5.647460076284e-06
1.224000000000e+02 -4.820671262173e-06
1.225000000000e+02 -4.003324686540e-06
1.226000000000e+02 -3.187475459660e-06
1.227000000000e+02 -2.370620502469e-06
1.228000000000e+02 -1.551550654927e-06
1.229000000000e+02 -7.222523934382e-07
1.230000000000e+02 1.183505577488e-07
1.231000000000e+02 9.709805367802e-07
1.232000000000e+02 1.841978798491e-06
1.233000000000e+02 2.729742664186e-06
1.234000000000e+02 3.633534170998e-06
1.235000000000e+02 4.557126650806e-06
1.236000000000e+02 5.495914140034e-06
1.237000000000e+02 6.447600531469e-06
1.238000000000e+02 7.413360505298e-06
1.239000000000e+02 8.386057864184e-06
1.240000000000e+02 9.362383797564e-06
1.241000000000e+02 1.034145957602e-05
1.242000000000e+02 1.131456572416e-05
1.243000000000e+02 1.227826027670e-05
1.244000000000e+02 1.323046397577e-05
1.245000000000e+02 1.416206594459e-05
1.246000000000e+02 1.507053466977e-05
1.247000000000e+02 1.595362826846e-05
1.248000000000e+02 1.680317367517e-05
1.249000000000e+02 1.761865678651e-05
1.250000000000e+02 1.839877004799e-05
1.251000000000e+02 1.913755820820e-05
1.252000000000e+02 1.983744760747e-05
1.253000000000e+02 2.049889513780e-05
1.254000000000e+02 2.111898465257e-05
1.255000000000e+02 2.170336478324e-05
1.256000000000e+02 2.225433290527e-05
1.257000000000e+02 2.277189164881e-05
1.258000000000e+02 2.326413660557e-05
1.259000000000e+02 2.373421164141e-05
1.260000000000e+02 2.418380242569e-05
1.261000000000e+02 2.462163889655e-05
1.262000000000e+02 2.504986782249e-05
1.263000000000e+02 2.546993637292e-05
1.264000000000e+02 2.588899922294e-05
1.265000000000e+02 2.630631598041e-05
1.266000000000e+02 2.672141246322e-05
1.267000000000e+02 2.713825961765e-05
1.268000000000e+02 2.755227786375e-05
1.269000000000e+02 2.796053529588e-05
1.270000000000e+02 2.836358410813e-05
1.271000000000e+02 2.875355306410e-05
1.272000000000e+02 2.912598082549e-05
1.273000000000e+02 2.947919365770e-05
1.274000000000e+02 2.980384478057e-05
1.275000000000e+02 3.009585229025e-05
1.276000000000e+02 3.035323934614e-05
1.277000000000e+02 3.056739373915e-05
1.278000000000e+02 3.073653101956e-05
1.279000000000e+02 3.086002556768e-05
1.280000000000e+02 3.093163451177e-05
1.281000000000e+02 3.095293948287e-05
1.282000000000e+02 3.092535213982e-05
1.283000000000e+02 3.084554244395e-05
1.284000000000e+02 3.071838203388e-05
1.285000000000e+02 3.054695421391e-05
1.286000000000e+02 3.033039748302e-05
1.287000000000e+02 3.007592990151e-05
1.288000000000e+02 2.978728796938e-05
1.289000000000e+02 2.946511298862e-05
1.290000000000e+02 2.911766267664e-05
1.291000000000e+02 2.874814183122e-05
1.292000000000e+02 2.835763981567e-05
1.293000000000e+02 2.795415567208e-05
1.294000000000e+02 2.753929700137e-05
1.295000000000e+02 2.711366224572e-05
1.296000000000e+02 2.668385533425e-05
1.297000000000e+02 2.624904771289e-05
1.298000000000e+02 2.580861549378e-05
1.299000000000e+02 2.536690760102e-05
1.300000000000e+02 2.492018869871e-05
1.301000000000e+02 2.446627924808e-05
1.302000000000e+02 2.400694063127e-05
1.303000000000e+02 2.353571256101e-05
1.304000000000e+02 2.304923035515e-05
1.305000000000e+02 2.254716561304e-05
1.306000000000e+02 2.202141239667e-05
1.307000000000e+02 2.146865647479e-05
1.308000000000e+02 2.088785032142e-05
1.309000000000e+02 2.027109495980e-05
1.310000000000e+02 1.961693251903e-05
1.311000000000e+02 1.892536992491e-05
1.312000000000e+02 1.819069493559e-05
1.313000000000e+02 1.741490532478e-05
1.314000000000e+02 1.660037162665e-05
1.315000000000e+02 1.574476214848e-05
1.316000000000e+02 1.485404675744e-05
1.317000000000e+02 1.393302484029e-05
1.318000000000e+02 1.298252250128e-05
1.319000000000e+02 1.201150472852e-05
1.320000000000e+02 1.102585831129e-05
1.321000000000e+02 1.002802630925e-05
1.322000000000e+02 9.027874294472e-06
1.323000000000e+02 8.030246556395e-06
1.324000000000e+02 7.037160105349e-06
1.325000000000e+02 6.057141129637e-06
1.326000000000e+02 5.092117859043e-06
1.327000000000e+02 4.142180062206e-06
1.328000000000e+02 3.213114765434e-06
1.329000000000e+02 2.303161780571e-06
1.330000000000e+02 1.410178649154e-06
1.331000000000e+02 5.370945617500e-07
1.332000000000e+02 -3.210166076307e-07
1.333000000000e+02 -1.167682983823e-06
1.334000000000e+02 -2.001922948622e-06
1.335000000000e+02 -2.830452311966e-06
1.336000000000e+02 -3.656757777724e-06
1.337000000000e+02 -4.480506287696e-06
1.338000000000e+02 -5.308645228166e-06
1.339000000000e+02 -6.143253051503e-06
1.340000000000e+02 -6.983521909791e-06
1.341000000000e+02 -7.835366908125e-06
1.342000000000e+02 -8.698511040691e-06
1.343000000000e+02 -9.570965490321e-06
1.344000000000e+02 -1.045679394862e-05
1.345000000000e+02 -1.135290145765e-05
1.346000000000e+02 -1.225584085873e-05
1.347000000000e+02 -1.316745097255e-05
1.348000000000e+02 -1.408184079861e-05
1.349000000000e+02 -1.499428104824e-05
1.350000000000e+02 -1.590452893762e-05
1.351000000000e+02 -1.680450202627e-05
1.352000000000e+02 -1.768894087134e-05
1.353000000000e+02 -1.855631146702e-05
1.354000000000e+02 -1.939761892048e-05
1.355000000000e+02 -2.020843355855e-05
1.356000000000e+02 -2.098731173854e-05
1.357000000000e+02 -2.172611171674e-05
1.358000000000e+02 -2.242287833755e-05
1.359000000000e+02 -2.307776953949e-05
1.360000000000e+02 -2.368514478234e-05
1.361000000000e+02 -2.424674954777e-05
1.362000000000e+02 -2.476521961034e-05
1.363000000000e+02 -2.523815907421e-05
1.364000000000e+02 -2.567108778627e-05
1.365000000000e+02 -2.606873519081e-05
1.366000000000e+02 -2.643131794750e-05
1.367000000000e+02 -2.676679945170e-05
1.368000000000e+02 -2.708034767791e-05
1.369000000000e+02 -2.737302231588e-05
1.370000000000e+02 -2.765299430275e-05
1.371000000000e+02 -2.792366638379e-05
1.372000000000e+02 -2.818492956342e-05
1.373000000000e+02 -2.844304586470e-05
1.374000000000e+02 -2.869797137648e-05
1.375000000000e+02 -2.894721543328e-05
1.376000000000e+02 -2.919408688858e-05
1.377000000000e+02 -2.943471917640e-05
1.378000000000e+02 -2.966439170776e-05
1.379000000000e+02 -2.988381691123e-05
1.380000000000e+02 -3.008629610309e-05
1.381000000000e+02 -3.026620064253e-05
1.382000000000e+02 -3.042299146829e-05
1.383000000000e+02 -3.054888924583e-05
1.384000000000e+02 -3.063911388925e-05
1.385000000000e+02 -3.069341196954e-05
1.386000000000e+02 -3.070462319146e-05
1.387000000000e+02 -3.067024618864e-05
1.388000000000e+02 -3.059138464916e-05
1.389000000000e+02 -3.046260830247e-05
1.390000000000e+02 -3.028441398797e-05
1.391000000000e+02 -3.005964049644e-05
1.392000000000e+02 -2.978500997246e-05
1.393000000000e+02 -2.946404656817e-05
1.394000000000e+02 -2.910111647836e-05
1.395000000000e+02 -2.869497507262e-05
1.396000000000e+02 -2.825168154296e-05
1.397000000000e+02 -2.777649326060e-05
1.398000000000e+02 -2.726965391236e-05
1.399000000000e+02 -2.673882862355e-05
1.400000000000e+02 -2.618915068386e-05
1.401000000000e+02 -2.562140205130e-05
1.402000000000e+02 -2.504352009789e-05
1.403000000000e+02 -2.445918012637e-05
1.404000000000e+02 -2.386845898150e-05
1.405000000000e+02 -2.327803346287e-05
1.406000000000e+02 -2.268877191121e-05
1.407000000000e+02 -2.209891450202e-05
1.408000000000e+02 -2.151265937022e-05
1.409000000000e+02 -2.092728904933e-05
1.410000000000e+02 -2.033881111148e-05
1.411000000000e+02 -1.974867246924e-05
1.412000000000e+02 -1.915092969644e-05
1.413000000000e+02 -1.854015472586e-05
1.414000000000e+02 -1.791602444728e-05
1.415000000000e+02 -1.727096949051e-05
1.416000000000e+02 -1.659999076421e-05
1.417000000000e+02 -1.590287657183e-05
1.418000000000e+02 -1.517268230667e-05
1.419000000000e+02 -1.440698464588e-05
1.420000000000e+02 -1.360753563766e-05
1.421000000000e+02 -1.276988724468e-05
1.422000000000e+02 -1.189557423972e-05
1.423000000000e+02 -1.098914800149e-05
1.424000000000e+02 -1.004927619650e-05
1.425000000000e+02 -9.081387142508e-06
1.426000000000e+02 -8.092206557814e-06
1.427000000000e+02 -7.082694979129e-06
1.428000000000e+02 -6.060752326456e-06
1.429000000000e+02 -5.033544562477e-06
1.430000000000e+02 -4.002630599959e-06
1.431000000000e+02 -2.976361399610e-06
1.432000000000e+02 -1.960379041807e-06
1.433000000000e+02 -9.551970491324e-07
1.434000000000e+02 3.208597775132e-08
1.435000000000e+02 9.987083055701e-07
1.436000000000e+02 1.946091481630e-06
1.437000000000e+02 2.869226708055e-06
1.438000000000e+02 3.768619892967e-06
1.439000000000e+02 4.647594703712e-06
1.440000000000e+02 5.503197888304e-06
1.441000000000e+02 6.338765460569e-06
1.442000000000e+02 7.158824940115e-06
1.443000000000e+02 7.961887875401e-06
1.444000000000e+02 8.753207257113e-06
1.445000000000e+02 9.537493796736e-06
1.446000000000e+02 1.031387389329e-05
1.447000000000e+02 1.108838074007e-05
1.448000000000e+02 1.186476126495e-05
1.449000000000e+02 1.264178627407e-05
1.450000000000e+02 1.342502481152e-05
1.451000000000e+02 1.421609483855e-05
1.452000000000e+02 1.501244119229e-05
1.453000000000e+02 1.581799211790e-05
1.454000000000e+02 1.663128891668e-05
1.455000000000e+02 1.744778240941e-05
1.456000000000e+02 1.826903345744e-05
1.457000000000e+02 1.909020953931e-05
1.458000000000e+02 1.990485765377e-05
1.459000000000e+02 2.071234999827e-05
1.460000000000e+02 2.150522789068e-05
1.461000000000e+02 2.227627389639e-05
1.462000000000e+02 2.302391176602e-05
1.463000000000e+02 2.373981865057e-05
1.464000000000e+02 2.441796830824e-05
1.465000000000e+02 2.505770588751e-05
1.466000000000e+02 2.565198422149e-05
1.467000000000e+02 2.619793806120e-05
1.468000000000e+02 2.669741923251e-05
1.469000000000e+02 2.714618948163e-05
1.470000000000e+02 2.754555355015e-05
1.471000000000e+02 2.790027889105e-05
1.472000000000e+02 2.820910645222e-05
1.473000000000e+02 2.847701023351e-05
1.474000000000e+02 2.871060776694e-05
1.475000000000e+02 2.891038899878e-05
1.476000000000e+02 2.908322946683e-05
1.477000000000e+02 2.923555946582e-05
1.478000000000e+02 2.936769990567e-05
1.479000000000e+02 2.948627938770e-05
1.480000000000e+02 2.959552000837e-05
1.481000000000e+02 2.969397600177e-05
1.482000000000e+02 2.978647353911e-05
1.483000000000e+02 2.987388779877e-05
1.484000000000e+02 2.995242867688e-05
1.485000000000e+02 3.002466998009e-05
1.486000000000e+02 3.008817677970e-05
1.487000000000e+02 3.013732507841e-05
1.488000000000e+02 3.017296895790e-05
1.489000000000e+02 3.019028105660e-05
1.490000000000e+02 3.018297718126e-05
1.491000000000e+02 3.015121383795e-05
1.492000000000e+02 3.008904072054e-05
1.493000000000e+02 2.999083282943e-05
1.494000000000e+02 2.985710315972e-05
1.495000000000e+02 2.968200955210e-05
1.496000000000e+02 2.946174469803e-05
1.497000000000e+02 2.919804873170e-05
1.498000000000e+02 2.888622507591e-05
1.499000000000e+02 2.852517316722e-05
1.500000000000e+02 2.811846671990e-05
1.501000000000e+02 2.766330194384e-05
1.502000000000e+02 2.716178040166e-05
1.503000000000e+02 2.661948935116e-05
1.504000000000e+02 2.603575423596e-05
1.505000000000e+02 2.541572352443e-05
1.506000000000e+02 2.476647808987e-05
1.507000000000e+02 2.408892302618e-05
1.508000000000e+02 2.339022233003e-05
1.509000000000e+02 2.267759200849e-05
1.510000000000e+02 2.195215330172e-05
1.511000000000e+02 2.122130766459e-05
1.512000000000e+02 2.049051009117e-05
1.513000000000e+02 1.975938665513e-05
1.514000000000e+02 1.903368748750e-05
1.515000000000e+02 1.831544140817e-05
1.516000000000e+02 1.760157065551e-05
1.517000000000e+02 1.689506804003e-05
1.518000000000e+02 1.619396365375e-05
1.519000000000e+02 1.549252850552e-05
1.520000000000e+02 1.479128514696e-05
1.521000000000e+02 1.408518137909e-05
1.522000000000e+02 1.336729408860e-05
1.523000000000e+02 1.263724102241e-05
1.524000000000e+02 1.188890714488e-05
1.525000000000e+02 1.111640379265e-05
1.526000000000e+02 1.032046204567e-05
1.527000000000e+02 9.496049276617e-06
1.528000000000e+02 8.640256532082e-06
1.529000000000e+02 7.756352198581e-06
1.530000000000e+02 6.841673933846e-06
1.531000000000e+02 5.897108110667e-06
1.532000000000e+02 4.928641654881e-06
1.533000000000e+02 3.935982100713e-06
1.534000000000e+02 2.923311917277e-06
1.535000000000e+02 1.898337986841e-06
1.536000000000e+02 8.621222699146e-07
1.537000000000e+02 -1.792113515535e-07
1.538000000000e+02 -1.217816449515e-06
1.539000000000e+02 -2.252641106721e-06
1.540000000000e+02 -3.277137747548e-06
1.541000000000e+02 -4.284816042409e-06
1.542000000000e+02 -5.275762549134e-06
1.543000000000e+02 -6.244197045758e-06
1.544000000000e+02 -7.186022161834e-06
1.545000000000e+02 -8.103109397749e-06
1.546000000000e+02 -8.991164378726e-06
1.547000000000e+02 -9.849000819217e-06
1.548000000000e+02 -1.068044511888e-05
1.549000000000e+02 -1.148295705952e-05
1.550000000000e+02 -1.225828242912e-05
1.551000000000e+02 -1.301190147148e-05
1.552000000000e+02 -1.374280789735e-05
1.553000000000e+02 -1.445513249186e-05
1.554000000000e+02 -1.515514615830e-05
1.555000000000e+02 -1.584256279597e-05
1.556000000000e+02 -1.652270761301e-05
1.557000000000e+02 -1.720120291534e-05
1.558000000000e+02 -1.787714094929e-05
1.559000000000e+02 -1.855539499726e-05
1.560000000000e+02 -1.923924622353e-05
1.561000000000e+02 -1.992574617215e-05
1.562000000000e+02 -2.061779978557e-05
1.563000000000e+02 -2.131508951644e-05
1.564000000000e+02 -2.201187268777e-05
1.565000000000e+02 -2.270846170413e-05
1.566000000000e+02 -2.340083201995e-05
1.567000000000e+02 -2.408096022113e-05
1.568000000000e+02 -2.474728359964e-05
1.569000000000e+02 -2.539334988746e-05
1.570000000000e+02 -2.601062739827e-05
1.571000000000e+02 -2.659748501893e-05
1.572000000000e+02 -2.714720433609e-05
1.573000000000e+02 -2.765304509136e-05
1.574000000000e+02 -2.811530358953e-05
1.575000000000e+02 -2.852901556479e-05
1.576000000000e+02 -2.889098617762e-05
1.577000000000e+02 -2.920458757141e-05
1.578000000000e+02 -2.946754460690e-05
1.579000000000e+02 -2.968063649214e-05
1.580000000000e+02 -2.985005744777e-05
1.581000000000e+02 -2.997575742721e-05
1.582000000000e+02 -3.006154322977e-05
1.583000000000e+02 -3.011498879581e-05
1.584000000000e+02 -3.013684033694e-05
1.585000000000e+02 -3.013223393974e-05
1.586000000000e+02 -3.010825176090e-05
1.587000000000e+02 -3.006486106221e-05
1.588000000000e+02 -3.000690577889e-05
1.589000000000e+02 -2.993945682632e-05
1.590000000000e+02 -2.986065256815e-05
1.591000000000e+02 -2.977404345166e-05
1.592000000000e+02 -2.968191417822e-05
1.593000000000e+02 -2.958027592902e-05
1.594000000000e+02 -2.947109267923e-05
1.595000000000e+02 -2.935380048912e-05
1.596000000000e+02 -2.922260799782e-05
1.597000000000e+02 -2.907813492469e-05
1.598000000000e+02 -2.891742601186e-05
1.599000000000e+02 -2.873364526232e-05
1.600000000000e+02 -2.852669651986e-05
1.601000000000e+02 -2.829209996575e-05
1.602000000000e+02 -2.802308863343e-05
1.603000000000e+02 -2.771982202704e-05
1.604000000000e+02 -2.737752785481e-05
1.605000000000e+02 -2.699090469143e-05
1.606000000000e+02 -2.656156651338e-05
1.607000000000e+02 -2.608584742755e-05
1.608000000000e+02 -2.556129534868e-05
1.609000000000e+02 -2.499201741837e-05
1.610000000000e+02 -2.437652989572e-05
1.611000000000e+02 -2.371603526527e-05
1.612000000000e+02 -2.301741444998e-05
1.613000000000e+02 -2.228151656373e-05
1.614000000000e+02 -2.151287878693e-05
1.615000000000e+02 -2.072024562770e-05
1.616000000000e+02 -1.990573793981e-05
1.617000000000e+02 -1.907569345111e-05
1.618000000000e+02 -1.823875911737e-05
1.619000000000e+02 -1.739641804882e-05
1.620000000000e+02 -1.655465049738e-05
1.621000000000e+02 -1.571978243686e-05
1.622000000000e+02 -1.489082809772e-05
1.623000000000e+02 -1.407164914171e-05
1.624000000000e+02 -1.326480776117e-05
1.625000000000e+02 -1.246607493627e-05
1.626000000000e+02 -1.167668808860e-05
1.627000000000e+02 -1.089545536812e-05
1.628000000000e+02 -1.011561560833e-05
1.629000000000e+02 -9.336704298158e-06
1.630000000000e+02 -8.555136064335e-06
1.631000000000e+02 -7.763443473789e-06
1.632000000000e+02 -6.961219602291e-06
1.633000000000e+02 -6.144424173650e-06
1.634000000000e+02 -5.306926375286e-06
1.635000000000e+02 -4.450034185268e-06
1.636000000000e+02 -3.570843238224e-06
1.637000000000e+02 -2.665967369711e-06
1.638000000000e+02 -1.739273041502e-06
1.639000000000e+02 -7.896865304149e-07
1.640000000000e+02 1.830221033972e-07
1.641000000000e+02 1.172558409965e-06
1.642000000000e+02 2.178356270235e-06
1.643000000000e+02 3.197914944825e-06
1.644000000000e+02 4.223335069315e-06
1.645000000000e+02 5.253141879437e-06
1.646000000000e+02 6.282992505769e-06
1.647000000000e+02 7.304524928848e-06
1.648000000000e+02 8.316299729331e-06
1.649000000000e+02 9.313208759194e-06
1.650000000000e+02 1.028766830785e-05
1.651000000000e+02 1.123927397220e-05
1.652000000000e+02 1.216329443835e-05
1.653000000000e+02 1.305415005071e-05
1.654000000000e+02 1.391340972788e-05
1.655000000000e+02 1.473776561080e-05
1.656000000000e+02 1.552463012911e-05
1.657000000000e+02 1.627814126124e-05
1.658000000000e+02 1.699701185554e-05
1.659000000000e+02 1.768198850331e-05
1.660000000000e+02 1.833960457017e-05
1.661000000000e+02 1.897031643220e-05
1.662000000000e+02 1.957752842823e-05
1.663000000000e+02 2.016895870532e-05
1.664000000000e+02 2.074551838325e-05
1.665000000000e+02 2.131161323481e-05
1.666000000000e+02 2.187414101789e-05
1.667000000000e+02 2.243260348347e-05
1.668000000000e+02 2.299040226247e-05
1.669000000000e+02 2.355161268330e-05
1.670000000000e+02 2.411279334151e-05
1.671000000000e+02 2.467495624406e-05
1.672000000000e+02 2.523831942840e-05
1.673000000000e+02 2.579617035852e-05
1.674000000000e+02 2.634710223666e-05
1.675000000000e+02 2.688794347992e-05
1.676000000000e+02 2.740986953654e-05
1.677000000000e+02 2.791040101036e-05
1.678000000000e+02 2.838469235152e-05
1.679000000000e+02 2.882393410357e-05
1.680000000000e+02 2.922656558156e-05
1.681000000000e+02 2.958813477728e-05
1.682000000000e+02 2.990194113982e-05
1.683000000000e+02 3.016896034591e-05
1.684000000000e+02 3.038657542288e-05
1.685000000000e+02 3.055138149509e-05
1.686000000000e+02 3.066743360776e-05
1.687000000000e+02 3.073426096845e-05
1.688000000000e+02 3.075174696234e-05
1.689000000000e+02 3.072643796241e-05
1.690000000000e+02 3.065933243686e-05
1.691000000000e+02 3.055271274872e-05
1.692000000000e+02 3.041434760700e-05
1.693000000000e+02 3.024556232263e-05
1.694000000000e+02 3.004981983862e-05
1.695000000000e+02 2.983470683435e-05
1.696000000000e+02 2.960075205108e-05
1.697000000000e+02 2.935145897252e-05
1.698000000000e+02 2.909301713450e-05
1.699000000000e+02 2.882428205160e-05
1.700000000000e+02 2.854789167132e-05
1.701000000000e+02 2.826771990310e-05
1.702000000000e+02 2.798039061751e-05
1.703000000000e+02 2.768708086096e-05
1.704000000000e+02 2.738883227610e-05
1.705000000000e+02 2.707993318387e-05
1.706000000000e+02 2.676000324034e-05
1.707000000000e+02 2.642736752840e-05
1.708000000000e+02 2.607457255814e-05
1.709000000000e+02 2.570032772721e-05
1.710000000000e+02 2.530119463436e-05
1.711000000000e+02 2.486938871007e-05
1.712000000000e+02 2.440411251612e-05
1.713000000000e+02 2.390182126515e-05
1.714000000000e+02 2.335632303428e-05
1.715000000000e+02 2.276900956964e-05
1.716000000000e+02 2.213796748708e-05
1.717000000000e+02 2.146027582170e-05
1.718000000000e+02 2.074066893295e-05
1.719000000000e+02 1.997981204388e-05
1.720000000000e+02 1.917864318606e-05
1.721000000000e+02 1.834511046804e-05
1.722000000000e+02 1.748202694234e-05
1.723000000000e+02 1.659330688835e-05
1.724000000000e+02 1.568857508606e-05
1.725000000000e+02 1.477111542265e-05
1.726000000000e+02 1.384586027192e-05
1.727000000000e+02 1.292181172614e-05
1.728000000000e+02 1.200063947816e-05
1.729000000000e+02 1.108624134894e-05
1.730000000000e+02 1.018499617059e-05
1.731000000000e+02 9.295518011862e-06
1.732000000000e+02 8.419503202969e-06
1.733000000000e+02 7.559852125567e-06
1.734000000000e+02 6.711969298459e-06
1.735000000000e+02 5.875486290036e-06
1.736000000000e+02 5.050289726459e-06
1.737000000000e+02 4.229629541091e-06
1.738000000000e+02 3.412217870710e-06
1.739000000000e+02 2.596235356553e-06
1.740000000000e+02 1.774419885068e-06
1.741000000000e+02 9.460243849170e-07
1.742000000000e+02 1.089609452665e-07
1.743000000000e+02 -7.430042667664e-07
1.744000000000e+02 -1.608909212708e-06
1.745000000000e+02 -2.490045110603e-06
1.746000000000e+02 -3.390564802054e-06
1.747000000000e+02 -4.307171362065e-06
1.748000000000e+02 -5.239804786205e-06
1.749000000000e+02 -6.190024846681e-06
1.750000000000e+02 -7.152097664331e-06
1.751000000000e+02 -8.124520923690e-06
1.752000000000e+02 -9.106243979818e-06
1.753000000000e+02 -1.008948265353e-05
1.754000000000e+02 -1.107166914595e-05
1.755000000000e+02 -1.204966373510e-05
1.756000000000e+02 -1.301456973838e-05
1.757000000000e+02 -1.396367532782e-05
1.758000000000e+02 -1.489286974342e-05
1.759000000000e+02 -1.579363120306e-05
1.760000000000e+02 -1.666449411935e-05
1.761000000000e+02 -1.750190647936e-05
1.762000000000e+02 -1.829943934426e-05
1.763000000000e+02 -1.905828959173e-05
1.764000000000e+02 -1.977683810956e-05
1.765000000000e+02 -2.045202618245e-05
1.766000000000e+02 -2.108843369183e-05
1.767000000000e+02 -2.168685728648e-05
1.768000000000e+02 -2.224775105847e-05
1.769000000000e+02 -2.277852260496e-05
1.770000000000e+02 -2.328155061447e-05
1.771000000000e+02 -2.375958691256e-05
1.772000000000e+02 -2.422105883013e-05
1.773000000000e+02 -2.466804391517e-05
1.774000000000e+02 -2.510352944626e-05
1.775000000000e+02 -2.553463990604e-05
1.776000000000e+02 -2.596112488332e-05
1.777000000000e+02 -2.638431857808e-05
1.778000000000e+02 -2.680827801630e-05
1.779000000000e+02 -2.722928826998e-05
1.780000000000e+02 -2.764624941138e-05
1.781000000000e+02 -2.805971762971e-05
1.782000000000e+02 -2.846281255835e-05
1.783000000000e+02 -2.885262269429e-05
1.784000000000e+02 -2.922713688312e-05
1.785000000000e+02 -2.957781379361e-05
1.786000000000e+02 -2.990150076462e-05
1.787000000000e+02 -3.019527956862e-05
1.788000000000e+02 -3.045087684308e-05
1.789000000000e+02 -3.066657435312e-05
1.790000000000e+02 -3.084008922425e-05
1.791000000000e+02 -3.096497139961e-05
1.792000000000e+02 -3.104203053691e-05
1.793000000000e+02 -3.107049490449e-05
1.794000000000e+02 -3.104652201325e-05
1.795000000000e+02 -3.097373479102e-05
1.796000000000e+02 -3.085300630480e-05
1.797000000000e+02 -3.068316021709e-05
1.798000000000e+02 -3.047025757276e-05
1.799000000000e+02 -3.021640877452e-05
1.800000000000e+02 -2.992265449338e-05
1.801000000000e+02 -2.959667752955e-05
1.802000000000e+02 -2.924106046745e-05
1.803000000000e+02 -2.885824061200e-05
1.804000000000e+02 -2.845636765613e-05
1.805000000000e+02 -2.803744046211e-05
1.806000000000e+02 -2.760415787942e-05
1.807000000000e+02 -2.716372517551e-05
1.808000000000e+02 -2.671633073023e-05
1.809000000000e+02 -2.626367518851e-05
1.810000000000e+02 -2.581063770030e-05
1.811000000000e+02 -2.535457160093e-05
1.812000000000e+02 -2.489525941005e-05
1.813000000000e+02 -2.443444462647e-05
1.814000000000e+02 -2.396639613985e-05
1.815000000000e+02 -2.348897044656e-05
1.816000000000e+02 -2.300106209171e-05
1.817000000000e+02 -2.249479257517e-05
1.818000000000e+02 -2.196726023563e-05
1.819000000000e+02 -2.141596898978e-05
1.820000000000e+02 -2.083286476341e-05
1.821000000000e+02 -2.021625840771e-05
1.822000000000e+02 -1.956430396288e-05
1.823000000000e+02 -1.887098945577e-05
1.824000000000e+02 -1.813768438820e-05
1.825000000000e+02 -1.736480455862e-05
1.826000000000e+02 -1.654980942856e-05
1.827000000000e+02 -1.569788006328e-05
1.828000000000e+02 -1.481203366856e-05
1.829000000000e+02 -1.389318147352e-05
1.830000000000e+02 -1.294956030043e-05
1.831000000000e+02 -1.198570377049e-05
1.832000000000e+02 -1.100462252258e-05
1.833000000000e+02 -1.001573164965e-05
1.834000000000e+02 -9.023183282296e-06
1.835000000000e+02 -8.030189504390e-06
1.836000000000e+02 -7.045258384182e-06
1.837000000000e+02 -6.070407722654e-06
1.838000000000e+02 -5.107544199647e-06
1.839000000000e+02 -4.162837939932e-06
1.840000000000e+02 -3.235284461941e-06
1.841000000000e+02 -2.324915709575e-06
1.842000000000e+02 -1.435147765336e-06
1.843000000000e+02 -5.620858605382e-07
1.844000000000e+02 2.957726498546e-07
1.845000000000e+02 1.137343671509e-06
1.846000000000e+02 1.968562975263e-06
1.847000000000e+02 2.791592812264e-06
1.848000000000e+02 3.606821610759e-06
1.849000000000e+02 4.421061505515e-06
1.850000000000e+02 5.236083532438e-06
1.851000000000e+02 6.052748746353e-06
1.852000000000e+02 6.877506433231e-06
1.853000000000e+02 7.710685249684e-06
1.854000000000e+02 8.552607648706e-06
1.855000000000e+02 9.408163476553e-06
1.856000000000e+02 1.027530325041e-05
1.857000000000e+02 1.115293392717e-05
1.858000000000e+02 1.204343670935e-05
1.859000000000e+02 1.294182440287e-05
1.860000000000e+02 1.384517049629e-05
1.861000000000e+02 1.475302705627e-05
1.862000000000e+02 1.565768431720e-05
1.863000000000e+02 1.655481675447e-05
1.864000000000e+02 1.744180618196e-05
1.865000000000e+02 1.830945788404e-05
1.866000000000e+02 1.915345001452e-05
1.867000000000e+02 1.997058307734e-05
1.868000000000e+02 2.075218925316e-05
1.869000000000e+02 2.149588106404e-05
1.870000000000e+02 2.219977206474e-05
1.871000000000e+02 2.285771576270e-05
1.872000000000e+02 2.347081969143e-05
1.873000000000e+02 2.403975799840e-05
1.874000000000e+02 2.456193293364e-05
1.875000000000e+02 2.504227568003e-05
1.876000000000e+02 2.548390525650e-05
1.877000000000e+02 2.588731282596e-05
1.878000000000e+02 2.626008354876e-05
1.879000000000e+02 2.660630368129e-05
1.880000000000e+02 2.692787499859e-05
1.881000000000e+02 2.723290114682e-05
1.882000000000e+02 2.752434232374e-05
1.883000000000e+02 2.780351955596e-05
1.884000000000e+02 2.807696549303e-05
1.885000000000e+02 2.834483676675e-05
1.886000000000e+02 2.860655038742e-05
1.887000000000e+02 2.886590135704e-05
1.888000000000e+02 2.911968416593e-05
1.889000000000e+02 2.936525315400e-05
1.890000000000e+02 2.960370103343e-05
1.891000000000e+02 2.982906628241e-05
1.892000000000e+02 3.003748361997e-05
1.893000000000e+02 3.022824840571e-05
1.894000000000e+02 3.039394132967e-05
1.895000000000e+02 3.053077010225e-05
1.896000000000e+02 3.063743022721e-05
1.897000000000e+02 3.070646448058e-05
1.898000000000e+02 3.073538328004e-05
1.899000000000e+02 3.072334643303e-05
1.900000000000e+02 3.066406103486e-05
1.901000000000e+02 3.055726692562e-05
1.902000000000e+02 3.040336350145e-05
1.903000000000e+02 3.019810294661e-05
1.904000000000e+02 2.994401471823e-05
1.905000000000e+02 2.964316814753e-05
1.906000000000e+02 2.929383700984e-05
1.907000000000e+02 2.890142258660e-05
1.908000000000e+02 2.846959423877e-05
1.909000000000e+02 2.799901805448e-05
1.910000000000e+02 2.749735497235e-05
1.911000000000e+02 2.696909001922e-05
1.912000000000e+02 2.641636307881e-05
1.913000000000e+02 2.584768659354e-05
1.914000000000e+02 2.526686616839e-05
1.915000000000e+02 2.467594526247e-05
1.916000000000e+02 2.408238783009e-05
1.917000000000e+02 2.348757568809e-05
1.918000000000e+02 2.289184445530e-05
1.919000000000e+02 2.229996246396e-05
1.920000000000e+02 2.170971645335e-05
1.921000000000e+02 2.111893054205e-05
1.922000000000e+02 2.052910679403e-05
1.923000000000e+02 1.993455939143e-05
1.924000000000e+02 1.933117065609e-05
1.925000000000e+02 1.871804796562e-05
1.926000000000e+02 1.808756075438e-05
1.927000000000e+02 1.743544077413e-05
1.928000000000e+02 1.676030658580e-05
1.929000000000e+02 1.605486099801e-05
1.930000000000e+02 1.531684894065e-05
1.931000000000e+02 1.454635631886e-05
1.932000000000e+02 1.373838345482e-05
1.933000000000e+02 1.289416778858e-05
1.934000000000e+02 1.201629194489e-05
1.935000000000e+02 1.110286126460e-05
1.936000000000e+02 1.015876080894e-05
1.937000000000e+02 9.188767724146e-06
1.938000000000e+02 8.193580771311e-06
1.939000000000e+02 7.180655797515e-06
1.940000000000e+02 6.155648934051e-06
1.941000000000e+02 5.120519521314e-06
1.942000000000e+02 4.083627546629e-06
1.943000000000e+02 3.049899444815e-06
1.944000000000e+02 2.021136393048e-06
1.945000000000e+02 1.005056873556e-06
1.946000000000e+02 4.585163609960e-09
1.947000000000e+02 -9.796270620635e-07
1.948000000000e+02 -1.941533995773e-06
1.949000000000e+02 -2.880892353766e-06
1.950000000000e+02 -3.798631051383e-06
1.951000000000e+02 -4.690851226244e-06
1.952000000000e+02 -5.560108443798e-06
1.953000000000e+02 -6.408855170531e-06
1.954000000000e+02 -7.235328393565e-06
1.955000000000e+02 -8.044500925268e-06
1.956000000000e+02 -8.839833176757e-06
1.957000000000e+02 -9.621186728039e-06
1.958000000000e+02 -1.039503460733e-05
1.959000000000e+02 -1.116482236750e-05
1.960000000000e+02 -1.193098425563e-05
1.961000000000e+02 -1.270005404298e-05
1.962000000000e+02 -1.347401911130e-05
1.963000000000e+02 -1.425247785910e-05
1.964000000000e+02 -1.504037516808e-05
1.965000000000e+02 -1.583680974292e-05
1.966000000000e+02 -1.663932624352e-05
1.967000000000e+02 -1.745007172117e-05
1.968000000000e+02 -1.826454134459e-05
1.969000000000e+02 -1.907790794490e-05
1.970000000000e+02 -1.988942290745e-05
1.971000000000e+02 -2.069153814914e-05
1.972000000000e+02 -2.147803755161e-05
1.973000000000e+02 -2.224649618150e-05
1.974000000000e+02 -2.298812260747e-05
1.975000000000e+02 -2.369731318639e-05
1.976000000000e+02 -2.437198529266e-05
1.977000000000e+02 -2.500440176543e-05
1.978000000000e+02 -2.559168060750e-05
1.979000000000e+02 -2.613388168689e-05
1.980000000000e+02 -2.662604802373e-05
1.981000000000e+02 -2.706920290648e-05
1.982000000000e+02 -2.746620647161e-05
1.983000000000e+02 -2.781527401816e-05
1.984000000000e+02 -2.812105616037e-05
1.985000000000e+02 -2.838844837072e-05
1.986000000000e+02 -2.861787525588e-05
1.987000000000e+02 -2.881612047694e-05
1.988000000000e+02 -2.898840643347e-05
1.989000000000e+02 -2.913570819525e-05
1.990000000000e+02 -2.926502977453e-05
1.991000000000e+02 -2.938013337812e-05
1.992000000000e+02 -2.948105188036e-05
1.993000000000e+02 -2.957349220255e-05
1.994000000000e+02 -2.965859411110e-05
1.995000000000e+02 -2.973467524818e-05
1.996000000000e+02 -2.980542031267e-05
1.997000000000e+02 -2.986903462381e-05
1.998000000000e+02 -2.992213175493e-05
1.999000000000e+02 -2.996638157820e-05
2.000000000000e+02 -2.999742777852e-05
