0.000000000000e+00 -4.009998458382e-11
1.000000000000e-01 5.157359307996e-07
2.000000000000e-01 1.540941803688e-06
3.000000000000e-01 2.556926436008e-06
4.000000000000e-01 3.560221143422e-06
5.000000000000e-01 4.539438888133e-06
6.000000000000e-01 5.494516036806e-06
7.000000000000e-01 6.423435833927e-06
8.000000000000e-01 7.318120296594e-06
9.000000000000e-01 8.182548708948e-06
1.000000000000e+00 9.016997214785e-06
1.100000000000e+00 9.817254639699e-06
1.200000000000e+00 1.059101987574e-05
1.300000000000e+00 1.134021745059e-05
1.400000000000e+00 1.206362549739e-05
1.500000000000e+00 1.277108950490e-05
1.600000000000e+00 1.346459668418e-05
1.700000000000e+00 1.414432692776e-05
1.800000000000e+00 1.482030497419e-05
1.900000000000e+00 1.549294603956e-05
2.000000000000e+00 1.616239470165e-05
2.100000000000e+00 1.683727548363e-05
2.200000000000e+00 1.751538363788e-05
2.300000000000e+00 1.819600853239e-05
2.400000000000e+00 1.888548381220e-05
2.500000000000e+00 1.957864623978e-05
2.600000000000e+00 2.027370871132e-05
2.700000000000e+00 2.097440062289e-05
2.800000000000e+00 2.167279006382e-05
2.900000000000e+00 2.236619886401e-05
3.000000000000e+00 2.305585924116e-05
3.100000000000e+00 2.373167661653e-05
3.200000000000e+00 2.439063753270e-05
3.300000000000e+00 2.503204550392e-05
3.400000000000e+00 2.564474799803e-05
3.500000000000e+00 2.622643588059e-05
3.600000000000e+00 2.677561728111e-05
3.700000000000e+00 2.728171807581e-05
3.800000000000e+00 2.774459849223e-05
3.900000000000e+00 2.816348079844e-05
4.000000000000e+00 2.853018371936e-05
4.100000000000e+00 2.884812596296e-05
4.200000000000e+00 2.911848744572e-05
4.300000000000e+00 2.933671290265e-05
4.400000000000e+00 2.951028844131e-05
4.500000000000e+00 2.964253021757e-05
4.600000000000e+00 2.973242922928e-05
4.700000000000e+00 2.979059390304e-05
4.800000000000e+00 2.982122071722e-05
4.900000000000e+00 2.982533207145e-05
5.000000000000e+00 2.981443266822e-05
5.100000000000e+00 2.979136456243e-05
5.200000000000e+00 2.975695087712e-05
5.300000000000e+00 2.972104242267e-05
5.400000000000e+00 2.968302362413e-05
5.500000000000e+00 2.964176030180e-05
5.600000000000e+00 2.960376977167e-05
5.700000000000e+00 2.956409982539e-05
5.800000000000e+00 2.951929186656e-05
5.900000000000e+00 2.947241143473e-05
6.000000000000e+00 2.941491053750e-05
6.100000000000e+00 2.934211943158e-05
6.200000000000e+00 2.925489114816e-05
6.300000000000e+00 2.914295353004e-05
6.400000000000e+00 2.900230877624e-05
6.500000000000e+00 2.883333253386e-05
6.600000000000e+00 2.862607254520e-05
6.700000000000e+00 2.837889570745e-05
6.800000000000e+00 2.809304324658e-05
6.900000000000e+00 2.776032422171e-05
7.000000000000e+00 2.738237224756e-05
7.100000000000e+00 2.696184061854e-05
7.200000000000e+00 2.649291794381e-05
7.300000000000e+00 2.598058313621e-05
7.400000000000e+00 2.542876781237e-05
7.500000000000e+00 2.483404256190e-05
7.600000000000e+00 2.420425827286e-05
7.700000000000e+00 2.354408954878e-05
7.800000000000e+00 2.285211068756e-05
7.900000000000e+00 2.213820339793e-05
8.000000000000e+00 2.140695429645e-05
8.100000000000e+00 2.065820603565e-05
8.200000000000e+00 1.990264209501e-05
8.300000000000e+00 1.914358582810e-05
8.400000000000e+00 1.838101353043e-05
8.500000000000e+00 1.762481830755e-05
8.600000000000e+00 1.687565249526e-05
8.700000000000e+00 1.613232128615e-05
8.800000000000e+00 1.540235156564e-05
8.900000000000e+00 1.468259148696e-05
9.000000000000e+00 1.396981971245e-05
9.100000000000e+00 1.326834646467e-05
9.200000000000e+00 1.257108280336e-05
9.300000000000e+00 1.187306187895e-05
9.400000000000e+00 1.117584541965e-05
9.500000000000e+00 1.046968971355e-05
9.600000000000e+00 9.749495160352e-06
9.700000000000e+00 9.015808149951e-06
9.800000000000e+00 8.258585602454e-06
9.900000000000e+00 7.474930368541e-06
1.000000000000e+01 6.666530300003e-06
1.010000000000e+01 5.825431096186e-06
1.020000000000e+01 4.952844064874e-06
1.030000000000e+01 4.052999446281e-06
1.040000000000e+01 3.121315254932e-06
1.050000000000e+01 2.163596265981e-06
1.060000000000e+01 1.186484832991e-06
1.070000000000e+01 1.884320719071e-07
1.080000000000e+01 -8.213045710445e-07
1.090000000000e+01 -1.835221214594e-06
1.100000000000e+01 -2.853398523293e-06
1.110000000000e+01 -3.865228249270e-06
1.120000000000e+01 -4.864452950810e-06
1.130000000000e+01 -5.851497681209e-06
1.140000000000e+01 -6.816432393282e-06
1.150000000000e+01 -7.755913918329e-06
1.160000000000e+01 -8.671887084307e-06
1.170000000000e+01 -9.556319630999e-06
1.180000000000e+01 -1.040947662011e-05
1.190000000000e+01 -1.123504863387e-05
1.200000000000e+01 -1.202719658653e-05
1.210000000000e+01 -1.278959099545e-05
1.220000000000e+01 -1.352717369254e-05
1.230000000000e+01 -1.423598511748e-05
1.240000000000e+01 -1.492237096221e-05
1.250000000000e+01 -1.559167780009e-05
1.260000000000e+01 -1.624121542213e-05
1.270000000000e+01 -1.687899679986e-05
1.280000000000e+01 -1.750974075281e-05
1.290000000000e+01 -1.813119594654e-05
1.300000000000e+01 -1.875178460352e-05
1.310000000000e+01 -1.937437679636e-05
1.320000000000e+01 -1.999610699654e-05
1.330000000000e+01 -2.062435743174e-05
1.340000000000e+01 -2.125888068624e-05
1.350000000000e+01 -2.189516550218e-05
1.360000000000e+01 -2.253829148619e-05
1.370000000000e+01 -2.318406467137e-05
1.380000000000e+01 -2.382589132348e-05
1.390000000000e+01 -2.446610895833e-05
1.400000000000e+01 -2.509681504810e-05
1.410000000000e+01 -2.571005317697e-05
1.420000000000e+01 -2.630625164139e-05
1.430000000000e+01 -2.687536188956e-05
1.440000000000e+01 -2.740996835914e-05
1.450000000000e+01 -2.791047734989e-05
1.460000000000e+01 -2.836709158753e-05
1.470000000000e+01 -2.877528947209e-05
1.480000000000e+01 -2.913746630954e-05
1.490000000000e+01 -2.944621953130e-05
1.500000000000e+01 -2.970156841008e-05
1.510000000000e+01 -2.990889901934e-05
1.520000000000e+01 -3.006404848950e-05
1.530000000000e+01 -3.017165765516e-05
1.540000000000e+01 -3.023948832786e-05
1.550000000000e+01 -3.026583694185e-05
1.560000000000e+01 -3.025847561255e-05
1.570000000000e+01 -3.022562247225e-05
1.580000000000e+01 -3.016621169579e-05
1.590000000000e+01 -3.008891078307e-05
1.600000000000e+01 -3.000016219503e-05
1.610000000000e+01 -2.989774118814e-05
1.620000000000e+01 -2.978930828611e-05
1.630000000000e+01 -2.967798881500e-05
1.640000000000e+01 -2.955947556322e-05
1.650000000000e+01 -2.943951696109e-05
1.660000000000e+01 -2.931750719614e-05
1.670000000000e+01 -2.918720185530e-05
1.680000000000e+01 -2.905251745184e-05
1.690000000000e+01 -2.890962620541e-05
1.700000000000e+01 -2.875120645869e-05
1.710000000000e+01 -2.857997825984e-05
1.720000000000e+01 -2.838985646147e-05
1.730000000000e+01 -2.817356329972e-05
1.740000000000e+01 -2.793343126374e-05
1.750000000000e+01 -2.766223362593e-05
1.760000000000e+01 -2.735390629099e-05
1.770000000000e+01 -2.701126426651e-05
1.780000000000e+01 -2.662715142215e-05
1.790000000000e+01 -2.619791397592e-05
1.800000000000e+01 -2.572776479418e-05
1.810000000000e+01 -2.521085727937e-05
1.820000000000e+01 -2.464702711395e-05
1.830000000000e+01 -2.404261168375e-05
1.840000000000e+01 -2.339398742768e-05
1.850000000000e+01 -2.270499511210e-05
1.860000000000e+01 -2.198412751025e-05
1.870000000000e+01 -2.123002476383e-05
1.880000000000e+01 -2.044996593879e-05
1.890000000000e+01 -1.965350268428e-05
1.900000000000e+01 -1.884040342812e-05
1.910000000000e+01 -1.801963189032e-05
1.920000000000e+01 -1.719970163755e-05
1.930000000000e+01 -1.637955750889e-05
1.940000000000e+01 -1.556751736384e-05
1.950000000000e+01 -1.476878789871e-05
1.960000000000e+01 -1.397970857783e-05
1.970000000000e+01 -1.320614320298e-05
1.980000000000e+01 -1.244867337807e-05
1.990000000000e+01 -1.170047335011e-05
2.000000000000e+01 -1.096458725550e-05
2.010000000000e+01 -1.023730643818e-05
2.020000000000e+01 -9.509723374258e-06
2.030000000000e+01 -8.783264719790e-06
2.040000000000e+01 -8.051721351975e-06
2.050000000000e+01 -7.306323330907e-06
2.060000000000e+01 -6.548893180351e-06
2.070000000000e+01 -5.773002436894e-06
2.080000000000e+01 -4.972280300945e-06
2.090000000000e+01 -4.150646039517e-06
2.100000000000e+01 -3.303135448392e-06
2.110000000000e+01 -2.427108803792e-06
2.120000000000e+01 -1.529192548746e-06
2.130000000000e+01 -6.064114256903e-07
2.140000000000e+01 3.400545281423e-07
2.150000000000e+01 1.301407071471e-06
2.160000000000e+01 2.279108860681e-06
2.170000000000e+01 3.268972067110e-06
2.180000000000e+01 4.261225525842e-06
2.190000000000e+01 5.256753424895e-06
2.200000000000e+01 6.249512015892e-06
2.210000000000e+01 7.230090050232e-06
2.220000000000e+01 8.199746408621e-06
2.230000000000e+01 9.151731313303e-06
2.240000000000e+01 1.007822150276e-05
2.250000000000e+01 1.098169551953e-05
2.260000000000e+01 1.185578546380e-05
2.270000000000e+01 1.269535631164e-05
2.280000000000e+01 1.350483266583e-05
2.290000000000e+01 1.427919839721e-05
2.300000000000e+01 1.501685340593e-05
2.310000000000e+01 1.572457350879e-05
2.320000000000e+01 1.639924049174e-05
2.330000000000e+01 1.704299649359e-05
2.340000000000e+01 1.766462433031e-05
2.350000000000e+01 1.826257670092e-05
2.360000000000e+01 1.884190139288e-05
2.370000000000e+01 1.941199451681e-05
2.380000000000e+01 1.997151583052e-05
2.390000000000e+01 2.052657086126e-05
2.400000000000e+01 2.108498593235e-05
2.410000000000e+01 2.164370533121e-05
2.420000000000e+01 2.220773512983e-05
2.430000000000e+01 2.278124823315e-05
2.440000000000e+01 2.335799801537e-05
2.450000000000e+01 2.394049836827e-05
2.460000000000e+01 2.452833963393e-05
2.470000000000e+01 2.511199551905e-05
2.480000000000e+01 2.569162825339e-05
2.490000000000e+01 2.626299592105e-05
2.500000000000e+01 2.681481474688e-05
2.510000000000e+01 2.734648956932e-05
2.520000000000e+01 2.785198144534e-05
2.530000000000e+01 2.832069445845e-05
2.540000000000e+01 2.875341566345e-05
2.550000000000e+01 2.914455409508e-05
2.560000000000e+01 2.948640726018e-05
2.570000000000e+01 2.978268394553e-05
2.580000000000e+01 3.002963329402e-05
2.590000000000e+01 3.022350575509e-05
2.600000000000e+01 3.037119606422e-05
2.610000000000e+01 3.047090451166e-05
2.620000000000e+01 3.052258251884e-05
2.630000000000e+01 3.053539991726e-05
2.640000000000e+01 3.050865091778e-05
2.650000000000e+01 3.044491015675e-05
2.660000000000e+01 3.035414725538e-05
2.670000000000e+01 3.023557507693e-05
2.680000000000e+01 3.009312876138e-05
2.690000000000e+01 2.993612645548e-05
2.700000000000e+01 2.976268330961e-05
2.710000000000e+01 2.957700586730e-05
2.720000000000e+01 2.938657513413e-05
2.730000000000e+01 2.918767009720e-05
2.740000000000e+01 2.898389427360e-05
2.750000000000e+01 2.877997202254e-05
2.760000000000e+01 2.856986750630e-05
2.770000000000e+01 2.835594215000e-05
2.780000000000e+01 2.813959659058e-05
2.790000000000e+01 2.791241498858e-05
2.800000000000e+01 2.767535726363e-05
2.810000000000e+01 2.742659965071e-05
2.820000000000e+01 2.715603504937e-05
2.830000000000e+01 2.686388810266e-05
2.840000000000e+01 2.654616862553e-05
2.850000000000e+01 2.619269885121e-05
2.860000000000e+01 2.580449733669e-05
2.870000000000e+01 2.537727054088e-05
2.880000000000e+01 2.490295173638e-05
2.890000000000e+01 2.438517786817e-05
2.900000000000e+01 2.382125971454e-05
2.910000000000e+01 2.320706945864e-05
2.920000000000e+01 2.254999119674e-05
2.930000000000e+01 2.184987881979e-05
2.940000000000e+01 2.110706166410e-05
2.950000000000e+01 2.033230056781e-05
2.960000000000e+01 1.952736225881e-05
2.970000000000e+01 1.869590651540e-05
2.980000000000e+01 1.785017965253e-05
2.990000000000e+01 1.699194282800e-05
3.000000000000e+01 1.612599211486e-05
3.010000000000e+01 1.526349341924e-05
3.020000000000e+01 1.440402854969e-05
3.030000000000e+01 1.355142143276e-05
3.040000000000e+01 1.271371273294e-05
3.050000000000e+01 1.188700606439e-05
3.060000000000e+01 1.107313112067e-05
3.070000000000e+01 1.027628545506e-05
3.080000000000e+01 9.489212895859e-06
3.090000000000e+01 8.712083995691e-06
3.100000000000e+01 7.945861254301e-06
3.110000000000e+01 7.181196874156e-06
3.120000000000e+01 6.417821118408e-06
3.130000000000e+01 5.654769320601e-06
3.140000000000e+01 4.882290683578e-06
3.150000000000e+01 4.101033873825e-06
3.160000000000e+01 3.309410525483e-06
3.170000000000e+01 2.498749961670e-06
3.180000000000e+01 1.671626598150e-06
3.190000000000e+01 8.267770952660e-07
3.200000000000e+01 -4.233124981969e-08
3.210000000000e+01 -9.306283291201e-07
3.220000000000e+01 -1.838456469797e-06
3.230000000000e+01 -2.769533150320e-06
3.240000000000e+01 -3.716094177438e-06
3.250000000000e+01 -4.677284414690e-06
3.260000000000e+01 -5.653739246591e-06
3.270000000000e+01 -6.635264748566e-06
3.280000000000e+01 -7.620024394603e-06
3.290000000000e+01 -8.605951492988e-06
3.300000000000e+01 -9.581401375112e-06
3.310000000000e+01 -1.054451049870e-05
3.320000000000e+01 -1.149172386691e-05
3.330000000000e+01 -1.241170738232e-05
3.340000000000e+01 -1.330419165259e-05
3.350000000000e+01 -1.416593050250e-05
3.360000000000e+01 -1.498799129534e-05
3.370000000000e+01 -1.577335933800e-05
3.380000000000e+01 -1.652069067623e-05
3.390000000000e+01 -1.722496758932e-05
3.400000000000e+01 -1.789318588545e-05
3.410000000000e+01 -1.852636874334e-05
3.420000000000e+01 -1.912351725974e-05
3.430000000000e+01 -1.969484224888e-05
3.440000000000e+01 -2.024265374381e-05
3.450000000000e+01 -2.076852473417e-05
3.460000000000e+01 -2.128370867788e-05
3.470000000000e+01 -2.178964598826e-05
3.480000000000e+01 -2.228822535872e-05
3.490000000000e+01 -2.278917191111e-05
3.500000000000e+01 -2.329094787658e-05
3.510000000000e+01 -2.379388757522e-05
3.520000000000e+01 -2.430440850617e-05
3.530000000000e+01 -2.481701225064e-05
3.540000000000e+01 -2.532989631655e-05
3.550000000000e+01 -2.584585607321e-05
3.560000000000e+01 -2.635596040653e-05
3.570000000000e+01 -2.685707013886e-05
3.580000000000e+01 -2.734932950867e-05
3.590000000000e+01 -2.782197344638e-05
3.600000000000e+01 -2.827207785579e-05
3.610000000000e+01 -2.869863436168e-05
3.620000000000e+01 -2.909088046127e-05
3.630000000000e+01 -2.944759195591e-05
3.640000000000e+01 -2.976788988722e-05
3.650000000000e+01 -3.004245123556e-05
3.660000000000e+01 -3.027269018762e-05
3.670000000000e+01 -3.045860669299e-05
3.680000000000e+01 -3.059318302627e-05
3.690000000000e+01 -3.068083479211e-05
3.700000000000e+01 -3.072272441005e-05
3.710000000000e+01 -3.071454426028e-05
3.720000000000e+01 -3.066363056329e-05
3.730000000000e+01 -3.057222738772e-05
3.740000000000e+01 -3.043871718939e-05
3.750000000000e+01 -3.027280901890e-05
3.760000000000e+01 -3.007728578096e-05
3.770000000000e+01 -2.985261789159e-05
3.780000000000e+01 -2.960970498164e-05
3.790000000000e+01 -2.935070905583e-05
3.800000000000e+01 -2.907690859968e-05
3.810000000000e+01 -2.879860052849e-05
3.820000000000e+01 -2.851570724656e-05
3.830000000000e+01 -2.822867937005e-05
3.840000000000e+01 -2.794531334767e-05
3.850000000000e+01 -2.766187099148e-05
3.860000000000e+01 -2.737676448589e-05
3.870000000000e+01 -2.709415468539e-05
3.880000000000e+01 -2.680628824920e-05
3.890000000000e+01 -2.650956528434e-05
3.900000000000e+01 -2.620482717419e-05
3.910000000000e+01 -2.588149505982e-05
3.920000000000e+01 -2.553544890887e-05
3.930000000000e+01 -2.516592760609e-05
3.940000000000e+01 -2.476190044252e-05
3.950000000000e+01 -2.432104651331e-05
3.960000000000e+01 -2.384324170013e-05
3.970000000000e+01 -2.331948422341e-05
3.980000000000e+01 -2.275121897303e-05
3.990000000000e+01 -2.214052049531e-05
4.000000000000e+01 -2.148185690799e-05
4.010000000000e+01 -2.078106272860e-05
4.020000000000e+01 -2.004252407275e-05
4.030000000000e+01 -1.926406714778e-05
4.040000000000e+01 -1.845499175476e-05
4.050000000000e+01 -1.762075374587e-05
4.060000000000e+01 -1.676123497203e-05
4.070000000000e+01 -1.588733618321e-05
4.080000000000e+01 -1.500376603543e-05
4.090000000000e+01 -1.411084350882e-05
4.100000000000e+01 -1.321918011776e-05
4.110000000000e+01 -1.233121202951e-05
4.120000000000e+01 -1.144651797163e-05
4.130000000000e+01 -1.057412528015e-05
4.140000000000e+01 -9.713403234851e-06
4.150000000000e+01 -8.862707614775e-06
4.160000000000e+01 -8.028879571566e-06
4.170000000000e+01 -7.208108199049e-06
4.180000000000e+01 -6.397587366133e-06
4.190000000000e+01 -5.601870500137e-06
4.200000000000e+01 -4.814325155484e-06
4.210000000000e+01 -4.031410450082e-06
4.220000000000e+01 -3.255682577024e-06
4.230000000000e+01 -2.478471253863e-06
4.240000000000e+01 -1.696319112795e-06
4.250000000000e+01 -9.105533203413e-07
4.260000000000e+01 -1.117681092551e-07
4.270000000000e+01 7.021236256322e-07
4.280000000000e+01 1.529755989531e-06
4.290000000000e+01 2.379541510289e-06
4.300000000000e+01 3.250661493827e-06
4.310000000000e+01 4.140309926159e-06
4.320000000000e+01 5.054281040879e-06
4.330000000000e+01 5.987721585771e-06
4.340000000000e+01 6.935597945119e-06
4.350000000000e+01 7.900365870814e-06
4.360000000000e+01 8.873185630068e-06
4.370000000000e+01 9.847301525401e-06
4.380000000000e+01 1.082254731227e-05
4.390000000000e+01 1.178762552285e-05
4.400000000000e+01 1.273589954919e-05
4.410000000000e+01 1.366650234085e-05
4.420000000000e+01 1.456816178301e-05
4.430000000000e+01 1.543675610418e-05
4.440000000000e+01 1.627285850062e-05
4.450000000000e+01 1.706751837405e-05
4.460000000000e+01 1.782088071830e-05
4.470000000000e+01 1.853615384092e-05
4.480000000000e+01 1.920775222131e-05
4.490000000000e+01 1.984032658651e-05
4.500000000000e+01 2.043935601819e-05
4.510000000000e+01 2.100207932466e-05
4.520000000000e+01 2.153636546415e-05
4.530000000000e+01 2.204832898642e-05
4.540000000000e+01 2.253645192376e-05
4.550000000000e+01 2.300977426855e-05
4.560000000000e+01 2.347305027918e-05
4.570000000000e+01 2.392435152023e-05
4.580000000000e+01 2.437205166379e-05
4.590000000000e+01 2.481807520271e-05
4.600000000000e+01 2.525909645455e-05
4.610000000000e+01 2.570176749331e-05
4.620000000000e+01 2.614461012027e-05
4.630000000000e+01 2.658274808007e-05
4.640000000000e+01 2.702083954714e-05
4.650000000000e+01 2.745417835159e-05
4.660000000000e+01 2.787676654371e-05
4.670000000000e+01 2.829149298970e-05
4.680000000000e+01 2.869105237873e-05
4.690000000000e+01 2.906907972386e-05
4.700000000000e+01 2.942723659277e-05
4.710000000000e+01 2.975658959364e-05
4.720000000000e+01 3.005144710700e-05
4.730000000000e+01 3.031312733271e-05
4.740000000000e+01 3.053241794472e-05
4.750000000000e+01 3.070564645888e-05
4.760000000000e+01 3.083498301152e-05
4.770000000000e+01 3.091252588692e-05
4.780000000000e+01 3.093801673672e-05
4.790000000000e+01 3.091560087048e-05
4.800000000000e+01 3.083999155020e-05
4.810000000000e+01 3.071516172602e-05
4.820000000000e+01 3.054759529220e-05
4.830000000000e+01 3.033492702456e-05
4.840000000000e+01 3.008494564306e-05
4.850000000000e+01 2.980554203939e-05
4.860000000000e+01 2.949621240652e-05
4.870000000000e+01 2.916678129525e-05
4.880000000000e+01 2.882445167128e-05
4.890000000000e+01 2.846854946069e-05
4.900000000000e+01 2.810845925037e-05
4.910000000000e+01 2.774833365655e-05
4.920000000000e+01 2.738538200146e-05
4.930000000000e+01 2.702654340175e-05
4.940000000000e+01 2.667146767231e-05
4.950000000000e+01 2.631448275905e-05
4.960000000000e+01 2.595949829462e-05
4.970000000000e+01 2.560183739567e-05
4.980000000000e+01 2.523379571161e-05
4.990000000000e+01 2.485722635601e-05
5.000000000000e+01 2.446474605325e-05
5.010000000000e+01 2.404860028909e-05
5.020000000000e+01 2.361039983767e-05
5.030000000000e+01 2.314221207718e-05
5.040000000000e+01 2.263832938386e-05
5.050000000000e+01 2.210174076838e-05
5.060000000000e+01 2.152566421546e-05
5.070000000000e+01 2.090777721284e-05
5.080000000000e+01 2.025318402528e-05
5.090000000000e+01 1.955700198713e-05
5.100000000000e+01 1.882059985294e-05
5.110000000000e+01 1.805099642778e-05
5.120000000000e+01 1.724512281300e-05
5.130000000000e+01 1.640757457565e-05
5.140000000000e+01 1.554650569800e-05
5.150000000000e+01 1.466012576576e-05
5.160000000000e+01 1.375540133629e-05
5.170000000000e+01 1.284059694484e-05
5.180000000000e+01 1.191446036310e-05
5.190000000000e+01 1.098524792319e-05
5.200000000000e+01 1.006015409217e-05
5.210000000000e+01 9.137538711003e-06
5.220000000000e+01 8.225644271181e-06
5.230000000000e+01 7.329276380359e-06
5.240000000000e+01 6.445354963169e-06
5.250000000000e+01 5.580739539771e-06
5.260000000000e+01 4.736655997524e-06
5.270000000000e+01 3.907781629010e-06
5.280000000000e+01 3.098654355757e-06
5.290000000000e+01 2.306432686058e-06
5.300000000000e+01 1.523606080865e-06
5.310000000000e+01 7.524901914253e-07
5.320000000000e+01 -1.307999901737e-08
5.330000000000e+01 -7.815036535603e-07
5.340000000000e+01 -1.551341685819e-06
5.350000000000e+01 -2.330137793919e-06
5.360000000000e+01 -3.124926778688e-06
5.370000000000e+01 -3.933090545569e-06
5.380000000000e+01 -4.761186913464e-06
5.390000000000e+01 -5.612654527596e-06
5.400000000000e+01 -6.482023627033e-06
5.410000000000e+01 -7.373236183374e-06
5.420000000000e+01 -8.285044508749e-06
5.430000000000e+01 -9.208828758733e-06
5.440000000000e+01 -1.014582581890e-05
5.450000000000e+01 -1.109069891680e-05
5.460000000000e+01 -1.203299106333e-05
5.470000000000e+01 -1.297261711816e-05
5.480000000000e+01 -1.390205394989e-05
5.490000000000e+01 -1.481126815525e-05
5.500000000000e+01 -1.570083693408e-05
5.510000000000e+01 -1.656323405808e-05
5.520000000000e+01 -1.739096181079e-05
5.530000000000e+01 -1.818677676895e-05
5.540000000000e+01 -1.894463005182e-05
5.550000000000e+01 -1.966069525115e-05
5.560000000000e+01 -2.034034863298e-05
5.570000000000e+01 -2.097941008222e-05
5.580000000000e+01 -2.157773240410e-05
5.590000000000e+01 -2.214275145376e-05
5.600000000000e+01 -2.267170655281e-05
5.610000000000e+01 -2.316739495081e-05
5.620000000000e+01 -2.363822483948e-05
5.630000000000e+01 -2.408204820673e-05
5.640000000000e+01 -2.450358693102e-05
5.650000000000e+01 -2.491100563762e-05
5.660000000000e+01 -2.530190123325e-05
5.670000000000e+01 -2.568181978287e-05
5.680000000000e+01 -2.605745875506e-05
5.690000000000e+01 -2.642527472893e-05
5.700000000000e+01 -2.679047656586e-05
5.710000000000e+01 -2.715709416093e-05
5.720000000000e+01 -2.751960599080e-05
5.730000000000e+01 -2.788181303798e-05
5.740000000000e+01 -2.824415219844e-05
5.750000000000e+01 -2.859867741776e-05
5.760000000000e+01 -2.894724644490e-05
5.770000000000e+01 -2.928655816303e-05
5.780000000000e+01 -2.960670165851e-05
5.790000000000e+01 -2.990808337234e-05
5.800000000000e+01 -3.018469700764e-05
5.810000000000e+01 -3.042627358947e-05
5.820000000000e+01 -3.063334418581e-05
5.830000000000e+01 -3.079923024891e-05
5.840000000000e+01 -3.091563101596e-05
5.850000000000e+01 -3.098521176987e-05
5.860000000000e+01 -3.100279361108e-05
5.870000000000e+01 -3.096407096710e-05
5.880000000000e+01 -3.087519427749e-05
5.890000000000e+01 -3.073368927374e-05
5.900000000000e+01 -3.053994394366e-05
5.910000000000e+01 -3.030342838009e-05
5.920000000000e+01 -3.002397346077e-05
5.930000000000e+01 -2.970567505159e-05
5.940000000000e+01 -2.935960736715e-05
5.950000000000e+01 -2.898617395081e-05
5.960000000000e+01 -2.859107777434e-05
5.970000000000e+01 -2.818456036094e-05
5.980000000000e+01 -2.776553549396e-05
5.990000000000e+01 -2.733921041100e-05
6.000000000000e+01 -2.691297734155e-05
6.010000000000e+01 -2.648293594919e-05
6.020000000000e+01 -2.605263079312e-05
6.030000000000e+01 -2.562575557334e-05
6.040000000000e+01 -2.519550765011e-05
6.050000000000e+01 -2.476379047718e-05
6.060000000000e+01 -2.433092590622e-05
6.070000000000e+01 -2.388813418288e-05
6.080000000000e+01 -2.343649723307e-05
6.090000000000e+01 -2.297395685084e-05
6.100000000000e+01 -2.249111232953e-05
6.110000000000e+01 -2.198926749378e-05
6.120000000000e+01 -2.146511466909e-05
6.130000000000e+01 -2.090996976399e-05
6.140000000000e+01 -2.032629549004e-05
6.150000000000e+01 -1.971058186334e-05
6.160000000000e+01 -1.905604979082e-05
6.170000000000e+01 -1.836710652361e-05
6.180000000000e+01 -1.764099178631e-05
6.190000000000e+01 -1.687385043145e-05
6.200000000000e+01 -1.607262003192e-05
6.210000000000e+01 -1.523602197875e-05
6.220000000000e+01 -1.436375917475e-05
6.230000000000e+01 -1.346539268606e-05
6.240000000000e+01 -1.254126043541e-05
6.250000000000e+01 -1.159444871911e-05
6.260000000000e+01 -1.063632867247e-05
6.270000000000e+01 -9.668019070128e-06
6.280000000000e+01 -8.694737403558e-06
6.290000000000e+01 -7.727841170871e-06
6.300000000000e+01 -6.767504963570e-06
6.310000000000e+01 -5.819051286035e-06
6.320000000000e+01 -4.891526709568e-06
6.330000000000e+01 -3.982280072640e-06
6.340000000000e+01 -3.094846007835e-06
6.350000000000e+01 -2.234216612831e-06
6.360000000000e+01 -1.393933399627e-06
6.370000000000e+01 -5.750074864708e-07
6.380000000000e+01 2.219052190409e-07
6.390000000000e+01 1.006451699297e-06
6.400000000000e+01 1.779271068974e-06
6.410000000000e+01 2.542706311887e-06
6.420000000000e+01 3.307542947900e-06
6.430000000000e+01 4.074055578088e-06
6.440000000000e+01 4.845371208330e-06
6.450000000000e+01 5.630902937179e-06
6.460000000000e+01 6.428508689338e-06
6.470000000000e+01 7.240173927113e-06
6.480000000000e+01 8.072118420828e-06
6.490000000000e+01 8.918725895701e-06
6.500000000000e+01 9.780060938133e-06
6.510000000000e+01 1.065865236154e-05
6.520000000000e+01 1.154570636527e-05
6.530000000000e+01 1.243983027368e-05
6.540000000000e+01 1.334053777504e-05
6.550000000000e+01 1.423713120140e-05
6.560000000000e+01 1.512793329072e-05
6.570000000000e+01 1.601065861576e-05
6.580000000000e+01 1.687427248123e-05
6.590000000000e+01 1.771804262482e-05
6.600000000000e+01 1.853906379918e-05
6.610000000000e+01 1.932734496423e-05
6.620000000000e+01 2.008404235830e-05
6.630000000000e+01 2.080655655386e-05
6.640000000000e+01 2.148701934547e-05
6.650000000000e+01 2.212911046541e-05
6.660000000000e+01 2.273122659400e-05
6.670000000000e+01 2.328841301971e-05
6.680000000000e+01 2.380718966453e-05
6.690000000000e+01 2.428732612336e-05
6.700000000000e+01 2.472711962782e-05
6.710000000000e+01 2.513569841400e-05
6.720000000000e+01 2.551396956189e-05
6.730000000000e+01 2.586303385683e-05
6.740000000000e+01 2.619353608958e-05
6.750000000000e+01 2.650641488499e-05
6.760000000000e+01 2.680419031857e-05
6.770000000000e+01 2.709709033335e-05
6.780000000000e+01 2.738430582669e-05
6.790000000000e+01 2.766785937478e-05
6.800000000000e+01 2.795540396328e-05
6.810000000000e+01 2.824271472245e-05
6.820000000000e+01 2.852978701857e-05
6.830000000000e+01 2.882031641874e-05
6.840000000000e+01 2.910609364429e-05
6.850000000000e+01 2.938485630274e-05
6.860000000000e+01 2.965649781692e-05
6.870000000000e+01 2.990988072885e-05
6.880000000000e+01 3.014181025042e-05
6.890000000000e+01 3.035002813369e-05
6.900000000000e+01 3.052278497544e-05
6.910000000000e+01 3.065818723847e-05
6.920000000000e+01 3.075408066683e-05
6.930000000000e+01 3.080059831608e-05
6.940000000000e+01 3.079911657311e-05
6.950000000000e+01 3.074926133759e-05
6.960000000000e+01 3.064459932750e-05
6.970000000000e+01 3.049052230080e-05
6.980000000000e+01 3.028878950331e-05
6.990000000000e+01 3.003651695046e-05
7.000000000000e+01 2.974243467059e-05
7.010000000000e+01 2.940954073226e-05
7.020000000000e+01 2.903749839767e-05
7.030000000000e+01 2.863681034968e-05
7.040000000000e+01 2.821024539176e-05
7.050000000000e+01 2.775864027143e-05
7.060000000000e+01 2.729258430279e-05
7.070000000000e+01 2.681328510915e-05
7.080000000000e+01 2.632161300895e-05
7.090000000000e+01 2.582692248806e-05
7.100000000000e+01 2.532799407328e-05
7.110000000000e+01 2.482501134030e-05
7.120000000000e+01 2.432521237964e-05
7.130000000000e+01 2.382452780805e-05
7.140000000000e+01 2.332208306395e-05
7.150000000000e+01 2.282249206648e-05
7.160000000000e+01 2.231881099842e-05
7.170000000000e+01 2.180910190608e-05
7.180000000000e+01 2.129531920861e-05
7.190000000000e+01 2.076817642193e-05
7.200000000000e+01 2.022524971803e-05
7.210000000000e+01 1.966651720677e-05
7.220000000000e+01 1.908165189740e-05
7.230000000000e+01 1.846905694587e-05
7.240000000000e+01 1.782817984940e-05
7.250000000000e+01 1.714960567539e-05
7.260000000000e+01 1.643432192444e-05
7.270000000000e+01 1.568297739886e-05
7.280000000000e+01 1.488900681295e-05
7.290000000000e+01 1.405738167890e-05
7.300000000000e+01 1.319107195664e-05
7.310000000000e+01 1.228734262676e-05
7.320000000000e+01 1.135529967426e-05
7.330000000000e+01 1.039996445820e-05
7.340000000000e+01 9.421856016183e-06
7.350000000000e+01 8.432773917060e-06
7.360000000000e+01 7.438072707748e-06
7.370000000000e+01 6.439630299465e-06
7.380000000000e+01 5.449453556013e-06
7.390000000000e+01 4.470868396158e-06
7.400000000000e+01 3.504906846063e-06
7.410000000000e+01 2.561410700764e-06
7.420000000000e+01 1.639876441295e-06
7.430000000000e+01 7.391403895535e-07
7.440000000000e+01 -1.343242281039e-07
7.450000000000e+01 -9.852383169529e-07
7.460000000000e+01 -1.816856225999e-06
7.470000000000e+01 -2.625782006457e-06
7.480000000000e+01 -3.419907511753e-06
7.490000000000e+01 -4.203274940612e-06
7.500000000000e+01 -4.974267906154e-06
7.510000000000e+01 -5.742154027015e-06
7.520000000000e+01 -6.510064663364e-06
7.530000000000e+01 -7.276700250630e-06
7.540000000000e+01 -8.050991629721e-06
7.550000000000e+01 -8.833808287010e-06
7.560000000000e+01 -9.623147151472e-06
7.570000000000e+01 -1.042643430017e-05
7.580000000000e+01 -1.124156415329e-05
7.590000000000e+01 -1.206538261323e-05
7.600000000000e+01 -1.290319924279e-05
7.610000000000e+01 -1.374976782956e-05
7.620000000000e+01 -1.460076632239e-05
7.630000000000e+01 -1.545919644792e-05
7.640000000000e+01 -1.631694067548e-05
7.650000000000e+01 -1.716886898288e-05
7.660000000000e+01 -1.801593270711e-05
7.670000000000e+01 -1.884793310266e-05
7.680000000000e+01 -1.965980603042e-05
7.690000000000e+01 -2.045132113912e-05
7.700000000000e+01 -2.121163606757e-05
7.710000000000e+01 -2.193720214672e-05
7.720000000000e+01 -2.262804527285e-05
7.730000000000e+01 -2.327456586459e-05
7.740000000000e+01 -2.387639863642e-05
7.750000000000e+01 -2.443531371645e-05
7.760000000000e+01 -2.494460728185e-05
7.770000000000e+01 -2.540819386866e-05
7.780000000000e+01 -2.583027726025e-05
7.790000000000e+01 -2.620761244803e-05
7.800000000000e+01 -2.654814668106e-05
7.810000000000e+01 -2.685778341635e-05
7.820000000000e+01 -2.713578393199e-05
7.830000000000e+01 -2.739238155267e-05
7.840000000000e+01 -2.763315397314e-05
7.850000000000e+01 -2.785781815286e-05
7.860000000000e+01 -2.807635203269e-05
7.870000000000e+01 -2.829162535201e-05
7.880000000000e+01 -2.850175820579e-05
7.890000000000e+01 -2.871433613022e-05
7.900000000000e+01 -2.892798005723e-05
7.910000000000e+01 -2.913826621028e-05
7.920000000000e+01 -2.934960805135e-05
7.930000000000e+01 -2.955639110022e-05
7.940000000000e+01 -2.975223677361e-05
7.950000000000e+01 -2.993910576587e-05
7.960000000000e+01 -3.010854984410e-05
7.970000000000e+01 -3.025391955164e-05
7.980000000000e+01 -3.037628621938e-05
7.990000000000e+01 -3.046633313187e-05
8.000000000000e+01 -3.051900721859e-05
8.010000000000e+01 -3.053598373519e-05
8.020000000000e+01 -3.050873848132e-05
8.030000000000e+01 -3.043511623687e-05
8.040000000000e+01 -3.031823802007e-05
8.050000000000e+01 -3.015131729073e-05
8.060000000000e+01 -2.993560921642e-05
8.070000000000e+01 -2.967582217590e-05
8.080000000000e+01 -2.936721173191e-05
8.090000000000e+01 -2.901434203382e-05
8.100000000000e+01 -2.862317693601e-05
8.110000000000e+01 -2.819089399617e-05
8.120000000000e+01 -2.772483789789e-05
8.130000000000e+01 -2.723154946889e-05
8.140000000000e+01 -2.670962604759e-05
8.150000000000e+01 -2.616822128778e-05
8.160000000000e+01 -2.561336380239e-05
8.170000000000e+01 -2.504409490891e-05
8.180000000000e+01 -2.446990565823e-05
8.190000000000e+01 -2.389482152378e-05
8.200000000000e+01 -2.331698400368e-05
8.210000000000e+01 -2.274450119867e-05
8.220000000000e+01 -2.217789905476e-05
8.230000000000e+01 -2.161324178641e-05
8.240000000000e+01 -2.105595540930e-05
8.250000000000e+01 -2.050231286826e-05
8.260000000000e+01 -1.994606218165e-05
8.270000000000e+01 -1.938981805384e-05
8.280000000000e+01 -1.882622665301e-05
8.290000000000e+01 -1.824788197757e-05
8.300000000000e+01 -1.765587671878e-05
8.310000000000e+01 -1.704121134178e-05
8.320000000000e+01 -1.639757897720e-05
8.330000000000e+01 -1.572668029721e-05
8.340000000000e+01 -1.502036955806e-05
8.350000000000e+01 -1.427575160640e-05
8.360000000000e+01 -1.349695855474e-05
8.370000000000e+01 -1.267851519498e-05
8.380000000000e+01 -1.182215752192e-05
8.390000000000e+01 -1.093495329926e-05
8.400000000000e+01 -1.001441349127e-05
8.410000000000e+01 -9.066481416138e-06
8.420000000000e+01 -8.100101271559e-06
8.430000000000e+01 -7.114639703528e-06
8.440000000000e+01 -6.118538206989e-06
8.450000000000e+01 -5.120615098111e-06
8.460000000000e+01 -4.120324316348e-06
8.470000000000e+01 -3.126555740962e-06
8.480000000000e+01 -2.146053861341e-06
8.490000000000e+01 -1.176913273859e-06
8.500000000000e+01 -2.269559400412e-07
8.510000000000e+01 7.003177242421e-07
8.520000000000e+01 1.608772733099e-06
8.530000000000e+01 2.492307129484e-06
8.540000000000e+01 3.350926707128e-06
8.550000000000e+01 4.190262715672e-06
8.560000000000e+01 5.005899693437e-06
8.570000000000e+01 5.800977293521e-06
8.580000000000e+01 6.582227871901e-06
8.590000000000e+01 7.346505521095e-06
8.600000000000e+01 8.099339567423e-06
8.610000000000e+01 8.847624304842e-06
8.620000000000e+01 9.588789922022e-06
8.630000000000e+01 1.032968108042e-05
8.640000000000e+01 1.107613455735e-05
8.650000000000e+01 1.182515067009e-05
8.660000000000e+01 1.258347959624e-05
8.670000000000e+01 1.335445855420e-05
8.680000000000e+01 1.413348413381e-05
8.690000000000e+01 1.492574371485e-05
8.700000000000e+01 1.573081779606e-05
8.710000000000e+01 1.654167906494e-05
8.720000000000e+01 1.736105626030e-05
8.730000000000e+01 1.818438484668e-05
8.740000000000e+01 1.900242309122e-05
8.750000000000e+01 1.981574194640e-05
8.760000000000e+01 2.061660332245e-05
8.770000000000e+01 2.139508840640e-05
8.780000000000e+01 2.215118448385e-05
8.790000000000e+01 2.287611733812e-05
8.800000000000e+01 2.356168705295e-05
8.810000000000e+01 2.420943215534e-05
8.820000000000e+01 2.481190939108e-05
8.830000000000e+01 2.536479947230e-05
8.840000000000e+01 2.587272720845e-05
8.850000000000e+01 2.633101320694e-05
8.860000000000e+01 2.674007521351e-05
8.870000000000e+01 2.710767188127e-05
8.880000000000e+01 2.743172854029e-05
8.890000000000e+01 2.771658490173e-05
8.900000000000e+01 2.797164946329e-05
8.910000000000e+01 2.819595688225e-05
8.920000000000e+01 2.839582669691e-05
8.930000000000e+01 2.858008782798e-05
8.940000000000e+01 2.874699524247e-05
8.950000000000e+01 2.890281828644e-05
8.960000000000e+01 2.905388486274e-05
8.970000000000e+01 2.919636111819e-05
8.980000000000e+01 2.933519541558e-05
8.990000000000e+01 2.947326617204e-05
9.000000000000e+01 2.960435990219e-05
9.010000000000e+01 2.973181720624e-05
9.020000000000e+01 2.985510715411e-05
9.030000000000e+01 2.996619054604e-05
9.040000000000e+01 3.006719986910e-05
9.050000000000e+01 3.015484257723e-05
9.060000000000e+01 3.022023339181e-05
9.070000000000e+01 3.026499498693e-05
9.080000000000e+01 3.028399488311e-05
9.090000000000e+01 3.026864779891e-05
9.100000000000e+01 3.022090494358e-05
9.110000000000e+01 3.013490480010e-05
9.120000000000e+01 3.000364025949e-05
9.130000000000e+01 2.983036974304e-05
9.140000000000e+01 2.960977977000e-05
9.150000000000e+01 2.933776902460e-05
9.160000000000e+01 2.901986295543e-05
9.170000000000e+01 2.865246220375e-05
9.180000000000e+01 2.823535550267e-05
9.190000000000e+01 2.777679103774e-05
9.200000000000e+01 2.727536845937e-05
9.210000000000e+01 2.673480719611e-05
9.220000000000e+01 2.616546415212e-05
9.230000000000e+01 2.556745069090e-05
9.240000000000e+01 2.494717040263e-05
9.250000000000e+01 2.431526684165e-05
9.260000000000e+01 2.367158869988e-05
9.270000000000e+01 2.302303443790e-05
9.280000000000e+01 2.237810694535e-05
9.290000000000e+01 2.173434740731e-05
9.300000000000e+01 2.109701821940e-05
9.310000000000e+01 2.047056561593e-05
9.320000000000e+01 1.984904469439e-05
9.330000000000e+01 1.923510093003e-05
9.340000000000e+01 1.862867653640e-05
9.350000000000e+01 1.802076261813e-05
9.360000000000e+01 1.741203109620e-05
9.370000000000e+01 1.679911012214e-05
9.380000000000e+01 1.617179057005e-05
9.390000000000e+01 1.553058656564e-05
9.400000000000e+01 1.487092033686e-05
9.410000000000e+01 1.418375479228e-05
9.420000000000e+01 1.347138257724e-05
9.430000000000e+01 1.272994302870e-05
9.440000000000e+01 1.195337598530e-05
9.450000000000e+01 1.114685561502e-05
9.460000000000e+01 1.030818958192e-05
9.470000000000e+01 9.434956998683e-06
9.480000000000e+01 8.535159641703e-06
9.490000000000e+01 7.608159327864e-06
9.500000000000e+01 6.654812956677e-06
9.510000000000e+01 5.685044765528e-06
9.520000000000e+01 4.699013388805e-06
9.530000000000e+01 3.699958584967e-06
9.540000000000e+01 2.698484811944e-06
9.550000000000e+01 1.694613695023e-06
9.560000000000e+01 6.929322679756e-07
9.570000000000e+01 -2.965479400385e-07
9.580000000000e+01 -1.274858159866e-06
9.590000000000e+01 -2.237131830869e-06
9.600000000000e+01 -3.175201827566e-06
9.610000000000e+01 -4.092037806179e-06
9.620000000000e+01 -4.983565132528e-06
9.630000000000e+01 -5.844607733632e-06
9.640000000000e+01 -6.680779190767e-06
9.650000000000e+01 -7.489618295461e-06
9.660000000000e+01 -8.269624886869e-06
9.670000000000e+01 -9.029152270347e-06
9.680000000000e+01 -9.767432683053e-06
9.690000000000e+01 -1.048636174608e-05
9.700000000000e+01 -1.119607031479e-05
9.710000000000e+01 -1.189646617374e-05
9.720000000000e+01 -1.259139544909e-05
9.730000000000e+01 -1.329075675561e-05
9.740000000000e+01 -1.399324650947e-05
9.750000000000e+01 -1.470252205087e-05
9.760000000000e+01 -1.542589980735e-05
9.770000000000e+01 -1.615899737130e-05
9.780000000000e+01 -1.690347969325e-05
9.790000000000e+01 -1.766249372349e-05
9.800000000000e+01 -1.842780741097e-05
9.810000000000e+01 -1.919861155961e-05
9.820000000000e+01 -1.997387413104e-05
9.830000000000e+01 -2.074239954611e-05
9.840000000000e+01 -2.150202232589e-05
9.850000000000e+01 -2.224906530308e-05
9.860000000000e+01 -2.297155287400e-05
9.870000000000e+01 -2.366804322285e-05
9.880000000000e+01 -2.433441685236e-05
9.890000000000e+01 -2.496034527272e-05
9.900000000000e+01 -2.554702153678e-05
9.910000000000e+01 -2.609162183573e-05
9.920000000000e+01 -2.658707326093e-05
9.930000000000e+01 -2.703804763867e-05
9.940000000000e+01 -2.744359697995e-05
9.950000000000e+01 -2.780023860226e-05
9.960000000000e+01 -2.811571474820e-05
9.970000000000e+01 -2.839043142854e-05
9.980000000000e+01 -2.862382163966e-05
9.990000000000e+01 -2.882548207264e-05
1.000000000000e+02 -2.899609849588e-05
1.001000000000e+02 -2.913693264848e-05
1.002000000000e+02 -2.925801151169e-05
1.003000000000e+02 -2.935920522608e-05
1.004000000000e+02 -2.944253976161e-05
1.005000000000e+02 -2.951717283116e-05
1.006000000000e+02 -2.958125112691e-05
1.007000000000e+02 -2.963663273105e-05
1.008000000000e+02 -2.969047923051e-05
1.009000000000e+02 -2.973849564433e-05
1.010000000000e+02 -2.978158213729e-05
1.011000000000e+02 -2.982401030863e-05
1.012000000000e+02 -2.985863430806e-05
1.013000000000e+02 -2.988495853859e-05
1.014000000000e+02 -2.990400574653e-05
1.015000000000e+02 -2.990603797682e-05
1.016000000000e+02 -2.988948127255e-05
1.017000000000e+02 -2.985268647068e-05
1.018000000000e+02 -2.978458033581e-05
1.019000000000e+02 -2.968380862989e-05
1.020000000000e+02 -2.954762987946e-05
1.021000000000e+02 -2.936574850685e-05
1.022000000000e+02 -2.913895779632e-05
1.023000000000e+02 -2.886543622979e-05
1.024000000000e+02 -2.853785574058e-05
1.025000000000e+02 -2.816078961080e-05
1.026000000000e+02 -2.773475803400e-05
1.027000000000e+02 -2.725661218113e-05
1.028000000000e+02 -2.673505634994e-05
1.029000000000e+02 -2.617293071008e-05
1.030000000000e+02 -2.557084875269e-05
1.031000000000e+02 -2.494034357707e-05
1.032000000000e+02 -2.428503588925e-05
1.033000000000e+02 -2.360749143736e-05
1.034000000000e+02 -2.291966504712e-05
1.035000000000e+02 -2.222370474296e-05
1.036000000000e+02 -2.152192936370e-05
1.037000000000e+02 -2.082434629382e-05
1.038000000000e+02 -2.012983856366e-05
1.039000000000e+02 -1.943901755575e-05
1.040000000000e+02 -1.875862460966e-05
1.041000000000e+02 -1.808375579511e-05
1.042000000000e+02 -1.741316138746e-05
1.043000000000e+02 -1.675035734622e-05
1.044000000000e+02 -1.608742820874e-05
1.045000000000e+02 -1.542219733788e-05
1.046000000000e+02 -1.475593578633e-05
1.047000000000e+02 -1.407920439979e-05
1.048000000000e+02 -1.339025130655e-05
1.049000000000e+02 -1.268933303266e-05
1.050000000000e+02 -1.196701896587e-05
1.051000000000e+02 -1.122317318038e-05
1.052000000000e+02 -1.045806079172e-05
1.053000000000e+02 -9.663499846177e-06
1.054000000000e+02 -8.841801777953e-06
1.055000000000e+02 -7.993969213992e-06
1.056000000000e+02 -7.113998075863e-06
1.057000000000e+02 -6.207150449592e-06
1.058000000000e+02 -5.275631575937e-06
1.059000000000e+02 -4.316216249902e-06
1.060000000000e+02 -3.337221367581e-06
1.061000000000e+02 -2.342105257467e-06
1.062000000000e+02 -1.330459296000e-06
1.063000000000e+02 -3.130792692306e-07
1.064000000000e+02 7.059974021818e-07
1.065000000000e+02 1.725185940643e-06
1.066000000000e+02 2.732684792215e-06
1.067000000000e+02 3.725381590712e-06
1.068000000000e+02 4.701332566616e-06
1.069000000000e+02 5.649849312849e-06
1.070000000000e+02 6.570632720139e-06
1.071000000000e+02 7.463186861673e-06
1.072000000000e+02 8.319883103510e-06
1.073000000000e+02 9.144579275721e-06
1.074000000000e+02 9.939223398188e-06
1.075000000000e+02 1.070004643754e-05
1.076000000000e+02 1.143499464032e-05
1.077000000000e+02 1.214794743417e-05
1.078000000000e+02 1.283817739829e-05
1.079000000000e+02 1.351606216179e-05
1.080000000000e+02 1.418551883996e-05
1.081000000000e+02 1.484685203046e-05
1.082000000000e+02 1.551034438198e-05
1.083000000000e+02 1.617762167091e-05
1.084000000000e+02 1.684792260388e-05
1.085000000000e+02 1.752923495967e-05
1.086000000000e+02 1.821931020768e-05
1.087000000000e+02 1.891521958461e-05
1.088000000000e+02 1.962170898647e-05
1.089000000000e+02 2.033250597198e-05
1.090000000000e+02 2.104282504620e-05
1.091000000000e+02 2.175461790487e-05
1.092000000000e+02 2.245872742296e-05
1.093000000000e+02 2.314984519773e-05
1.094000000000e+02 2.382839647440e-05
1.095000000000e+02 2.448404951081e-05
1.096000000000e+02 2.511255108913e-05
1.097000000000e+02 2.571412075176e-05
1.098000000000e+02 2.627881747078e-05
1.099000000000e+02 2.680466475186e-05
1.100000000000e+02 2.729259632297e-05
1.101000000000e+02 2.773416809770e-05
1.102000000000e+02 2.813038104308e-05
1.103000000000e+02 2.848336200402e-05
1.104000000000e+02 2.878684413127e-05
1.105000000000e+02 2.904507107699e-05
1.106000000000e+02 2.926149076873e-05
1.107000000000e+02 2.943231104987e-05
1.108000000000e+02 2.956483816562e-05
1.109000000000e+02 2.966353477532e-05
1.110000000000e+02 2.972683607682e-05
1.111000000000e+02 2.976428582305e-05
1.112000000000e+02 2.978040261594e-05
1.113000000000e+02 2.977485561933e-05
1.114000000000e+02 2.975783926167e-05
1.115000000000e+02 2.973231511381e-05
1.116000000000e+02 2.969759246959e-05
1.117000000000e+02 2.966250261795e-05
1.118000000000e+02 2.962669515126e-05
1.119000000000e+02 2.958760203609e-05
1.120000000000e+02 2.955107475915e-05
1.121000000000e+02 2.951245306986e-05
1.122000000000e+02 2.946676308280e-05
1.123000000000e+02 2.941652460753e-05
1.124000000000e+02 2.935325468526e-05
1.125000000000e+02 2.927056124321e-05
1.126000000000e+02 2.916882871729e-05
1.127000000000e+02 2.903770601656e-05
1.128000000000e+02 2.887156658115e-05
1.129000000000e+02 2.867080226175e-05
1.130000000000e+02 2.842575000247e-05
1.131000000000e+02 2.813387226391e-05
1.132000000000e+02 2.779749102377e-05
1.133000000000e+02 2.740957763188e-05
1.134000000000e+02 2.697199610895e-05
1.135000000000e+02 2.648969608491e-05
1.136000000000e+02 2.595881345161e-05
1.137000000000e+02 2.538537792539e-05
1.138000000000e+02 2.477619674707e-05
1.139000000000e+02 2.412972508670e-05
1.140000000000e+02 2.345469809495e-05
1.141000000000e+02 2.275810191949e-05
1.142000000000e+02 2.203921251636e-05
1.143000000000e+02 2.130762262544e-05
1.144000000000e+02 2.056877851641e-05
1.145000000000e+02 1.982144685454e-05
1.146000000000e+02 1.907457969863e-05
1.147000000000e+02 1.833092093236e-05
1.148000000000e+02 1.758798965612e-05
1.149000000000e+02 1.685321355027e-05
1.150000000000e+02 1.612613168777e-05
1.151000000000e+02 1.540283862494e-05
1.152000000000e+02 1.468886146498e-05
1.153000000000e+02 1.398053524955e-05
1.154000000000e+02 1.327275223702e-05
1.155000000000e+02 1.256915696374e-05
1.156000000000e+02 1.186332497526e-05
1.157000000000e+02 1.114957713066e-05
1.158000000000e+02 1.043017491342e-05
1.159000000000e+02 9.696946298180e-06
1.160000000000e+02 8.944815848619e-06
1.161000000000e+02 8.175759347649e-06
1.162000000000e+02 7.381469067659e-06
1.163000000000e+02 6.559112043156e-06
1.164000000000e+02 5.711856436181e-06
1.165000000000e+02 4.833079373680e-06
1.166000000000e+02 3.923743105431e-06
1.167000000000e+02 2.989383289940e-06
1.168000000000e+02 2.026292359525e-06
1.169000000000e+02 1.039852909320e-06
1.170000000000e+02 3.802297996694e-08
1.171000000000e+02 -9.800879704453e-07
1.172000000000e+02 -2.005551440772e-06
1.173000000000e+02 -3.029401392975e-06
1.174000000000e+02 -4.051234325043e-06
1.175000000000e+02 -5.060746485704e-06
1.176000000000e+02 -6.050350894166e-06
1.177000000000e+02 -7.020545219260e-06
1.178000000000e+02 -7.962136258129e-06
1.179000000000e+02 -8.871143307317e-06
1.180000000000e+02 -9.750637891117e-06
1.181000000000e+02 -1.059414927511e-05
1.182000000000e+02 -1.140228815626e-05
1.183000000000e+02 -1.218095942171e-05
1.184000000000e+02 -1.292649617387e-05
1.185000000000e+02 -1.364347909750e-05
1.186000000000e+02 -1.433943948881e-05
1.187000000000e+02 -1.501229660134e-05
1.188000000000e+02 -1.566887624030e-05
1.189000000000e+02 -1.631638379498e-05
1.190000000000e+02 -1.695266355577e-05
1.191000000000e+02 -1.758489326774e-05
1.192000000000e+02 -1.821818819327e-05
1.193000000000e+02 -1.884906303612e-05
1.194000000000e+02 -1.948371620415e-05
1.195000000000e+02 -2.012415828496e-05
1.196000000000e+02 -2.076508954613e-05
1.197000000000e+02 -2.141114743972e-05
1.198000000000e+02 -2.206099313165e-05
1.199000000000e+02 -2.270767675109e-05
1.200000000000e+02 -2.335424554635e-05
1.201000000000e+02 -2.399629466422e-05
1.202000000000e+02 -2.462579318479e-05
1.203000000000e+02 -2.524453027260e-05
1.204000000000e+02 -2.584571591617e-05
1.205000000000e+02 -2.642115176375e-05
1.206000000000e+02 -2.697208200677e-05
1.207000000000e+02 -2.749046700128e-05
1.208000000000e+02 -2.796926400973e-05
1.209000000000e+02 -2.841031393820e-05
1.210000000000e+02 -2.880588667854e-05
1.211000000000e+02 -2.915168819136e-05
1.212000000000e+02 -2.945146352954e-05
1.213000000000e+02 -2.969935561857e-05
1.214000000000e+02 -2.989512455899e-05
1.215000000000e+02 -3.004522975544e-05
1.216000000000e+02 -3.014650864639e-05
1.217000000000e+02 -3.020303402668e-05
1.218000000000e+02 -3.022359104814e-05
1.219000000000e+02 -3.020719521738e-05
1.220000000000e+02 -3.016103365640e-05
1.221000000000e+02 -3.009445920268e-05
1.222000000000e+02 -3.000689680510e-05
1.223000000000e+02 -2.990636667505e-05
1.224000000000e+02 -2.980031093328e-05
1.225000000000e+02 -2.968641764255e-05
1.226000000000e+02 -2.957123968093e-05
1.227000000000e+02 -2.945828208153e-05
1.228000000000e+02 -2.934215513157e-05
1.229000000000e+02 -2.922675209022e-05
1.230000000000e+02 -2.911104497223e-05
1.231000000000e+02 -2.898677806041e-05
1.232000000000e+02 -2.885558342003e-05
1.233000000000e+02 -2.871290915941e-05
1.234000000000e+02 -2.854925367752e-05
1.235000000000e+02 -2.836555387708e-05
1.236000000000e+02 -2.815567270050e-05
1.237000000000e+02 -2.791102233273e-05
1.238000000000e+02 -2.763360909765e-05
1.239000000000e+02 -2.731757150179e-05
1.240000000000e+02 -2.695696615600e-05
1.241000000000e+02 -2.655598624651e-05
1.242000000000e+02 -2.611013796572e-05
1.243000000000e+02 -2.561692638338e-05
1.244000000000e+02 -2.508292398902e-05
1.245000000000e+02 -2.450524119937e-05
1.246000000000e+02 -2.388479444701e-05
1.247000000000e+02 -2.323003063890e-05
1.248000000000e+02 -2.253934565352e-05
1.249000000000e+02 -2.181652346036e-05
1.250000000000e+02 -2.107101306249e-05
1.251000000000e+02 -2.030188886254e-05
1.252000000000e+02 -1.951494768705e-05
1.253000000000e+02 -1.871952319876e-05
1.254000000000e+02 -1.791451218977e-05
1.255000000000e+02 -1.710655425061e-05
1.256000000000e+02 -1.630349090819e-05
1.257000000000e+02 -1.550293486116e-05
1.258000000000e+02 -1.471095418893e-05
1.259000000000e+02 -1.393243626260e-05
1.260000000000e+02 -1.316263610952e-05
1.261000000000e+02 -1.240581183759e-05
1.262000000000e+02 -1.166288822349e-05
1.263000000000e+02 -1.092633886019e-05
1.264000000000e+02 -1.019822013168e-05
1.265000000000e+02 -9.475597248726e-06
1.266000000000e+02 -8.748961210130e-06
1.267000000000e+02 -8.019066629996e-06
1.268000000000e+02 -7.280580862006e-06
1.269000000000e+02 -6.524033694728e-06
1.270000000000e+02 -5.750817586246e-06
1.271000000000e+02 -4.955498974568e-06
1.272000000000e+02 -4.131115257498e-06
1.273000000000e+02 -3.281711503630e-06
1.274000000000e+02 -2.403777126334e-06
1.275000000000e+02 -1.494600555574e-06
1.276000000000e+02 -5.618339179476e-07
1.277000000000e+02 3.953912712599e-07
1.278000000000e+02 1.375360863404e-06
1.279000000000e+02 2.367499346534e-06
1.280000000000e+02 3.370909196842e-06
1.281000000000e+02 4.380820040577e-06
1.282000000000e+02 5.385711626830e-06
1.283000000000e+02 6.384783015535e-06
1.284000000000e+02 7.372288629252e-06
1.285000000000e+02 8.338043450620e-06
1.286000000000e+02 9.283137171240e-06
1.287000000000e+02 1.020259161207e-05
1.288000000000e+02 1.108916680404e-05
1.289000000000e+02 1.194675840409e-05
1.290000000000e+02 1.277193994300e-05
1.291000000000e+02 1.356095258471e-05
1.292000000000e+02 1.432036933781e-05
1.293000000000e+02 1.504817770662e-05
1.294000000000e+02 1.574376934071e-05
1.295000000000e+02 1.641556710362e-05
1.296000000000e+02 1.706232259682e-05
1.297000000000e+02 1.768580968130e-05
1.298000000000e+02 1.829518658825e-05
1.299000000000e+02 1.888914399816e-05
1.300000000000e+02 1.947088375023e-05
1.301000000000e+02 2.004906797999e-05
1.302000000000e+02 2.062140550644e-05
1.303000000000e+02 2.119141387792e-05
1.304000000000e+02 2.176592719113e-05
1.305000000000e+02 2.234068002299e-05
1.306000000000e+02 2.291832228095e-05
1.307000000000e+02 2.350260985230e-05
1.308000000000e+02 2.408651787386e-05
1.309000000000e+02 2.467097037689e-05
1.310000000000e+02 2.525597276888e-05
1.311000000000e+02 2.583171213512e-05
1.312000000000e+02 2.639743191613e-05
1.313000000000e+02 2.694983773641e-05
1.314000000000e+02 2.747749468780e-05
1.315000000000e+02 2.797920782668e-05
1.316000000000e+02 2.845004690395e-05
1.317000000000e+02 2.887915867412e-05
1.318000000000e+02 2.926694991191e-05
1.319000000000e+02 2.960908567009e-05
1.320000000000e+02 2.989766694924e-05
1.321000000000e+02 3.013652112958e-05
1.322000000000e+02 3.032358979877e-05
1.323000000000e+02 3.045533293756e-05
1.324000000000e+02 3.053954404943e-05
1.325000000000e+02 3.057666925372e-05
1.326000000000e+02 3.056728192310e-05
1.327000000000e+02 3.052202246677e-05
1.328000000000e+02 3.044252848023e-05
1.329000000000e+02 3.033181710730e-05
1.330000000000e+02 3.020112653136e-05
1.331000000000e+02 3.005121064182e-05
1.332000000000e+02 2.988540522487e-05
1.333000000000e+02 2.971325896831e-05
1.334000000000e+02 2.953291475797e-05
1.335000000000e+02 2.934650394276e-05
1.336000000000e+02 2.916049949782e-05
1.337000000000e+02 2.896979502116e-05
1.338000000000e+02 2.877491414806e-05
1.339000000000e+02 2.857905054293e-05
1.340000000000e+02 2.837433100147e-05
1.341000000000e+02 2.816021251613e-05
1.342000000000e+02 2.793724799495e-05
1.343000000000e+02 2.769593135900e-05
1.344000000000e+02 2.743561819835e-05
1.345000000000e+02 2.715518307363e-05
1.346000000000e+02 2.684478833739e-05
1.347000000000e+02 2.650468337821e-05
1.348000000000e+02 2.613305915410e-05
1.349000000000e+02 2.572101604905e-05
1.350000000000e+02 2.527062183722e-05
1.351000000000e+02 2.478037136366e-05
1.352000000000e+02 2.424351769143e-05
1.353000000000e+02 2.366477548027e-05
1.354000000000e+02 2.304384476551e-05
1.355000000000e+02 2.237712363142e-05
1.356000000000e+02 2.167245487267e-05
1.357000000000e+02 2.093120812788e-05
1.358000000000e+02 2.015326144238e-05
1.359000000000e+02 1.934925091704e-05
1.360000000000e+02 1.852176816323e-05
1.361000000000e+02 1.767342320916e-05
1.362000000000e+02 1.681619133063e-05
1.363000000000e+02 1.595237802170e-05
1.364000000000e+02 1.508554799122e-05
1.365000000000e+02 1.422673675655e-05
1.366000000000e+02 1.337591490600e-05
1.367000000000e+02 1.253553316119e-05
1.368000000000e+02 1.171351173480e-05
1.369000000000e+02 1.090593631694e-05
1.370000000000e+02 1.011287247497e-05
1.371000000000e+02 9.338117286009e-06
1.372000000000e+02 8.573757738319e-06
1.373000000000e+02 7.817750642966e-06
1.374000000000e+02 7.070432617829e-06
1.375000000000e+02 6.321407413979e-06
1.376000000000e+02 5.568229158557e-06
1.377000000000e+02 4.809684821489e-06
1.378000000000e+02 4.035327429075e-06
1.379000000000e+02 3.244515408174e-06
1.380000000000e+02 2.436568173652e-06
1.381000000000e+02 1.603180826698e-06
1.382000000000e+02 7.470941519291e-07
1.383000000000e+02 -1.306163863837e-07
1.384000000000e+02 -1.035031638486e-06
1.385000000000e+02 -1.959718881063e-06
1.386000000000e+02 -2.901869378707e-06
1.387000000000e+02 -3.863505644828e-06
1.388000000000e+02 -4.835342139989e-06
1.389000000000e+02 -5.813778744411e-06
1.390000000000e+02 -6.798714616107e-06
1.391000000000e+02 -7.779408987139e-06
1.392000000000e+02 -8.752707803971e-06
1.393000000000e+02 -9.717492734931e-06
1.394000000000e+02 -1.066298206612e-05
1.395000000000e+02 -1.158756794627e-05
1.396000000000e+02 -1.249008073148e-05
1.397000000000e+02 -1.336092248180e-05
1.398000000000e+02 -1.420089544018e-05
1.399000000000e+02 -1.500957829651e-05
1.400000000000e+02 -1.577958604535e-05
1.401000000000e+02 -1.651475413472e-05
1.402000000000e+02 -1.721599301318e-05
1.403000000000e+02 -1.787883325433e-05
1.404000000000e+02 -1.851032096730e-05
1.405000000000e+02 -1.911277642107e-05
1.406000000000e+02 -1.968466124804e-05
1.407000000000e+02 -2.023558507080e-05
1.408000000000e+02 -2.076848275099e-05
1.409000000000e+02 -2.128376738169e-05
1.410000000000e+02 -2.179196442574e-05
1.411000000000e+02 -2.229493937433e-05
1.412000000000e+02 -2.279326150696e-05
1.413000000000e+02 -2.329613080047e-05
1.414000000000e+02 -2.380238269649e-05
1.415000000000e+02 -2.431092917055e-05
1.416000000000e+02 -2.482776203599e-05
1.417000000000e+02 -2.534747223422e-05
1.418000000000e+02 -2.586650984605e-05
1.419000000000e+02 -2.638709645459e-05
1.420000000000e+02 -2.689990805581e-05
1.421000000000e+02 -2.739971362137e-05
1.422000000000e+02 -2.788603273700e-05
1.423000000000e+02 -2.834749122808e-05
1.424000000000e+02 -2.877922371033e-05
1.425000000000e+02 -2.918014048177e-05
1.426000000000e+02 -2.953934899181e-05
1.427000000000e+02 -2.985461277521e-05
1.428000000000e+02 -3.012619742669e-05
1.429000000000e+02 -3.034570458852e-05
1.430000000000e+02 -3.051489224667e-05
1.431000000000e+02 -3.063625192528e-05
1.432000000000e+02 -3.070460365062e-05
1.433000000000e+02 -3.072565935355e-05
1.434000000000e+02 -3.070367974022e-05
1.435000000000e+02 -3.063616551736e-05
1.436000000000e+02 -3.053161797194e-05
1.437000000000e+02 -3.039476497965e-05
1.438000000000e+02 -3.022460365188e-05
1.439000000000e+02 -3.003083992423e-05
1.440000000000e+02 -2.981723582059e-05
1.441000000000e+02 -2.958311394952e-05
1.442000000000e+02 -2.933795889208e-05
1.443000000000e+02 -2.908345322728e-05
1.444000000000e+02 -2.881839421262e-05
1.445000000000e+02 -2.855096458463e-05
1.446000000000e+02 -2.828004434417e-05
1.447000000000e+02 -2.800336607614e-05
1.448000000000e+02 -2.772704310410e-05
1.449000000000e+02 -2.744678308168e-05
1.450000000000e+02 -2.715902578627e-05
1.451000000000e+02 -2.686743720365e-05
1.452000000000e+02 -2.656468157919e-05
1.453000000000e+02 -2.624620664879e-05
1.454000000000e+02 -2.591352231769e-05
1.455000000000e+02 -2.555716385928e-05
1.456000000000e+02 -2.517267911745e-05
1.457000000000e+02 -2.476057833394e-05
1.458000000000e+02 -2.431102896748e-05
1.459000000000e+02 -2.382146414859e-05
1.460000000000e+02 -2.329313503976e-05
1.461000000000e+02 -2.271795713508e-05
1.462000000000e+02 -2.209705270397e-05
1.463000000000e+02 -2.143391366424e-05
1.464000000000e+02 -2.072373201977e-05
1.465000000000e+02 -1.997216757256e-05
1.466000000000e+02 -1.918527711434e-05
1.467000000000e+02 -1.836163796956e-05
1.468000000000e+02 -1.751070297041e-05
1.469000000000e+02 -1.663985147594e-05
1.470000000000e+02 -1.574962206936e-05
1.471000000000e+02 -1.485112875695e-05
1.472000000000e+02 -1.395077267907e-05
1.473000000000e+02 -1.304886611433e-05
1.474000000000e+02 -1.215566203523e-05
1.475000000000e+02 -1.127436313495e-05
1.476000000000e+02 -1.040329727991e-05
1.477000000000e+02 -9.550121371602e-06
1.478000000000e+02 -8.713759635756e-06
1.479000000000e+02 -7.890093623278e-06
1.480000000000e+02 -7.083872182302e-06
1.481000000000e+02 -6.290153484735e-06
1.482000000000e+02 -5.503267644883e-06
1.483000000000e+02 -4.725964903296e-06
1.484000000000e+02 -3.950893662461e-06
1.485000000000e+02 -3.172448497749e-06
1.486000000000e+02 -2.392767577209e-06
1.487000000000e+02 -1.603786616211e-06
1.488000000000e+02 -8.015167264347e-07
1.489000000000e+02 1.135187288644e-08
1.490000000000e+02 8.422485877517e-07
1.491000000000e+02 1.692498466947e-06
1.492000000000e+02 2.558194060665e-06
1.493000000000e+02 3.445275242731e-06
1.494000000000e+02 4.351882067796e-06
1.495000000000e+02 5.272657095610e-06
1.496000000000e+02 6.211595212614e-06
1.497000000000e+02 7.163558949670e-06
1.498000000000e+02 8.121876548430e-06
1.499000000000e+02 9.088552852817e-06
1.500000000000e+02 1.005558630263e-05
1.501000000000e+02 1.101563650686e-05
1.502000000000e+02 1.196928131700e-05
1.503000000000e+02 1.290677297543e-05
1.504000000000e+02 1.382142337733e-05
1.505000000000e+02 1.471365170666e-05
1.506000000000e+02 1.557375137033e-05
1.507000000000e+02 1.639749218628e-05
1.508000000000e+02 1.718675036457e-05
1.509000000000e+02 1.793377021182e-05
1.510000000000e+02 1.863836592427e-05
1.511000000000e+02 1.930501409330e-05
1.512000000000e+02 1.992904124597e-05
1.513000000000e+02 2.051477678249e-05
1.514000000000e+02 2.106915107209e-05
1.515000000000e+02 2.159024243778e-05
1.516000000000e+02 2.208578476412e-05
1.517000000000e+02 2.256352518706e-05
1.518000000000e+02 2.302258328946e-05
1.519000000000e+02 2.347179679264e-05
1.520000000000e+02 2.391727867185e-05
1.521000000000e+02 2.435700523769e-05
1.522000000000e+02 2.479852100879e-05
1.523000000000e+02 2.524423197812e-05
1.524000000000e+02 2.568950742297e-05
1.525000000000e+02 2.613923533236e-05
1.526000000000e+02 2.659139037372e-05
1.527000000000e+02 2.703872859698e-05
1.528000000000e+02 2.748362725597e-05
1.529000000000e+02 2.792042880196e-05
1.530000000000e+02 2.834060176775e-05
1.531000000000e+02 2.874528490973e-05
1.532000000000e+02 2.912689848652e-05
1.533000000000e+02 2.947750269990e-05
1.534000000000e+02 2.979853959473e-05
1.535000000000e+02 3.008224663477e-05
1.536000000000e+02 3.032287567973e-05
1.537000000000e+02 3.052327002845e-05
1.538000000000e+02 3.067667933462e-05
1.539000000000e+02 3.078046440881e-05
1.540000000000e+02 3.083930391168e-05
1.541000000000e+02 3.084803610438e-05
1.542000000000e+02 3.080741772492e-05
1.543000000000e+02 3.072387665788e-05
1.544000000000e+02 3.059396781309e-05
1.545000000000e+02 3.042167010378e-05
1.546000000000e+02 3.021469138308e-05
1.547000000000e+02 2.997104391914e-05
1.548000000000e+02 2.969728709625e-05
1.549000000000e+02 2.940148921543e-05
1.550000000000e+02 2.908235263417e-05
1.551000000000e+02 2.874778749208e-05
1.552000000000e+02 2.840477013407e-05
1.553000000000e+02 2.805140146199e-05
1.554000000000e+02 2.769523453946e-05
1.555000000000e+02 2.734042589016e-05
1.556000000000e+02 2.698306542656e-05
1.557000000000e+02 2.662873491725e-05
1.558000000000e+02 2.627747114946e-05
1.559000000000e+02 2.592261090596e-05
1.560000000000e+02 2.556707477091e-05
1.561000000000e+02 2.520670211569e-05
1.562000000000e+02 2.483268400509e-05
1.563000000000e+02 2.444603615378e-05
1.564000000000e+02 2.403983324768e-05
1.565000000000e+02 2.360508972359e-05
1.566000000000e+02 2.314285326517e-05
1.567000000000e+02 2.264581859714e-05
1.568000000000e+02 2.210733476707e-05
1.569000000000e+02 2.153058627575e-05
1.570000000000e+02 2.091007032646e-05
1.571000000000e+02 2.024331703708e-05
1.572000000000e+02 1.953676159672e-05
1.573000000000e+02 1.878763830028e-05
1.574000000000e+02 1.799799323092e-05
1.575000000000e+02 1.717705653619e-05
1.576000000000e+02 1.632419144432e-05
1.577000000000e+02 1.544479772747e-05
1.578000000000e+02 1.454919175187e-05
1.579000000000e+02 1.363727705648e-05
1.580000000000e+02 1.271591482628e-05
1.581000000000e+02 1.179445108818e-05
1.582000000000e+02 1.087170890873e-05
1.583000000000e+02 9.954322101371e-06
1.584000000000e+02 9.049112231847e-06
1.585000000000e+02 8.152866125920e-06
1.586000000000e+02 7.271032847407e-06
1.587000000000e+02 6.407195606762e-06
1.588000000000e+02 5.555952110873e-06
1.589000000000e+02 4.721322660517e-06
1.590000000000e+02 3.903634051663e-06
1.591000000000e+02 3.095708314695e-06
1.592000000000e+02 2.300346260214e-06
1.593000000000e+02 1.515045699137e-06
1.594000000000e+02 7.316203374334e-07
1.595000000000e+02 -4.781793555960e-08
1.596000000000e+02 -8.277871484382e-07
1.597000000000e+02 -1.616361054872e-06
1.598000000000e+02 -2.411210068609e-06
1.599000000000e+02 -3.217611800158e-06
1.600000000000e+02 -4.042035203315e-06
1.601000000000e+02 -4.880694719738e-06
1.602000000000e+02 -5.738087822698e-06
1.603000000000e+02 -6.617511099099e-06
1.604000000000e+02 -7.512580235850e-06
1.605000000000e+02 -8.425758381941e-06
1.606000000000e+02 -9.356202026156e-06
1.607000000000e+02 -1.029460533144e-05
1.608000000000e+02 -1.124116601996e-05
1.609000000000e+02 -1.219120736089e-05
1.610000000000e+02 -1.313353379625e-05
1.611000000000e+02 -1.406722355300e-05
1.612000000000e+02 -1.498546020310e-05
1.613000000000e+02 -1.587737932840e-05
1.614000000000e+02 -1.674302992179e-05
1.615000000000e+02 -1.757583531711e-05
1.616000000000e+02 -1.836774049728e-05
1.617000000000e+02 -1.912171622817e-05
1.618000000000e+02 -1.983331322896e-05
1.619000000000e+02 -2.049883752129e-05
1.620000000000e+02 -2.112490669299e-05
1.621000000000e+02 -2.170966711601e-05
1.622000000000e+02 -2.225371632799e-05
1.623000000000e+02 -2.276641913879e-05
1.624000000000e+02 -2.324746855327e-05
1.625000000000e+02 -2.370027364209e-05
1.626000000000e+02 -2.413492665536e-05
1.627000000000e+02 -2.455083143927e-05
1.628000000000e+02 -2.495222266820e-05
1.629000000000e+02 -2.534778910693e-05
1.630000000000e+02 -2.573503563372e-05
1.631000000000e+02 -2.611748583170e-05
1.632000000000e+02 -2.650101936000e-05
1.633000000000e+02 -2.688050802522e-05
1.634000000000e+02 -2.725812815032e-05
1.635000000000e+02 -2.763651423667e-05
1.636000000000e+02 -2.800807949957e-05
1.637000000000e+02 -2.837378783771e-05
1.638000000000e+02 -2.873330930113e-05
1.639000000000e+02 -2.907734151068e-05
1.640000000000e+02 -2.940618634936e-05
1.641000000000e+02 -2.971721442148e-05
1.642000000000e+02 -3.000043294186e-05
1.643000000000e+02 -3.025624960325e-05
1.644000000000e+02 -3.048066924038e-05
1.645000000000e+02 -3.066426282435e-05
1.646000000000e+02 -3.080853297116e-05
1.647000000000e+02 -3.090933290043e-05
1.648000000000e+02 -3.095925598925e-05
1.649000000000e+02 -3.096203013966e-05
1.650000000000e+02 -3.091466704309e-05
1.651000000000e+02 -3.081313535228e-05
1.652000000000e+02 -3.066423808916e-05
1.653000000000e+02 -3.046701277780e-05
1.654000000000e+02 -3.022142791090e-05
1.655000000000e+02 -2.993728628643e-05
1.656000000000e+02 -2.961544779101e-05
1.657000000000e+02 -2.925923483446e-05
1.658000000000e+02 -2.888006791468e-05
1.659000000000e+02 -2.847916675210e-05
1.660000000000e+02 -2.806134543779e-05
1.661000000000e+02 -2.763727999233e-05
1.662000000000e+02 -2.720640455805e-05
1.663000000000e+02 -2.677275989718e-05
1.664000000000e+02 -2.634394510027e-05
1.665000000000e+02 -2.591589944826e-05
1.666000000000e+02 -2.549038492050e-05
1.667000000000e+02 -2.507074312618e-05
1.668000000000e+02 -2.464912521493e-05
1.669000000000e+02 -2.422504933349e-05
1.670000000000e+02 -2.379809139773e-05
1.671000000000e+02 -2.335794128103e-05
1.672000000000e+02 -2.290334293718e-05
1.673000000000e+02 -2.243186418484e-05
1.674000000000e+02 -2.193299670681e-05
1.675000000000e+02 -2.140673110482e-05
1.676000000000e+02 -2.085063225901e-05
1.677000000000e+02 -2.025611010154e-05
1.678000000000e+02 -1.962592899292e-05
1.679000000000e+02 -1.895895959588e-05
1.680000000000e+02 -1.824971047575e-05
1.681000000000e+02 -1.750418177208e-05
1.682000000000e+02 -1.672281575271e-05
1.683000000000e+02 -1.590333792140e-05
1.684000000000e+02 -1.505447385835e-05
1.685000000000e+02 -1.417771718964e-05
1.686000000000e+02 -1.327343698568e-05
1.687000000000e+02 -1.235204808114e-05
1.688000000000e+02 -1.141523942953e-05
1.689000000000e+02 -1.046516915810e-05
1.690000000000e+02 -9.512730483232e-06
1.691000000000e+02 -8.558868034156e-06
1.692000000000e+02 -7.606551189439e-06
1.693000000000e+02 -6.665855258963e-06
1.694000000000e+02 -5.735983885091e-06
1.695000000000e+02 -4.819626594178e-06
1.696000000000e+02 -3.924701922427e-06
1.697000000000e+02 -3.047711593192e-06
1.698000000000e+02 -2.190045749774e-06
1.699000000000e+02 -1.356383460775e-06
1.700000000000e+02 -5.399925155497e-07
1.701000000000e+02 2.594970363261e-07
1.702000000000e+02 1.040922249777e-06
1.703000000000e+02 1.813804621859e-06
1.704000000000e+02 2.579668308306e-06
1.705000000000e+02 3.339930370241e-06
1.706000000000e+02 4.105247980947e-06
1.707000000000e+02 4.876595918767e-06
1.708000000000e+02 5.656028041531e-06
1.709000000000e+02 6.452940043757e-06
1.710000000000e+02 7.265648443999e-06
1.711000000000e+02 8.094787424333e-06
1.712000000000e+02 8.946401398237e-06
1.713000000000e+02 9.814750542277e-06
1.714000000000e+02 1.069799069083e-05
1.715000000000e+02 1.159806056615e-05
1.716000000000e+02 1.250532104432e-05
1.717000000000e+02 1.341599746983e-05
1.718000000000e+02 1.432883162830e-05
1.719000000000e+02 1.523199902173e-05
1.720000000000e+02 1.612164068114e-05
1.721000000000e+02 1.699528034089e-05
1.722000000000e+02 1.784133302974e-05
1.723000000000e+02 1.865798815478e-05
1.724000000000e+02 1.944349758795e-05
1.725000000000e+02 2.018852746786e-05
1.726000000000e+02 2.089469087538e-05
1.727000000000e+02 2.156198281479e-05
1.728000000000e+02 2.218420995391e-05
1.729000000000e+02 2.276656379647e-05
1.730000000000e+02 2.331065091181e-05
1.731000000000e+02 2.381319930520e-05
1.732000000000e+02 2.428214608093e-05
1.733000000000e+02 2.471982348370e-05
1.734000000000e+02 2.512504456337e-05
1.735000000000e+02 2.550722300852e-05
1.736000000000e+02 2.586831540434e-05
1.737000000000e+02 2.620824443673e-05
1.738000000000e+02 2.653659672200e-05
1.739000000000e+02 2.685392566557e-05
1.740000000000e+02 2.716032844655e-05
1.741000000000e+02 2.746432817956e-05
1.742000000000e+02 2.776415606590e-05
1.743000000000e+02 2.805919987050e-05
1.744000000000e+02 2.835578845048e-05
1.745000000000e+02 2.864910105099e-05
1.746000000000e+02 2.893714374209e-05
1.747000000000e+02 2.922329086418e-05
1.748000000000e+02 2.949947484427e-05
1.749000000000e+02 2.976227815467e-05
1.750000000000e+02 3.001219464761e-05
1.751000000000e+02 3.023869313536e-05
1.752000000000e+02 3.043790528968e-05
1.753000000000e+02 3.060862467535e-05
1.754000000000e+02 3.073970797328e-05
1.755000000000e+02 3.082871206079e-05
1.756000000000e+02 3.087468165889e-05
1.757000000000e+02 3.086820513853e-05
1.758000000000e+02 3.081026673911e-05
1.759000000000e+02 3.070194455431e-05
1.760000000000e+02 3.053733787944e-05
1.761000000000e+02 3.032190857674e-05
1.762000000000e+02 3.005935586892e-05
1.763000000000e+02 2.974760234022e-05
1.764000000000e+02 2.939600050955e-05
1.765000000000e+02 2.900984229154e-05
1.766000000000e+02 2.858959182887e-05
1.767000000000e+02 2.814646969646e-05
1.768000000000e+02 2.768521946444e-05
1.769000000000e+02 2.720673420269e-05
1.770000000000e+02 2.672162718361e-05
1.771000000000e+02 2.623195123923e-05
1.772000000000e+02 2.573723969952e-05
1.773000000000e+02 2.524570051776e-05
1.774000000000e+02 2.475555769755e-05
1.775000000000e+02 2.426433776043e-05
1.776000000000e+02 2.377731845185e-05
1.777000000000e+02 2.328908900760e-05
1.778000000000e+02 2.279572745843e-05
1.779000000000e+02 2.230016147174e-05
1.780000000000e+02 2.179449014594e-05
1.781000000000e+02 2.127457487538e-05
1.782000000000e+02 2.074206777079e-05
1.783000000000e+02 2.018802545954e-05
1.784000000000e+02 1.960938429528e-05
1.785000000000e+02 1.900756057987e-05
1.786000000000e+02 1.837388697158e-05
1.787000000000e+02 1.770742145276e-05
1.788000000000e+02 1.701017092133e-05
1.789000000000e+02 1.627484166364e-05
1.790000000000e+02 1.550339551689e-05
1.791000000000e+02 1.469905586844e-05
1.792000000000e+02 1.385676922464e-05
1.793000000000e+02 1.298187073847e-05
1.794000000000e+02 1.207910761888e-05
1.795000000000e+02 1.114608932164e-05
1.796000000000e+02 1.019139861032e-05
1.797000000000e+02 9.220955975882e-06
1.798000000000e+02 8.234641751075e-06
1.799000000000e+02 7.243229338535e-06
1.800000000000e+02 6.252541515008e-06
1.801000000000e+02 5.263376610153e-06
1.802000000000e+02 4.286745501292e-06
1.803000000000e+02 3.326414804755e-06
1.804000000000e+02 2.382227129208e-06
1.805000000000e+02 1.463238966029e-06
1.806000000000e+02 5.693433694211e-07
1.807000000000e+02 -3.020155079932e-07
1.808000000000e+02 -1.145138700473e-06
1.809000000000e+02 -1.964675922654e-06
1.810000000000e+02 -2.765682649914e-06
1.811000000000e+02 -3.545679393460e-06
1.812000000000e+02 -4.312870766025e-06
1.813000000000e+02 -5.073347316094e-06
1.814000000000e+02 -5.826245221339e-06
1.815000000000e+02 -6.581075310509e-06
1.816000000000e+02 -7.342614547044e-06
1.817000000000e+02 -8.109455387348e-06
1.818000000000e+02 -8.889996805549e-06
1.819000000000e+02 -9.685646551825e-06
1.820000000000e+02 -1.049290874172e-05
1.821000000000e+02 -1.131758077184e-05
1.822000000000e+02 -1.215687086348e-05
1.823000000000e+02 -1.300496900470e-05
1.824000000000e+02 -1.386496345444e-05
1.825000000000e+02 -1.473042773258e-05
1.826000000000e+02 -1.559422719898e-05
1.827000000000e+02 -1.645768368280e-05
1.828000000000e+02 -1.731216281818e-05
1.829000000000e+02 -1.815074315742e-05
1.830000000000e+02 -1.897425261128e-05
1.831000000000e+02 -1.977340880301e-05
1.832000000000e+02 -2.054291911506e-05
1.833000000000e+02 -2.128416165642e-05
1.834000000000e+02 -2.198846104239e-05
1.835000000000e+02 -2.265315125603e-05
1.836000000000e+02 -2.328082159971e-05
1.837000000000e+02 -2.386429616116e-05
1.838000000000e+02 -2.440413512349e-05
1.839000000000e+02 -2.490447572825e-05
1.840000000000e+02 -2.536020983885e-05
1.841000000000e+02 -2.577532702465e-05
1.842000000000e+02 -2.615546472562e-05
1.843000000000e+02 -2.649767847608e-05
1.844000000000e+02 -2.680898331336e-05
1.845000000000e+02 -2.709582992299e-05
1.846000000000e+02 -2.735678460418e-05
1.847000000000e+02 -2.760064277552e-05
1.848000000000e+02 -2.783319049156e-05
1.849000000000e+02 -2.805306809501e-05
1.850000000000e+02 -2.826890680535e-05
1.851000000000e+02 -2.848388994458e-05
1.852000000000e+02 -2.869502817344e-05
1.853000000000e+02 -2.890885136116e-05
1.854000000000e+02 -2.912438861821e-05
1.855000000000e+02 -2.933597958491e-05
1.856000000000e+02 -2.954708742365e-05
1.857000000000e+02 -2.975232964148e-05
1.858000000000e+02 -2.994376888007e-05
1.859000000000e+02 -3.012239335547e-05
1.860000000000e+02 -3.027976738302e-05
1.861000000000e+02 -3.040753067108e-05
1.862000000000e+02 -3.050607398985e-05
1.863000000000e+02 -3.056630665981e-05
1.864000000000e+02 -3.058192142822e-05
1.865000000000e+02 -3.055484601169e-05
1.866000000000e+02 -3.047760775965e-05
1.867000000000e+02 -3.034784470712e-05
1.868000000000e+02 -3.017026394291e-05
1.869000000000e+02 -2.994012992555e-05
1.870000000000e+02 -2.965951052072e-05
1.871000000000e+02 -2.933568116621e-05
1.872000000000e+02 -2.896631933033e-05
1.873000000000e+02 -2.855700400102e-05
1.874000000000e+02 -2.811619615267e-05
1.875000000000e+02 -2.764271912663e-05
1.876000000000e+02 -2.714402023935e-05
1.877000000000e+02 -2.662798083703e-05
1.878000000000e+02 -2.609317323732e-05
1.879000000000e+02 -2.554733593781e-05
1.880000000000e+02 -2.499632685651e-05
1.881000000000e+02 -2.443750292223e-05
1.882000000000e+02 -2.387780024396e-05
1.883000000000e+02 -2.332019068271e-05
1.884000000000e+02 -2.276038836238e-05
1.885000000000e+02 -2.220391562617e-05
1.886000000000e+02 -2.165049693012e-05
1.887000000000e+02 -2.109419064453e-05
1.888000000000e+02 -2.053887190137e-05
1.889000000000e+02 -1.998109166333e-05
1.890000000000e+02 -1.941364630035e-05
1.891000000000e+02 -1.883898567552e-05
1.892000000000e+02 -1.825113252919e-05
1.893000000000e+02 -1.764259268314e-05
1.894000000000e+02 -1.701525582602e-05
1.895000000000e+02 -1.636197554283e-05
1.896000000000e+02 -1.567657158694e-05
1.897000000000e+02 -1.496182289378e-05
1.898000000000e+02 -1.421126218938e-05
1.899000000000e+02 -1.342186044147e-05
1.900000000000e+02 -1.259875690234e-05
1.901000000000e+02 -1.173777660129e-05
1.902000000000e+02 -1.084027829496e-05
1.903000000000e+02 -9.914376551382e-06
1.904000000000e+02 -8.958692121958e-06
1.905000000000e+02 -7.978822863099e-06
1.906000000000e+02 -6.985000266090e-06
1.907000000000e+02 -5.977628044980e-06
1.908000000000e+02 -4.964876341052e-06
1.909000000000e+02 -3.956930047057e-06
1.910000000000e+02 -2.953900531842e-06
1.911000000000e+02 -1.964079822387e-06
1.912000000000e+02 -9.951034155575e-07
1.913000000000e+02 -4.476682723512e-08
1.914000000000e+02 8.805477903055e-07
1.915000000000e+02 1.777400626375e-06
1.916000000000e+02 2.651194736428e-06
1.917000000000e+02 3.498147489575e-06
1.918000000000e+02 4.319118821112e-06
1.919000000000e+02 5.122056914821e-06
1.920000000000e+02 5.905019990324e-06
1.921000000000e+02 6.671919473897e-06
1.922000000000e+02 7.431521066985e-06
1.923000000000e+02 8.182179677149e-06
1.924000000000e+02 8.929071345549e-06
1.925000000000e+02 9.679872091400e-06
1.926000000000e+02 1.043178801015e-05
1.927000000000e+02 1.118975848077e-05
1.928000000000e+02 1.195899201039e-05
1.929000000000e+02 1.273473751730e-05
1.930000000000e+02 1.352085108685e-05
1.931000000000e+02 1.431942218674e-05
1.932000000000e+02 1.512360197767e-05
1.933000000000e+02 1.593588994098e-05
1.934000000000e+02 1.675517205316e-05
1.935000000000e+02 1.757282700029e-05
1.936000000000e+02 1.839011641788e-05
1.937000000000e+02 1.920306766578e-05
1.938000000000e+02 2.000199768229e-05
1.939000000000e+02 2.078744515591e-05
1.940000000000e+02 2.155341822772e-05
1.941000000000e+02 2.229036469530e-05
1.942000000000e+02 2.299912146112e-05
1.943000000000e+02 2.367307626756e-05
1.944000000000e+02 2.430446013180e-05
1.945000000000e+02 2.489580684509e-05
1.946000000000e+02 2.544156068103e-05
1.947000000000e+02 2.593740557276e-05
1.948000000000e+02 2.638876799970e-05
1.949000000000e+02 2.679239282574e-05
1.950000000000e+02 2.714831328214e-05
1.951000000000e+02 2.746504164486e-05
1.952000000000e+02 2.774167213061e-05
1.953000000000e+02 2.798206555984e-05
1.954000000000e+02 2.819655847294e-05
1.955000000000e+02 2.838522281987e-05
1.956000000000e+02 2.855385915560e-05
1.957000000000e+02 2.871226059235e-05
1.958000000000e+02 2.885929999148e-05
1.959000000000e+02 2.900032748695e-05
1.960000000000e+02 2.914217863484e-05
1.961000000000e+02 2.928070946475e-05
1.962000000000e+02 2.941912851210e-05
1.963000000000e+02 2.956000093973e-05
1.964000000000e+02 2.969570116330e-05
1.965000000000e+02 2.982709158188e-05
1.966000000000e+02 2.995277657006e-05
1.967000000000e+02 3.006274567331e-05
1.968000000000e+02 3.015670713206e-05
1.969000000000e+02 3.023085818799e-05
1.970000000000e+02 3.027482648653e-05
1.971000000000e+02 3.028894217420e-05
1.972000000000e+02 3.026886329647e-05
1.973000000000e+02 3.020582772021e-05
1.974000000000e+02 3.010221884000e-05
1.975000000000e+02 2.995450831895e-05
1.976000000000e+02 2.975678299843e-05
1.977000000000e+02 2.951408130727e-05
1.978000000000e+02 2.922423298840e-05
1.979000000000e+02 2.888456941280e-05
1.980000000000e+02 2.850262105116e-05
1.981000000000e+02 2.807749304779e-05
1.982000000000e+02 2.760956685859e-05
1.983000000000e+02 2.710822782280e-05
1.984000000000e+02 2.657341088372e-05
1.985000000000e+02 2.600797470127e-05
1.986000000000e+02 2.542219806189e-05
1.987000000000e+02 2.481609928468e-05
1.988000000000e+02 2.419406006927e-05
1.989000000000e+02 2.356593398712e-05
1.990000000000e+02 2.293072802556e-05
1.991000000000e+02 2.229300323971e-05
1.992000000000e+02 2.166058807835e-05
1.993000000000e+02 2.103020985906e-05
1.994000000000e+02 2.040518724863e-05
1.995000000000e+02 1.978989789859e-05
1.996000000000e+02 1.917791688021e-05
1.997000000000e+02 1.857049217402e-05
1.998000000000e+02 1.796802294174e-05
1.999000000000e+02 1.736115649402e-05
2.000000000000e+02 1.674946831466e-05
