 -3.00000e+00 1.71391e-29 
 -2.80000e+00 1.82334e-29 
 -2.60000e+00 1.94680e-29 
 -2.40000e+00 2.08686e-29 
 -2.20000e+00 2.24668e-29 
 -2.00000e+00 2.43017e-29 
 -1.80000e+00 2.64218e-29 
 -1.60000e+00 2.88860e-29 
 -1.40000e+00 3.17643e-29 
 -1.20000e+00 3.51363e-29 
 -1.00000e+00 3.90892e-29 
 -8.00000e-01 4.37217e-29 
 -6.00000e-01 4.91567e-29 
 -4.00000e-01 5.55702e-29 
 -2.00000e-01 6.32108e-29 
 3.88578e-16 7.14877e-29 
 2.00000e-01 7.49317e-29 
 4.00000e-01 6.91683e-29 
 6.00000e-01 6.10118e-29 
 8.00000e-01 5.41212e-29 
 1.00000e+00 4.84816e-29 
 1.20000e+00 4.37642e-29 
 1.40000e+00 3.97458e-29 
 1.60000e+00 3.62615e-29 
 1.80000e+00 3.31814e-29 
 2.00000e+00 3.04104e-29 
 2.20000e+00 2.79018e-29 
 2.40000e+00 2.56463e-29 
 2.60000e+00 2.36406e-29 
 2.80000e+00 2.18719e-29 
 3.00000e+00 2.03183e-29 
 3.20000e+00 1.89529e-29 
 3.40000e+00 1.77492e-29 
 3.60000e+00 1.66834e-29 
 3.80000e+00 1.57350e-29 
 4.00000e+00 1.48868e-29 
 4.20000e+00 1.41247e-29 
 4.40000e+00 1.34366e-29 
 4.60000e+00 1.28125e-29 
 4.80000e+00 1.22440e-29 
 5.00000e+00 1.17241e-29 
 5.20000e+00 1.12469e-29 
 5.40000e+00 1.08072e-29 
 5.60000e+00 1.04008e-29 
 5.80000e+00 1.00240e-29 
 6.00000e+00 9.67376e-30 
 6.20000e+00 9.34730e-30 
 6.40000e+00 9.04226e-30 
 6.60000e+00 8.75661e-30 
 6.80000e+00 8.48853e-30 
