 -3.00000e+00 1.06992e-29 
 -2.80000e+00 1.08387e-29 
 -2.60000e+00 1.09671e-29 
 -2.40000e+00 1.10826e-29 
 -2.20000e+00 1.11839e-29 
 -2.00000e+00 1.12695e-29 
 -1.80000e+00 1.13381e-29 
 -1.60000e+00 1.13885e-29 
 -1.40000e+00 1.14198e-29 
 -1.20000e+00 1.14315e-29 
 -1.00000e+00 1.14232e-29 
 -8.00000e-01 1.13950e-29 
 -6.00000e-01 1.13472e-29 
 -4.00000e-01 1.12805e-29 
 -2.00000e-01 1.11959e-29 
 3.88578e-16 1.10947e-29 
 2.00000e-01 1.09783e-29 
 4.00000e-01 1.08483e-29 
 6.00000e-01 1.07064e-29 
 8.00000e-01 1.05542e-29 
 1.00000e+00 1.03934e-29 
 1.20000e+00 1.02257e-29 
 1.40000e+00 1.00525e-29 
 1.60000e+00 9.87517e-30 
 1.80000e+00 9.69507e-30 
 2.00000e+00 9.51330e-30 
 2.20000e+00 9.33088e-30 
 2.40000e+00 9.14868e-30 
 2.60000e+00 8.96746e-30 
 2.80000e+00 8.78787e-30 
 3.00000e+00 8.61045e-30 
 3.20000e+00 8.43565e-30 
 3.40000e+00 8.26384e-30 
 3.60000e+00 8.09532e-30 
 3.80000e+00 7.93030e-30 
 4.00000e+00 7.76896e-30 
 4.20000e+00 7.61143e-30 
 4.40000e+00 7.45779e-30 
 4.60000e+00 7.30809e-30 
 4.80000e+00 7.16233e-30 
 5.00000e+00 7.02053e-30 
 5.20000e+00 6.88264e-30 
 5.40000e+00 6.74862e-30 
 5.60000e+00 6.61842e-30 
 5.80000e+00 6.49195e-30 
 6.00000e+00 6.36915e-30 
 6.20000e+00 6.24993e-30 
 6.40000e+00 6.13419e-30 
 6.60000e+00 6.02185e-30 
 6.80000e+00 5.91280e-30 
