 -3.00000e+00 1.04304e-29 
 -2.80000e+00 1.07121e-29 
 -2.60000e+00 1.10093e-29 
 -2.40000e+00 1.13231e-29 
 -2.20000e+00 1.16551e-29 
 -2.00000e+00 1.20066e-29 
 -1.80000e+00 1.23796e-29 
 -1.60000e+00 1.27759e-29 
 -1.40000e+00 1.31978e-29 
 -1.20000e+00 1.36478e-29 
 -1.00000e+00 1.41287e-29 
 -8.00000e-01 1.46435e-29 
 -6.00000e-01 1.51959e-29 
 -4.00000e-01 1.57901e-29 
 -2.00000e-01 1.64305e-29 
 3.88578e-16 1.71224e-29 
 2.00000e-01 1.78720e-29 
 4.00000e-01 1.86861e-29 
 6.00000e-01 1.95726e-29 
 8.00000e-01 2.05404e-29 
 1.00000e+00 2.15997e-29 
 1.20000e+00 2.27620e-29 
 1.40000e+00 2.40401e-29 
 1.60000e+00 2.54482e-29 
 1.80000e+00 2.70017e-29 
 2.00000e+00 2.87168e-29 
 2.20000e+00 3.06097e-29 
 2.40000e+00 3.26946e-29 
 2.60000e+00 3.49808e-29 
 2.80000e+00 3.74671e-29 
 3.00000e+00 4.01345e-29 
 3.20000e+00 4.29351e-29 
 3.40000e+00 4.57795e-29 
 3.60000e+00 4.85237e-29 
 3.80000e+00 5.09604e-29 
 4.00000e+00 5.28308e-29 
 4.20000e+00 5.38747e-29 
 4.40000e+00 5.39187e-29 
 4.60000e+00 5.29558e-29 
 4.80000e+00 5.11486e-29 
 5.00000e+00 4.87541e-29 
 5.20000e+00 4.60341e-29 
 5.40000e+00 4.32013e-29 
 5.60000e+00 4.04050e-29 
 5.80000e+00 3.77379e-29 
 6.00000e+00 3.52494e-29 
 6.20000e+00 3.29594e-29 
 6.40000e+00 3.08693e-29 
 6.60000e+00 2.89702e-29 
 6.80000e+00 2.72478e-29 
