0.000000000000e+00 -5.862856956789e-01
1.000000000000e-01 -5.862856933873e-01
2.000000000000e-01 -5.862856933919e-01
3.000000000000e-01 -5.862856933994e-01
4.000000000000e-01 -5.862856934096e-01
5.000000000000e-01 -5.862856934222e-01
6.000000000000e-01 -5.862856934369e-01
7.000000000000e-01 -5.862856934535e-01
8.000000000000e-01 -5.862856934715e-01
9.000000000000e-01 -5.862856934907e-01
1.000000000000e+00 -5.862856935108e-01
1.100000000000e+00 -5.862856935316e-01
1.200000000000e+00 -5.862856935530e-01
1.300000000000e+00 -5.862856935748e-01
1.400000000000e+00 -5.862856935971e-01
1.500000000000e+00 -5.862856936199e-01
1.600000000000e+00 -5.862856936432e-01
1.700000000000e+00 -5.862856936671e-01
1.800000000000e+00 -5.862856936916e-01
1.900000000000e+00 -5.862856937167e-01
2.000000000000e+00 -5.862856937424e-01
2.100000000000e+00 -5.862856937685e-01
2.200000000000e+00 -5.862856937949e-01
2.300000000000e+00 -5.862856938214e-01
2.400000000000e+00 -5.862856938478e-01
2.500000000000e+00 -5.862856938737e-01
2.600000000000e+00 -5.862856938987e-01
2.700000000000e+00 -5.862856939226e-01
2.800000000000e+00 -5.862856939450e-01
2.900000000000e+00 -5.862856939656e-01
3.000000000000e+00 -5.862856939842e-01
3.100000000000e+00 -5.862856940008e-01
3.200000000000e+00 -5.862856940152e-01
3.300000000000e+00 -5.862856940275e-01
3.400000000000e+00 -5.862856940378e-01
3.500000000000e+00 -5.862856940462e-01
3.600000000000e+00 -5.862856940531e-01
3.700000000000e+00 -5.862856940587e-01
3.800000000000e+00 -5.862856940633e-01
3.900000000000e+00 -5.862856940671e-01
4.000000000000e+00 -5.862856940703e-01
4.100000000000e+00 -5.862856940730e-01
4.200000000000e+00 -5.862856940755e-01
4.300000000000e+00 -5.862856940775e-01
4.400000000000e+00 -5.862856940791e-01
4.500000000000e+00 -5.862856940802e-01
4.600000000000e+00 -5.862856940805e-01
4.700000000000e+00 -5.862856940799e-01
4.800000000000e+00 -5.862856940782e-01
4.900000000000e+00 -5.862856940751e-01
5.000000000000e+00 -5.862856940706e-01
5.100000000000e+00 -5.862856940645e-01
5.200000000000e+00 -5.862856940568e-01
5.300000000000e+00 -5.862856940474e-01
5.400000000000e+00 -5.862856940367e-01
5.500000000000e+00 -5.862856940246e-01
5.600000000000e+00 -5.862856940113e-01
5.700000000000e+00 -5.862856939972e-01
5.800000000000e+00 -5.862856939824e-01
5.900000000000e+00 -5.862856939673e-01
6.000000000000e+00 -5.862856939519e-01
6.100000000000e+00 -5.862856939364e-01
6.200000000000e+00 -5.862856939209e-01
6.300000000000e+00 -5.862856939054e-01
6.400000000000e+00 -5.862856938897e-01
6.500000000000e+00 -5.862856938738e-01
6.600000000000e+00 -5.862856938574e-01
6.700000000000e+00 -5.862856938405e-01
6.800000000000e+00 -5.862856938227e-01
6.900000000000e+00 -5.862856938040e-01
7.000000000000e+00 -5.862856937842e-01
7.100000000000e+00 -5.862856937631e-01
7.200000000000e+00 -5.862856937408e-01
7.300000000000e+00 -5.862856937174e-01
7.400000000000e+00 -5.862856936930e-01
7.500000000000e+00 -5.862856936679e-01
7.600000000000e+00 -5.862856936424e-01
7.700000000000e+00 -5.862856936169e-01
7.800000000000e+00 -5.862856935918e-01
7.900000000000e+00 -5.862856935675e-01
8.000000000000e+00 -5.862856935442e-01
8.100000000000e+00 -5.862856935224e-01
8.200000000000e+00 -5.862856935023e-01
8.300000000000e+00 -5.862856934842e-01
8.400000000000e+00 -5.862856934680e-01
8.500000000000e+00 -5.862856934539e-01
8.600000000000e+00 -5.862856934418e-01
8.700000000000e+00 -5.862856934316e-01
8.800000000000e+00 -5.862856934233e-01
8.900000000000e+00 -5.862856934168e-01
9.000000000000e+00 -5.862856934119e-01
9.100000000000e+00 -5.862856934085e-01
9.200000000000e+00 -5.862856934066e-01
9.300000000000e+00 -5.862856934062e-01
9.400000000000e+00 -5.862856934073e-01
9.500000000000e+00 -5.862856934101e-01
9.600000000000e+00 -5.862856934148e-01
9.700000000000e+00 -5.862856934214e-01
9.800000000000e+00 -5.862856934301e-01
9.900000000000e+00 -5.862856934413e-01
1.000000000000e+01 -5.862856934550e-01
1.010000000000e+01 -5.862856934712e-01
1.020000000000e+01 -5.862856934900e-01
1.030000000000e+01 -5.862856935113e-01
1.040000000000e+01 -5.862856935350e-01
1.050000000000e+01 -5.862856935608e-01
1.060000000000e+01 -5.862856935883e-01
1.070000000000e+01 -5.862856936172e-01
1.080000000000e+01 -5.862856936470e-01
1.090000000000e+01 -5.862856936774e-01
1.100000000000e+01 -5.862856937079e-01
1.110000000000e+01 -5.862856937379e-01
1.120000000000e+01 -5.862856937674e-01
1.130000000000e+01 -5.862856937958e-01
1.140000000000e+01 -5.862856938231e-01
1.150000000000e+01 -5.862856938491e-01
1.160000000000e+01 -5.862856938737e-01
1.170000000000e+01 -5.862856938970e-01
1.180000000000e+01 -5.862856939190e-01
1.190000000000e+01 -5.862856939399e-01
1.200000000000e+01 -5.862856939598e-01
1.210000000000e+01 -5.862856939788e-01
1.220000000000e+01 -5.862856939970e-01
1.230000000000e+01 -5.862856940143e-01
1.240000000000e+01 -5.862856940309e-01
1.250000000000e+01 -5.862856940465e-01
1.260000000000e+01 -5.862856940611e-01
1.270000000000e+01 -5.862856940744e-01
1.280000000000e+01 -5.862856940863e-01
1.290000000000e+01 -5.862856940965e-01
1.300000000000e+01 -5.862856941048e-01
1.310000000000e+01 -5.862856941111e-01
1.320000000000e+01 -5.862856941151e-01
1.330000000000e+01 -5.862856941170e-01
1.340000000000e+01 -5.862856941166e-01
1.350000000000e+01 -5.862856941140e-01
1.360000000000e+01 -5.862856941094e-01
1.370000000000e+01 -5.862856941030e-01
1.380000000000e+01 -5.862856940952e-01
1.390000000000e+01 -5.862856940862e-01
1.400000000000e+01 -5.862856940762e-01
1.410000000000e+01 -5.862856940656e-01
1.420000000000e+01 -5.862856940547e-01
1.430000000000e+01 -5.862856940435e-01
1.440000000000e+01 -5.862856940324e-01
1.450000000000e+01 -5.862856940214e-01
1.460000000000e+01 -5.862856940103e-01
1.470000000000e+01 -5.862856939991e-01
1.480000000000e+01 -5.862856939878e-01
1.490000000000e+01 -5.862856939760e-01
1.500000000000e+01 -5.862856939636e-01
1.510000000000e+01 -5.862856939504e-01
1.520000000000e+01 -5.862856939362e-01
1.530000000000e+01 -5.862856939209e-01
1.540000000000e+01 -5.862856939044e-01
1.550000000000e+01 -5.862856938866e-01
1.560000000000e+01 -5.862856938677e-01
1.570000000000e+01 -5.862856938477e-01
1.580000000000e+01 -5.862856938269e-01
1.590000000000e+01 -5.862856938056e-01
1.600000000000e+01 -5.862856937839e-01
1.610000000000e+01 -5.862856937621e-01
1.620000000000e+01 -5.862856937406e-01
1.630000000000e+01 -5.862856937195e-01
1.640000000000e+01 -5.862856936990e-01
1.650000000000e+01 -5.862856936792e-01
1.660000000000e+01 -5.862856936601e-01
1.670000000000e+01 -5.862856936418e-01
1.680000000000e+01 -5.862856936241e-01
1.690000000000e+01 -5.862856936070e-01
1.700000000000e+01 -5.862856935902e-01
1.710000000000e+01 -5.862856935737e-01
1.720000000000e+01 -5.862856935572e-01
1.730000000000e+01 -5.862856935407e-01
1.740000000000e+01 -5.862856935243e-01
1.750000000000e+01 -5.862856935078e-01
1.760000000000e+01 -5.862856934916e-01
1.770000000000e+01 -5.862856934759e-01
1.780000000000e+01 -5.862856934607e-01
1.790000000000e+01 -5.862856934467e-01
1.800000000000e+01 -5.862856934341e-01
1.810000000000e+01 -5.862856934232e-01
1.820000000000e+01 -5.862856934145e-01
1.830000000000e+01 -5.862856934082e-01
1.840000000000e+01 -5.862856934045e-01
1.850000000000e+01 -5.862856934037e-01
1.860000000000e+01 -5.862856934058e-01
1.870000000000e+01 -5.862856934106e-01
1.880000000000e+01 -5.862856934182e-01
1.890000000000e+01 -5.862856934283e-01
1.900000000000e+01 -5.862856934406e-01
1.910000000000e+01 -5.862856934550e-01
1.920000000000e+01 -5.862856934710e-01
1.930000000000e+01 -5.862856934884e-01
1.940000000000e+01 -5.862856935070e-01
1.950000000000e+01 -5.862856935266e-01
1.960000000000e+01 -5.862856935471e-01
1.970000000000e+01 -5.862856935685e-01
1.980000000000e+01 -5.862856935906e-01
1.990000000000e+01 -5.862856936136e-01
2.000000000000e+01 -5.862856936376e-01
2.010000000000e+01 -5.862856936626e-01
2.020000000000e+01 -5.862856936886e-01
2.030000000000e+01 -5.862856937158e-01
2.040000000000e+01 -5.862856937439e-01
2.050000000000e+01 -5.862856937731e-01
2.060000000000e+01 -5.862856938031e-01
2.070000000000e+01 -5.862856938335e-01
2.080000000000e+01 -5.862856938642e-01
2.090000000000e+01 -5.862856938948e-01
2.100000000000e+01 -5.862856939248e-01
2.110000000000e+01 -5.862856939538e-01
2.120000000000e+01 -5.862856939813e-01
2.130000000000e+01 -5.862856940069e-01
2.140000000000e+01 -5.862856940305e-01
2.150000000000e+01 -5.862856940516e-01
2.160000000000e+01 -5.862856940701e-01
2.170000000000e+01 -5.862856940860e-01
2.180000000000e+01 -5.862856940992e-01
2.190000000000e+01 -5.862856941098e-01
2.200000000000e+01 -5.862856941181e-01
2.210000000000e+01 -5.862856941242e-01
2.220000000000e+01 -5.862856941283e-01
2.230000000000e+01 -5.862856941306e-01
2.240000000000e+01 -5.862856941315e-01
2.250000000000e+01 -5.862856941310e-01
2.260000000000e+01 -5.862856941293e-01
2.270000000000e+01 -5.862856941265e-01
2.280000000000e+01 -5.862856941226e-01
2.290000000000e+01 -5.862856941176e-01
2.300000000000e+01 -5.862856941114e-01
2.310000000000e+01 -5.862856941038e-01
2.320000000000e+01 -5.862856940948e-01
2.330000000000e+01 -5.862856940842e-01
2.340000000000e+01 -5.862856940720e-01
2.350000000000e+01 -5.862856940582e-01
2.360000000000e+01 -5.862856940427e-01
2.370000000000e+01 -5.862856940257e-01
2.380000000000e+01 -5.862856940074e-01
2.390000000000e+01 -5.862856939880e-01
2.400000000000e+01 -5.862856939677e-01
2.410000000000e+01 -5.862856939468e-01
2.420000000000e+01 -5.862856939257e-01
2.430000000000e+01 -5.862856939047e-01
2.440000000000e+01 -5.862856938841e-01
2.450000000000e+01 -5.862856938641e-01
2.460000000000e+01 -5.862856938448e-01
2.470000000000e+01 -5.862856938264e-01
2.480000000000e+01 -5.862856938089e-01
2.490000000000e+01 -5.862856937922e-01
2.500000000000e+01 -5.862856937761e-01
2.510000000000e+01 -5.862856937605e-01
2.520000000000e+01 -5.862856937451e-01
2.530000000000e+01 -5.862856937297e-01
2.540000000000e+01 -5.862856937141e-01
2.550000000000e+01 -5.862856936981e-01
2.560000000000e+01 -5.862856936816e-01
2.570000000000e+01 -5.862856936646e-01
2.580000000000e+01 -5.862856936470e-01
2.590000000000e+01 -5.862856936290e-01
2.600000000000e+01 -5.862856936107e-01
2.610000000000e+01 -5.862856935925e-01
2.620000000000e+01 -5.862856935746e-01
2.630000000000e+01 -5.862856935572e-01
2.640000000000e+01 -5.862856935406e-01
2.650000000000e+01 -5.862856935252e-01
2.660000000000e+01 -5.862856935110e-01
2.670000000000e+01 -5.862856934983e-01
2.680000000000e+01 -5.862856934872e-01
2.690000000000e+01 -5.862856934775e-01
2.700000000000e+01 -5.862856934695e-01
2.710000000000e+01 -5.862856934629e-01
2.720000000000e+01 -5.862856934576e-01
2.730000000000e+01 -5.862856934536e-01
2.740000000000e+01 -5.862856934507e-01
2.750000000000e+01 -5.862856934486e-01
2.760000000000e+01 -5.862856934474e-01
2.770000000000e+01 -5.862856934471e-01
2.780000000000e+01 -5.862856934476e-01
2.790000000000e+01 -5.862856934491e-01
2.800000000000e+01 -5.862856934518e-01
2.810000000000e+01 -5.862856934558e-01
2.820000000000e+01 -5.862856934616e-01
2.830000000000e+01 -5.862856934692e-01
2.840000000000e+01 -5.862856934788e-01
2.850000000000e+01 -5.862856934908e-01
2.860000000000e+01 -5.862856935052e-01
2.870000000000e+01 -5.862856935221e-01
2.880000000000e+01 -5.862856935416e-01
2.890000000000e+01 -5.862856935634e-01
2.900000000000e+01 -5.862856935875e-01
2.910000000000e+01 -5.862856936136e-01
2.920000000000e+01 -5.862856936412e-01
2.930000000000e+01 -5.862856936701e-01
2.940000000000e+01 -5.862856936999e-01
2.950000000000e+01 -5.862856937300e-01
2.960000000000e+01 -5.862856937601e-01
2.970000000000e+01 -5.862856937900e-01
2.980000000000e+01 -5.862856938191e-01
2.990000000000e+01 -5.862856938474e-01
3.000000000000e+01 -5.862856938749e-01
3.010000000000e+01 -5.862856939012e-01
3.020000000000e+01 -5.862856939265e-01
3.030000000000e+01 -5.862856939509e-01
3.040000000000e+01 -5.862856939742e-01
3.050000000000e+01 -5.862856939967e-01
3.060000000000e+01 -5.862856940185e-01
3.070000000000e+01 -5.862856940393e-01
3.080000000000e+01 -5.862856940592e-01
3.090000000000e+01 -5.862856940782e-01
3.100000000000e+01 -5.862856940960e-01
3.110000000000e+01 -5.862856941123e-01
3.120000000000e+01 -5.862856941271e-01
3.130000000000e+01 -5.862856941397e-01
3.140000000000e+01 -5.862856941502e-01
3.150000000000e+01 -5.862856941582e-01
3.160000000000e+01 -5.862856941633e-01
3.170000000000e+01 -5.862856941656e-01
3.180000000000e+01 -5.862856941650e-01
3.190000000000e+01 -5.862856941614e-01
3.200000000000e+01 -5.862856941550e-01
3.210000000000e+01 -5.862856941459e-01
3.220000000000e+01 -5.862856941343e-01
3.230000000000e+01 -5.862856941208e-01
3.240000000000e+01 -5.862856941055e-01
3.250000000000e+01 -5.862856940888e-01
3.260000000000e+01 -5.862856940713e-01
3.270000000000e+01 -5.862856940530e-01
3.280000000000e+01 -5.862856940343e-01
3.290000000000e+01 -5.862856940155e-01
3.300000000000e+01 -5.862856939965e-01
3.310000000000e+01 -5.862856939774e-01
3.320000000000e+01 -5.862856939583e-01
3.330000000000e+01 -5.862856939390e-01
3.340000000000e+01 -5.862856939194e-01
3.350000000000e+01 -5.862856938996e-01
3.360000000000e+01 -5.862856938792e-01
3.370000000000e+01 -5.862856938583e-01
3.380000000000e+01 -5.862856938370e-01
3.390000000000e+01 -5.862856938149e-01
3.400000000000e+01 -5.862856937925e-01
3.410000000000e+01 -5.862856937698e-01
3.420000000000e+01 -5.862856937470e-01
3.430000000000e+01 -5.862856937242e-01
3.440000000000e+01 -5.862856937022e-01
3.450000000000e+01 -5.862856936807e-01
3.460000000000e+01 -5.862856936604e-01
3.470000000000e+01 -5.862856936414e-01
3.480000000000e+01 -5.862856936236e-01
3.490000000000e+01 -5.862856936074e-01
3.500000000000e+01 -5.862856935928e-01
3.510000000000e+01 -5.862856935796e-01
3.520000000000e+01 -5.862856935678e-01
3.530000000000e+01 -5.862856935573e-01
3.540000000000e+01 -5.862856935476e-01
3.550000000000e+01 -5.862856935387e-01
3.560000000000e+01 -5.862856935304e-01
3.570000000000e+01 -5.862856935222e-01
3.580000000000e+01 -5.862856935142e-01
3.590000000000e+01 -5.862856935063e-01
3.600000000000e+01 -5.862856934983e-01
3.610000000000e+01 -5.862856934905e-01
3.620000000000e+01 -5.862856934829e-01
3.630000000000e+01 -5.862856934757e-01
3.640000000000e+01 -5.862856934693e-01
3.650000000000e+01 -5.862856934637e-01
3.660000000000e+01 -5.862856934594e-01
3.670000000000e+01 -5.862856934566e-01
3.680000000000e+01 -5.862856934555e-01
3.690000000000e+01 -5.862856934563e-01
3.700000000000e+01 -5.862856934593e-01
3.710000000000e+01 -5.862856934642e-01
3.720000000000e+01 -5.862856934711e-01
3.730000000000e+01 -5.862856934799e-01
3.740000000000e+01 -5.862856934904e-01
3.750000000000e+01 -5.862856935025e-01
3.760000000000e+01 -5.862856935159e-01
3.770000000000e+01 -5.862856935304e-01
3.780000000000e+01 -5.862856935459e-01
3.790000000000e+01 -5.862856935621e-01
3.800000000000e+01 -5.862856935790e-01
3.810000000000e+01 -5.862856935966e-01
3.820000000000e+01 -5.862856936148e-01
3.830000000000e+01 -5.862856936337e-01
3.840000000000e+01 -5.862856936534e-01
3.850000000000e+01 -5.862856936742e-01
3.860000000000e+01 -5.862856936960e-01
3.870000000000e+01 -5.862856937189e-01
3.880000000000e+01 -5.862856937433e-01
3.890000000000e+01 -5.862856937688e-01
3.900000000000e+01 -5.862856937956e-01
3.910000000000e+01 -5.862856938236e-01
3.920000000000e+01 -5.862856938523e-01
3.930000000000e+01 -5.862856938816e-01
3.940000000000e+01 -5.862856939112e-01
3.950000000000e+01 -5.862856939405e-01
3.960000000000e+01 -5.862856939691e-01
3.970000000000e+01 -5.862856939967e-01
3.980000000000e+01 -5.862856940227e-01
3.990000000000e+01 -5.862856940469e-01
4.000000000000e+01 -5.862856940690e-01
4.010000000000e+01 -5.862856940886e-01
4.020000000000e+01 -5.862856941058e-01
4.030000000000e+01 -5.862856941205e-01
4.040000000000e+01 -5.862856941326e-01
4.050000000000e+01 -5.862856941424e-01
4.060000000000e+01 -5.862856941499e-01
4.070000000000e+01 -5.862856941552e-01
4.080000000000e+01 -5.862856941587e-01
4.090000000000e+01 -5.862856941604e-01
4.100000000000e+01 -5.862856941603e-01
4.110000000000e+01 -5.862856941586e-01
4.120000000000e+01 -5.862856941552e-01
4.130000000000e+01 -5.862856941502e-01
4.140000000000e+01 -5.862856941435e-01
4.150000000000e+01 -5.862856941350e-01
4.160000000000e+01 -5.862856941245e-01
4.170000000000e+01 -5.862856941120e-01
4.180000000000e+01 -5.862856940973e-01
4.190000000000e+01 -5.862856940804e-01
4.200000000000e+01 -5.862856940613e-01
4.210000000000e+01 -5.862856940402e-01
4.220000000000e+01 -5.862856940170e-01
4.230000000000e+01 -5.862856939923e-01
4.240000000000e+01 -5.862856939661e-01
4.250000000000e+01 -5.862856939389e-01
4.260000000000e+01 -5.862856939112e-01
4.270000000000e+01 -5.862856938833e-01
4.280000000000e+01 -5.862856938556e-01
4.290000000000e+01 -5.862856938286e-01
4.300000000000e+01 -5.862856938024e-01
4.310000000000e+01 -5.862856937775e-01
4.320000000000e+01 -5.862856937538e-01
4.330000000000e+01 -5.862856937316e-01
4.340000000000e+01 -5.862856937107e-01
4.350000000000e+01 -5.862856936912e-01
4.360000000000e+01 -5.862856936728e-01
4.370000000000e+01 -5.862856936554e-01
4.380000000000e+01 -5.862856936388e-01
4.390000000000e+01 -5.862856936228e-01
4.400000000000e+01 -5.862856936073e-01
4.410000000000e+01 -5.862856935922e-01
4.420000000000e+01 -5.862856935774e-01
4.430000000000e+01 -5.862856935630e-01
4.440000000000e+01 -5.862856935491e-01
4.450000000000e+01 -5.862856935358e-01
4.460000000000e+01 -5.862856935233e-01
4.470000000000e+01 -5.862856935118e-01
4.480000000000e+01 -5.862856935016e-01
4.490000000000e+01 -5.862856934927e-01
4.500000000000e+01 -5.862856934856e-01
4.510000000000e+01 -5.862856934801e-01
4.520000000000e+01 -5.862856934763e-01
4.530000000000e+01 -5.862856934744e-01
4.540000000000e+01 -5.862856934739e-01
4.550000000000e+01 -5.862856934750e-01
4.560000000000e+01 -5.862856934773e-01
4.570000000000e+01 -5.862856934806e-01
4.580000000000e+01 -5.862856934847e-01
4.590000000000e+01 -5.862856934894e-01
4.600000000000e+01 -5.862856934944e-01
4.610000000000e+01 -5.862856934996e-01
4.620000000000e+01 -5.862856935051e-01
4.630000000000e+01 -5.862856935107e-01
4.640000000000e+01 -5.862856935166e-01
4.650000000000e+01 -5.862856935229e-01
4.660000000000e+01 -5.862856935298e-01
4.670000000000e+01 -5.862856935376e-01
4.680000000000e+01 -5.862856935465e-01
4.690000000000e+01 -5.862856935567e-01
4.700000000000e+01 -5.862856935686e-01
4.710000000000e+01 -5.862856935821e-01
4.720000000000e+01 -5.862856935974e-01
4.730000000000e+01 -5.862856936146e-01
4.740000000000e+01 -5.862856936335e-01
4.750000000000e+01 -5.862856936540e-01
4.760000000000e+01 -5.862856936760e-01
4.770000000000e+01 -5.862856936991e-01
4.780000000000e+01 -5.862856937231e-01
4.790000000000e+01 -5.862856937477e-01
4.800000000000e+01 -5.862856937726e-01
4.810000000000e+01 -5.862856937974e-01
4.820000000000e+01 -5.862856938220e-01
4.830000000000e+01 -5.862856938462e-01
4.840000000000e+01 -5.862856938699e-01
4.850000000000e+01 -5.862856938930e-01
4.860000000000e+01 -5.862856939155e-01
4.870000000000e+01 -5.862856939374e-01
4.880000000000e+01 -5.862856939588e-01
4.890000000000e+01 -5.862856939797e-01
4.900000000000e+01 -5.862856940002e-01
4.910000000000e+01 -5.862856940203e-01
4.920000000000e+01 -5.862856940399e-01
4.930000000000e+01 -5.862856940590e-01
4.940000000000e+01 -5.862856940774e-01
4.950000000000e+01 -5.862856940949e-01
4.960000000000e+01 -5.862856941113e-01
4.970000000000e+01 -5.862856941263e-01
4.980000000000e+01 -5.862856941395e-01
4.990000000000e+01 -5.862856941506e-01
5.000000000000e+01 -5.862856941594e-01
5.010000000000e+01 -5.862856941654e-01
5.020000000000e+01 -5.862856941685e-01
5.030000000000e+01 -5.862856941687e-01
5.040000000000e+01 -5.862856941657e-01
5.050000000000e+01 -5.862856941597e-01
5.060000000000e+01 -5.862856941508e-01
5.070000000000e+01 -5.862856941391e-01
5.080000000000e+01 -5.862856941250e-01
5.090000000000e+01 -5.862856941088e-01
5.100000000000e+01 -5.862856940909e-01
5.110000000000e+01 -5.862856940715e-01
5.120000000000e+01 -5.862856940509e-01
5.130000000000e+01 -5.862856940295e-01
5.140000000000e+01 -5.862856940074e-01
5.150000000000e+01 -5.862856939848e-01
5.160000000000e+01 -5.862856939618e-01
5.170000000000e+01 -5.862856939383e-01
5.180000000000e+01 -5.862856939143e-01
5.190000000000e+01 -5.862856938898e-01
5.200000000000e+01 -5.862856938648e-01
5.210000000000e+01 -5.862856938392e-01
5.220000000000e+01 -5.862856938130e-01
5.230000000000e+01 -5.862856937863e-01
5.240000000000e+01 -5.862856937591e-01
5.250000000000e+01 -5.862856937316e-01
5.260000000000e+01 -5.862856937042e-01
5.270000000000e+01 -5.862856936770e-01
5.280000000000e+01 -5.862856936505e-01
5.290000000000e+01 -5.862856936250e-01
5.300000000000e+01 -5.862856936009e-01
5.310000000000e+01 -5.862856935784e-01
5.320000000000e+01 -5.862856935580e-01
5.330000000000e+01 -5.862856935397e-01
5.340000000000e+01 -5.862856935237e-01
5.350000000000e+01 -5.862856935102e-01
5.360000000000e+01 -5.862856934989e-01
5.370000000000e+01 -5.862856934899e-01
5.380000000000e+01 -5.862856934830e-01
5.390000000000e+01 -5.862856934778e-01
5.400000000000e+01 -5.862856934741e-01
5.410000000000e+01 -5.862856934717e-01
5.420000000000e+01 -5.862856934702e-01
5.430000000000e+01 -5.862856934696e-01
5.440000000000e+01 -5.862856934696e-01
5.450000000000e+01 -5.862856934700e-01
5.460000000000e+01 -5.862856934710e-01
5.470000000000e+01 -5.862856934726e-01
5.480000000000e+01 -5.862856934748e-01
5.490000000000e+01 -5.862856934777e-01
5.500000000000e+01 -5.862856934816e-01
5.510000000000e+01 -5.862856934866e-01
5.520000000000e+01 -5.862856934929e-01
5.530000000000e+01 -5.862856935006e-01
5.540000000000e+01 -5.862856935096e-01
5.550000000000e+01 -5.862856935203e-01
5.560000000000e+01 -5.862856935323e-01
5.570000000000e+01 -5.862856935455e-01
5.580000000000e+01 -5.862856935600e-01
5.590000000000e+01 -5.862856935753e-01
5.600000000000e+01 -5.862856935912e-01
5.610000000000e+01 -5.862856936077e-01
5.620000000000e+01 -5.862856936243e-01
5.630000000000e+01 -5.862856936408e-01
5.640000000000e+01 -5.862856936574e-01
5.650000000000e+01 -5.862856936736e-01
5.660000000000e+01 -5.862856936896e-01
5.670000000000e+01 -5.862856937056e-01
5.680000000000e+01 -5.862856937215e-01
5.690000000000e+01 -5.862856937375e-01
5.700000000000e+01 -5.862856937540e-01
5.710000000000e+01 -5.862856937710e-01
5.720000000000e+01 -5.862856937886e-01
5.730000000000e+01 -5.862856938073e-01
5.740000000000e+01 -5.862856938269e-01
5.750000000000e+01 -5.862856938475e-01
5.760000000000e+01 -5.862856938691e-01
5.770000000000e+01 -5.862856938915e-01
5.780000000000e+01 -5.862856939144e-01
5.790000000000e+01 -5.862856939377e-01
5.800000000000e+01 -5.862856939609e-01
5.810000000000e+01 -5.862856939837e-01
5.820000000000e+01 -5.862856940058e-01
5.830000000000e+01 -5.862856940267e-01
5.840000000000e+01 -5.862856940463e-01
5.850000000000e+01 -5.862856940642e-01
5.860000000000e+01 -5.862856940802e-01
5.870000000000e+01 -5.862856940943e-01
5.880000000000e+01 -5.862856941065e-01
5.890000000000e+01 -5.862856941165e-01
5.900000000000e+01 -5.862856941248e-01
5.910000000000e+01 -5.862856941313e-01
5.920000000000e+01 -5.862856941360e-01
5.930000000000e+01 -5.862856941393e-01
5.940000000000e+01 -5.862856941412e-01
5.950000000000e+01 -5.862856941416e-01
5.960000000000e+01 -5.862856941406e-01
5.970000000000e+01 -5.862856941382e-01
5.980000000000e+01 -5.862856941342e-01
5.990000000000e+01 -5.862856941285e-01
6.000000000000e+01 -5.862856941210e-01
6.010000000000e+01 -5.862856941113e-01
6.020000000000e+01 -5.862856940995e-01
6.030000000000e+01 -5.862856940851e-01
6.040000000000e+01 -5.862856940683e-01
6.050000000000e+01 -5.862856940490e-01
6.060000000000e+01 -5.862856940273e-01
6.070000000000e+01 -5.862856940032e-01
6.080000000000e+01 -5.862856939772e-01
6.090000000000e+01 -5.862856939493e-01
6.100000000000e+01 -5.862856939200e-01
6.110000000000e+01 -5.862856938898e-01
6.120000000000e+01 -5.862856938590e-01
6.130000000000e+01 -5.862856938280e-01
6.140000000000e+01 -5.862856937974e-01
6.150000000000e+01 -5.862856937674e-01
6.160000000000e+01 -5.862856937383e-01
6.170000000000e+01 -5.862856937105e-01
6.180000000000e+01 -5.862856936839e-01
6.190000000000e+01 -5.862856936588e-01
6.200000000000e+01 -5.862856936351e-01
6.210000000000e+01 -5.862856936127e-01
6.220000000000e+01 -5.862856935916e-01
6.230000000000e+01 -5.862856935718e-01
6.240000000000e+01 -5.862856935530e-01
6.250000000000e+01 -5.862856935354e-01
6.260000000000e+01 -5.862856935187e-01
6.270000000000e+01 -5.862856935031e-01
6.280000000000e+01 -5.862856934885e-01
6.290000000000e+01 -5.862856934752e-01
6.300000000000e+01 -5.862856934633e-01
6.310000000000e+01 -5.862856934529e-01
6.320000000000e+01 -5.862856934443e-01
6.330000000000e+01 -5.862856934377e-01
6.340000000000e+01 -5.862856934333e-01
6.350000000000e+01 -5.862856934312e-01
6.360000000000e+01 -5.862856934314e-01
6.370000000000e+01 -5.862856934341e-01
6.380000000000e+01 -5.862856934391e-01
6.390000000000e+01 -5.862856934462e-01
6.400000000000e+01 -5.862856934554e-01
6.410000000000e+01 -5.862856934662e-01
6.420000000000e+01 -5.862856934782e-01
6.430000000000e+01 -5.862856934914e-01
6.440000000000e+01 -5.862856935052e-01
6.450000000000e+01 -5.862856935193e-01
6.460000000000e+01 -5.862856935337e-01
6.470000000000e+01 -5.862856935479e-01
6.480000000000e+01 -5.862856935619e-01
6.490000000000e+01 -5.862856935758e-01
6.500000000000e+01 -5.862856935895e-01
6.510000000000e+01 -5.862856936032e-01
6.520000000000e+01 -5.862856936171e-01
6.530000000000e+01 -5.862856936313e-01
6.540000000000e+01 -5.862856936460e-01
6.550000000000e+01 -5.862856936616e-01
6.560000000000e+01 -5.862856936780e-01
6.570000000000e+01 -5.862856936953e-01
6.580000000000e+01 -5.862856937137e-01
6.590000000000e+01 -5.862856937328e-01
6.600000000000e+01 -5.862856937527e-01
6.610000000000e+01 -5.862856937732e-01
6.620000000000e+01 -5.862856937939e-01
6.630000000000e+01 -5.862856938147e-01
6.640000000000e+01 -5.862856938352e-01
6.650000000000e+01 -5.862856938552e-01
6.660000000000e+01 -5.862856938745e-01
6.670000000000e+01 -5.862856938929e-01
6.680000000000e+01 -5.862856939102e-01
6.690000000000e+01 -5.862856939266e-01
6.700000000000e+01 -5.862856939421e-01
6.710000000000e+01 -5.862856939567e-01
6.720000000000e+01 -5.862856939707e-01
6.730000000000e+01 -5.862856939844e-01
6.740000000000e+01 -5.862856939976e-01
6.750000000000e+01 -5.862856940109e-01
6.760000000000e+01 -5.862856940241e-01
6.770000000000e+01 -5.862856940372e-01
6.780000000000e+01 -5.862856940504e-01
6.790000000000e+01 -5.862856940634e-01
6.800000000000e+01 -5.862856940760e-01
6.810000000000e+01 -5.862856940882e-01
6.820000000000e+01 -5.862856940994e-01
6.830000000000e+01 -5.862856941093e-01
6.840000000000e+01 -5.862856941178e-01
6.850000000000e+01 -5.862856941243e-01
6.860000000000e+01 -5.862856941286e-01
6.870000000000e+01 -5.862856941306e-01
6.880000000000e+01 -5.862856941301e-01
6.890000000000e+01 -5.862856941269e-01
6.900000000000e+01 -5.862856941212e-01
6.910000000000e+01 -5.862856941131e-01
6.920000000000e+01 -5.862856941025e-01
6.930000000000e+01 -5.862856940899e-01
6.940000000000e+01 -5.862856940754e-01
6.950000000000e+01 -5.862856940592e-01
6.960000000000e+01 -5.862856940418e-01
6.970000000000e+01 -5.862856940232e-01
6.980000000000e+01 -5.862856940035e-01
6.990000000000e+01 -5.862856939831e-01
7.000000000000e+01 -5.862856939618e-01
7.010000000000e+01 -5.862856939398e-01
7.020000000000e+01 -5.862856939171e-01
7.030000000000e+01 -5.862856938934e-01
7.040000000000e+01 -5.862856938687e-01
7.050000000000e+01 -5.862856938432e-01
7.060000000000e+01 -5.862856938165e-01
7.070000000000e+01 -5.862856937890e-01
7.080000000000e+01 -5.862856937606e-01
7.090000000000e+01 -5.862856937313e-01
7.100000000000e+01 -5.862856937017e-01
7.110000000000e+01 -5.862856936719e-01
7.120000000000e+01 -5.862856936420e-01
7.130000000000e+01 -5.862856936129e-01
7.140000000000e+01 -5.862856935848e-01
7.150000000000e+01 -5.862856935578e-01
7.160000000000e+01 -5.862856935328e-01
7.170000000000e+01 -5.862856935098e-01
7.180000000000e+01 -5.862856934891e-01
7.190000000000e+01 -5.862856934712e-01
7.200000000000e+01 -5.862856934559e-01
7.210000000000e+01 -5.862856934432e-01
7.220000000000e+01 -5.862856934333e-01
7.230000000000e+01 -5.862856934259e-01
7.240000000000e+01 -5.862856934207e-01
7.250000000000e+01 -5.862856934178e-01
7.260000000000e+01 -5.862856934167e-01
7.270000000000e+01 -5.862856934173e-01
7.280000000000e+01 -5.862856934194e-01
7.290000000000e+01 -5.862856934229e-01
7.300000000000e+01 -5.862856934274e-01
7.310000000000e+01 -5.862856934334e-01
7.320000000000e+01 -5.862856934405e-01
7.330000000000e+01 -5.862856934488e-01
7.340000000000e+01 -5.862856934587e-01
7.350000000000e+01 -5.862856934700e-01
7.360000000000e+01 -5.862856934828e-01
7.370000000000e+01 -5.862856934975e-01
7.380000000000e+01 -5.862856935137e-01
7.390000000000e+01 -5.862856935315e-01
7.400000000000e+01 -5.862856935509e-01
7.410000000000e+01 -5.862856935715e-01
7.420000000000e+01 -5.862856935932e-01
7.430000000000e+01 -5.862856936158e-01
7.440000000000e+01 -5.862856936388e-01
7.450000000000e+01 -5.862856936620e-01
7.460000000000e+01 -5.862856936851e-01
7.470000000000e+01 -5.862856937074e-01
7.480000000000e+01 -5.862856937291e-01
7.490000000000e+01 -5.862856937499e-01
7.500000000000e+01 -5.862856937695e-01
7.510000000000e+01 -5.862856937880e-01
7.520000000000e+01 -5.862856938055e-01
7.530000000000e+01 -5.862856938220e-01
7.540000000000e+01 -5.862856938379e-01
7.550000000000e+01 -5.862856938532e-01
7.560000000000e+01 -5.862856938681e-01
7.570000000000e+01 -5.862856938831e-01
7.580000000000e+01 -5.862856938981e-01
7.590000000000e+01 -5.862856939132e-01
7.600000000000e+01 -5.862856939287e-01
7.610000000000e+01 -5.862856939444e-01
7.620000000000e+01 -5.862856939602e-01
7.630000000000e+01 -5.862856939763e-01
7.640000000000e+01 -5.862856939920e-01
7.650000000000e+01 -5.862856940073e-01
7.660000000000e+01 -5.862856940221e-01
7.670000000000e+01 -5.862856940358e-01
7.680000000000e+01 -5.862856940483e-01
7.690000000000e+01 -5.862856940595e-01
7.700000000000e+01 -5.862856940692e-01
7.710000000000e+01 -5.862856940772e-01
7.720000000000e+01 -5.862856940838e-01
7.730000000000e+01 -5.862856940887e-01
7.740000000000e+01 -5.862856940922e-01
7.750000000000e+01 -5.862856940944e-01
7.760000000000e+01 -5.862856940955e-01
7.770000000000e+01 -5.862856940956e-01
7.780000000000e+01 -5.862856940949e-01
7.790000000000e+01 -5.862856940934e-01
7.800000000000e+01 -5.862856940913e-01
7.810000000000e+01 -5.862856940885e-01
7.820000000000e+01 -5.862856940848e-01
7.830000000000e+01 -5.862856940802e-01
7.840000000000e+01 -5.862856940745e-01
7.850000000000e+01 -5.862856940673e-01
7.860000000000e+01 -5.862856940585e-01
7.870000000000e+01 -5.862856940479e-01
7.880000000000e+01 -5.862856940351e-01
7.890000000000e+01 -5.862856940201e-01
7.900000000000e+01 -5.862856940029e-01
7.910000000000e+01 -5.862856939832e-01
7.920000000000e+01 -5.862856939613e-01
7.930000000000e+01 -5.862856939375e-01
7.940000000000e+01 -5.862856939118e-01
7.950000000000e+01 -5.862856938848e-01
7.960000000000e+01 -5.862856938566e-01
7.970000000000e+01 -5.862856938277e-01
7.980000000000e+01 -5.862856937986e-01
7.990000000000e+01 -5.862856937696e-01
8.000000000000e+01 -5.862856937409e-01
8.010000000000e+01 -5.862856937129e-01
8.020000000000e+01 -5.862856936857e-01
8.030000000000e+01 -5.862856936594e-01
8.040000000000e+01 -5.862856936342e-01
8.050000000000e+01 -5.862856936100e-01
8.060000000000e+01 -5.862856935867e-01
8.070000000000e+01 -5.862856935643e-01
8.080000000000e+01 -5.862856935429e-01
8.090000000000e+01 -5.862856935222e-01
8.100000000000e+01 -5.862856935024e-01
8.110000000000e+01 -5.862856934835e-01
8.120000000000e+01 -5.862856934656e-01
8.130000000000e+01 -5.862856934490e-01
8.140000000000e+01 -5.862856934339e-01
8.150000000000e+01 -5.862856934204e-01
8.160000000000e+01 -5.862856934091e-01
8.170000000000e+01 -5.862856934000e-01
8.180000000000e+01 -5.862856933934e-01
8.190000000000e+01 -5.862856933897e-01
8.200000000000e+01 -5.862856933889e-01
8.210000000000e+01 -5.862856933911e-01
8.220000000000e+01 -5.862856933963e-01
8.230000000000e+01 -5.862856934043e-01
8.240000000000e+01 -5.862856934150e-01
8.250000000000e+01 -5.862856934282e-01
8.260000000000e+01 -5.862856934435e-01
8.270000000000e+01 -5.862856934606e-01
8.280000000000e+01 -5.862856934791e-01
8.290000000000e+01 -5.862856934987e-01
8.300000000000e+01 -5.862856935191e-01
8.310000000000e+01 -5.862856935400e-01
8.320000000000e+01 -5.862856935611e-01
8.330000000000e+01 -5.862856935824e-01
8.340000000000e+01 -5.862856936037e-01
8.350000000000e+01 -5.862856936250e-01
8.360000000000e+01 -5.862856936464e-01
8.370000000000e+01 -5.862856936679e-01
8.380000000000e+01 -5.862856936896e-01
8.390000000000e+01 -5.862856937116e-01
8.400000000000e+01 -5.862856937340e-01
8.410000000000e+01 -5.862856937567e-01
8.420000000000e+01 -5.862856937798e-01
8.430000000000e+01 -5.862856938031e-01
8.440000000000e+01 -5.862856938264e-01
8.450000000000e+01 -5.862856938497e-01
8.460000000000e+01 -5.862856938725e-01
8.470000000000e+01 -5.862856938946e-01
8.480000000000e+01 -5.862856939158e-01
8.490000000000e+01 -5.862856939357e-01
8.500000000000e+01 -5.862856939542e-01
8.510000000000e+01 -5.862856939711e-01
8.520000000000e+01 -5.862856939863e-01
8.530000000000e+01 -5.862856939996e-01
8.540000000000e+01 -5.862856940112e-01
8.550000000000e+01 -5.862856940212e-01
8.560000000000e+01 -5.862856940297e-01
8.570000000000e+01 -5.862856940370e-01
8.580000000000e+01 -5.862856940433e-01
8.590000000000e+01 -5.862856940488e-01
8.600000000000e+01 -5.862856940539e-01
8.610000000000e+01 -5.862856940585e-01
8.620000000000e+01 -5.862856940630e-01
8.630000000000e+01 -5.862856940674e-01
8.640000000000e+01 -5.862856940715e-01
8.650000000000e+01 -5.862856940754e-01
8.660000000000e+01 -5.862856940790e-01
8.670000000000e+01 -5.862856940819e-01
8.680000000000e+01 -5.862856940840e-01
8.690000000000e+01 -5.862856940851e-01
8.700000000000e+01 -5.862856940848e-01
8.710000000000e+01 -5.862856940830e-01
8.720000000000e+01 -5.862856940794e-01
8.730000000000e+01 -5.862856940740e-01
8.740000000000e+01 -5.862856940669e-01
8.750000000000e+01 -5.862856940579e-01
8.760000000000e+01 -5.862856940472e-01
8.770000000000e+01 -5.862856940350e-01
8.780000000000e+01 -5.862856940216e-01
8.790000000000e+01 -5.862856940069e-01
8.800000000000e+01 -5.862856939915e-01
8.810000000000e+01 -5.862856939754e-01
8.820000000000e+01 -5.862856939587e-01
8.830000000000e+01 -5.862856939416e-01
8.840000000000e+01 -5.862856939241e-01
8.850000000000e+01 -5.862856939060e-01
8.860000000000e+01 -5.862856938875e-01
8.870000000000e+01 -5.862856938682e-01
8.880000000000e+01 -5.862856938482e-01
8.890000000000e+01 -5.862856938272e-01
8.900000000000e+01 -5.862856938052e-01
8.910000000000e+01 -5.862856937819e-01
8.920000000000e+01 -5.862856937577e-01
8.930000000000e+01 -5.862856937322e-01
8.940000000000e+01 -5.862856937057e-01
8.950000000000e+01 -5.862856936786e-01
8.960000000000e+01 -5.862856936509e-01
8.970000000000e+01 -5.862856936231e-01
8.980000000000e+01 -5.862856935956e-01
8.990000000000e+01 -5.862856935686e-01
9.000000000000e+01 -5.862856935428e-01
9.010000000000e+01 -5.862856935184e-01
9.020000000000e+01 -5.862856934957e-01
9.030000000000e+01 -5.862856934751e-01
9.040000000000e+01 -5.862856934569e-01
9.050000000000e+01 -5.862856934411e-01
9.060000000000e+01 -5.862856934278e-01
9.070000000000e+01 -5.862856934170e-01
9.080000000000e+01 -5.862856934085e-01
9.090000000000e+01 -5.862856934023e-01
9.100000000000e+01 -5.862856933982e-01
9.110000000000e+01 -5.862856933960e-01
9.120000000000e+01 -5.862856933957e-01
9.130000000000e+01 -5.862856933971e-01
9.140000000000e+01 -5.862856934001e-01
9.150000000000e+01 -5.862856934047e-01
9.160000000000e+01 -5.862856934111e-01
9.170000000000e+01 -5.862856934192e-01
9.180000000000e+01 -5.862856934292e-01
9.190000000000e+01 -5.862856934412e-01
9.200000000000e+01 -5.862856934553e-01
9.210000000000e+01 -5.862856934717e-01
9.220000000000e+01 -5.862856934903e-01
9.230000000000e+01 -5.862856935111e-01
9.240000000000e+01 -5.862856935341e-01
9.250000000000e+01 -5.862856935591e-01
9.260000000000e+01 -5.862856935857e-01
9.270000000000e+01 -5.862856936137e-01
9.280000000000e+01 -5.862856936427e-01
9.290000000000e+01 -5.862856936722e-01
9.300000000000e+01 -5.862856937019e-01
9.310000000000e+01 -5.862856937313e-01
9.320000000000e+01 -5.862856937600e-01
9.330000000000e+01 -5.862856937878e-01
9.340000000000e+01 -5.862856938143e-01
9.350000000000e+01 -5.862856938393e-01
9.360000000000e+01 -5.862856938629e-01
9.370000000000e+01 -5.862856938849e-01
9.380000000000e+01 -5.862856939054e-01
9.390000000000e+01 -5.862856939247e-01
9.400000000000e+01 -5.862856939426e-01
9.410000000000e+01 -5.862856939596e-01
9.420000000000e+01 -5.862856939757e-01
9.430000000000e+01 -5.862856939909e-01
9.440000000000e+01 -5.862856940055e-01
9.450000000000e+01 -5.862856940196e-01
9.460000000000e+01 -5.862856940328e-01
9.470000000000e+01 -5.862856940453e-01
9.480000000000e+01 -5.862856940569e-01
9.490000000000e+01 -5.862856940674e-01
9.500000000000e+01 -5.862856940767e-01
9.510000000000e+01 -5.862856940845e-01
9.520000000000e+01 -5.862856940905e-01
9.530000000000e+01 -5.862856940948e-01
9.540000000000e+01 -5.862856940973e-01
9.550000000000e+01 -5.862856940979e-01
9.560000000000e+01 -5.862856940968e-01
9.570000000000e+01 -5.862856940940e-01
9.580000000000e+01 -5.862856940895e-01
9.590000000000e+01 -5.862856940839e-01
9.600000000000e+01 -5.862856940773e-01
9.610000000000e+01 -5.862856940697e-01
9.620000000000e+01 -5.862856940617e-01
9.630000000000e+01 -5.862856940533e-01
9.640000000000e+01 -5.862856940447e-01
9.650000000000e+01 -5.862856940360e-01
9.660000000000e+01 -5.862856940272e-01
9.670000000000e+01 -5.862856940182e-01
9.680000000000e+01 -5.862856940090e-01
9.690000000000e+01 -5.862856939993e-01
9.700000000000e+01 -5.862856939888e-01
9.710000000000e+01 -5.862856939776e-01
9.720000000000e+01 -5.862856939653e-01
9.730000000000e+01 -5.862856939516e-01
9.740000000000e+01 -5.862856939365e-01
9.750000000000e+01 -5.862856939199e-01
9.760000000000e+01 -5.862856939017e-01
9.770000000000e+01 -5.862856938821e-01
9.780000000000e+01 -5.862856938611e-01
9.790000000000e+01 -5.862856938389e-01
9.800000000000e+01 -5.862856938161e-01
9.810000000000e+01 -5.862856937925e-01
9.820000000000e+01 -5.862856937686e-01
9.830000000000e+01 -5.862856937448e-01
9.840000000000e+01 -5.862856937212e-01
9.850000000000e+01 -5.862856936981e-01
9.860000000000e+01 -5.862856936756e-01
9.870000000000e+01 -5.862856936537e-01
9.880000000000e+01 -5.862856936325e-01
9.890000000000e+01 -5.862856936122e-01
9.900000000000e+01 -5.862856935924e-01
9.910000000000e+01 -5.862856935732e-01
9.920000000000e+01 -5.862856935545e-01
9.930000000000e+01 -5.862856935361e-01
9.940000000000e+01 -5.862856935182e-01
9.950000000000e+01 -5.862856935008e-01
9.960000000000e+01 -5.862856934837e-01
9.970000000000e+01 -5.862856934673e-01
9.980000000000e+01 -5.862856934518e-01
9.990000000000e+01 -5.862856934373e-01
1.000000000000e+02 -5.862856934243e-01
1.001000000000e+02 -5.862856934131e-01
1.002000000000e+02 -5.862856934038e-01
1.003000000000e+02 -5.862856933971e-01
1.004000000000e+02 -5.862856933931e-01
1.005000000000e+02 -5.862856933918e-01
1.006000000000e+02 -5.862856933937e-01
1.007000000000e+02 -5.862856933985e-01
1.008000000000e+02 -5.862856934062e-01
1.009000000000e+02 -5.862856934167e-01
1.010000000000e+02 -5.862856934298e-01
1.011000000000e+02 -5.862856934451e-01
1.012000000000e+02 -5.862856934626e-01
1.013000000000e+02 -5.862856934817e-01
1.014000000000e+02 -5.862856935021e-01
1.015000000000e+02 -5.862856935237e-01
1.016000000000e+02 -5.862856935461e-01
1.017000000000e+02 -5.862856935692e-01
1.018000000000e+02 -5.862856935930e-01
1.019000000000e+02 -5.862856936173e-01
1.020000000000e+02 -5.862856936420e-01
1.021000000000e+02 -5.862856936673e-01
1.022000000000e+02 -5.862856936931e-01
1.023000000000e+02 -5.862856937195e-01
1.024000000000e+02 -5.862856937466e-01
1.025000000000e+02 -5.862856937742e-01
1.026000000000e+02 -5.862856938021e-01
1.027000000000e+02 -5.862856938305e-01
1.028000000000e+02 -5.862856938588e-01
1.029000000000e+02 -5.862856938870e-01
1.030000000000e+02 -5.862856939147e-01
1.031000000000e+02 -5.862856939414e-01
1.032000000000e+02 -5.862856939669e-01
1.033000000000e+02 -5.862856939909e-01
1.034000000000e+02 -5.862856940129e-01
1.035000000000e+02 -5.862856940329e-01
1.036000000000e+02 -5.862856940506e-01
1.037000000000e+02 -5.862856940658e-01
1.038000000000e+02 -5.862856940785e-01
1.039000000000e+02 -5.862856940888e-01
1.040000000000e+02 -5.862856940967e-01
1.041000000000e+02 -5.862856941025e-01
1.042000000000e+02 -5.862856941065e-01
1.043000000000e+02 -5.862856941088e-01
1.044000000000e+02 -5.862856941098e-01
1.045000000000e+02 -5.862856941096e-01
1.046000000000e+02 -5.862856941084e-01
1.047000000000e+02 -5.862856941064e-01
1.048000000000e+02 -5.862856941037e-01
1.049000000000e+02 -5.862856941002e-01
1.050000000000e+02 -5.862856940959e-01
1.051000000000e+02 -5.862856940909e-01
1.052000000000e+02 -5.862856940848e-01
1.053000000000e+02 -5.862856940777e-01
1.054000000000e+02 -5.862856940694e-01
1.055000000000e+02 -5.862856940597e-01
1.056000000000e+02 -5.862856940487e-01
1.057000000000e+02 -5.862856940362e-01
1.058000000000e+02 -5.862856940224e-01
1.059000000000e+02 -5.862856940074e-01
1.060000000000e+02 -5.862856939913e-01
1.061000000000e+02 -5.862856939743e-01
1.062000000000e+02 -5.862856939567e-01
1.063000000000e+02 -5.862856939386e-01
1.064000000000e+02 -5.862856939204e-01
1.065000000000e+02 -5.862856939023e-01
1.066000000000e+02 -5.862856938844e-01
1.067000000000e+02 -5.862856938669e-01
1.068000000000e+02 -5.862856938498e-01
1.069000000000e+02 -5.862856938331e-01
1.070000000000e+02 -5.862856938167e-01
1.071000000000e+02 -5.862856938005e-01
1.072000000000e+02 -5.862856937844e-01
1.073000000000e+02 -5.862856937681e-01
1.074000000000e+02 -5.862856937514e-01
1.075000000000e+02 -5.862856937342e-01
1.076000000000e+02 -5.862856937162e-01
1.077000000000e+02 -5.862856936975e-01
1.078000000000e+02 -5.862856936780e-01
1.079000000000e+02 -5.862856936578e-01
1.080000000000e+02 -5.862856936371e-01
1.081000000000e+02 -5.862856936159e-01
1.082000000000e+02 -5.862856935946e-01
1.083000000000e+02 -5.862856935736e-01
1.084000000000e+02 -5.862856935530e-01
1.085000000000e+02 -5.862856935334e-01
1.086000000000e+02 -5.862856935148e-01
1.087000000000e+02 -5.862856934977e-01
1.088000000000e+02 -5.862856934821e-01
1.089000000000e+02 -5.862856934684e-01
1.090000000000e+02 -5.862856934565e-01
1.091000000000e+02 -5.862856934466e-01
1.092000000000e+02 -5.862856934385e-01
1.093000000000e+02 -5.862856934321e-01
1.094000000000e+02 -5.862856934274e-01
1.095000000000e+02 -5.862856934242e-01
1.096000000000e+02 -5.862856934224e-01
1.097000000000e+02 -5.862856934220e-01
1.098000000000e+02 -5.862856934229e-01
1.099000000000e+02 -5.862856934250e-01
1.100000000000e+02 -5.862856934286e-01
1.101000000000e+02 -5.862856934338e-01
1.102000000000e+02 -5.862856934407e-01
1.103000000000e+02 -5.862856934495e-01
1.104000000000e+02 -5.862856934603e-01
1.105000000000e+02 -5.862856934734e-01
1.106000000000e+02 -5.862856934889e-01
1.107000000000e+02 -5.862856935068e-01
1.108000000000e+02 -5.862856935272e-01
1.109000000000e+02 -5.862856935499e-01
1.110000000000e+02 -5.862856935749e-01
1.111000000000e+02 -5.862856936018e-01
1.112000000000e+02 -5.862856936303e-01
1.113000000000e+02 -5.862856936601e-01
1.114000000000e+02 -5.862856936907e-01
1.115000000000e+02 -5.862856937218e-01
1.116000000000e+02 -5.862856937529e-01
1.117000000000e+02 -5.862856937837e-01
1.118000000000e+02 -5.862856938139e-01
1.119000000000e+02 -5.862856938430e-01
1.120000000000e+02 -5.862856938710e-01
1.121000000000e+02 -5.862856938976e-01
1.122000000000e+02 -5.862856939229e-01
1.123000000000e+02 -5.862856939468e-01
1.124000000000e+02 -5.862856939694e-01
1.125000000000e+02 -5.862856939906e-01
1.126000000000e+02 -5.862856940107e-01
1.127000000000e+02 -5.862856940297e-01
1.128000000000e+02 -5.862856940476e-01
1.129000000000e+02 -5.862856940644e-01
1.130000000000e+02 -5.862856940800e-01
1.131000000000e+02 -5.862856940943e-01
1.132000000000e+02 -5.862856941071e-01
1.133000000000e+02 -5.862856941183e-01
1.134000000000e+02 -5.862856941276e-01
1.135000000000e+02 -5.862856941348e-01
1.136000000000e+02 -5.862856941397e-01
1.137000000000e+02 -5.862856941422e-01
1.138000000000e+02 -5.862856941421e-01
1.139000000000e+02 -5.862856941395e-01
1.140000000000e+02 -5.862856941343e-01
1.141000000000e+02 -5.862856941268e-01
1.142000000000e+02 -5.862856941170e-01
1.143000000000e+02 -5.862856941052e-01
1.144000000000e+02 -5.862856940919e-01
1.145000000000e+02 -5.862856940772e-01
1.146000000000e+02 -5.862856940616e-01
1.147000000000e+02 -5.862856940454e-01
1.148000000000e+02 -5.862856940289e-01
1.149000000000e+02 -5.862856940122e-01
1.150000000000e+02 -5.862856939957e-01
1.151000000000e+02 -5.862856939793e-01
1.152000000000e+02 -5.862856939630e-01
1.153000000000e+02 -5.862856939468e-01
1.154000000000e+02 -5.862856939305e-01
1.155000000000e+02 -5.862856939141e-01
1.156000000000e+02 -5.862856938973e-01
1.157000000000e+02 -5.862856938801e-01
1.158000000000e+02 -5.862856938622e-01
1.159000000000e+02 -5.862856938437e-01
1.160000000000e+02 -5.862856938245e-01
1.161000000000e+02 -5.862856938047e-01
1.162000000000e+02 -5.862856937844e-01
1.163000000000e+02 -5.862856937637e-01
1.164000000000e+02 -5.862856937430e-01
1.165000000000e+02 -5.862856937224e-01
1.166000000000e+02 -5.862856937022e-01
1.167000000000e+02 -5.862856936825e-01
1.168000000000e+02 -5.862856936638e-01
1.169000000000e+02 -5.862856936461e-01
1.170000000000e+02 -5.862856936295e-01
1.171000000000e+02 -5.862856936141e-01
1.172000000000e+02 -5.862856935996e-01
1.173000000000e+02 -5.862856935863e-01
1.174000000000e+02 -5.862856935739e-01
1.175000000000e+02 -5.862856935621e-01
1.176000000000e+02 -5.862856935508e-01
1.177000000000e+02 -5.862856935400e-01
1.178000000000e+02 -5.862856935292e-01
1.179000000000e+02 -5.862856935187e-01
1.180000000000e+02 -5.862856935082e-01
1.181000000000e+02 -5.862856934978e-01
1.182000000000e+02 -5.862856934877e-01
1.183000000000e+02 -5.862856934780e-01
1.184000000000e+02 -5.862856934688e-01
1.185000000000e+02 -5.862856934607e-01
1.186000000000e+02 -5.862856934538e-01
1.187000000000e+02 -5.862856934483e-01
1.188000000000e+02 -5.862856934447e-01
1.189000000000e+02 -5.862856934432e-01
1.190000000000e+02 -5.862856934437e-01
1.191000000000e+02 -5.862856934467e-01
1.192000000000e+02 -5.862856934520e-01
1.193000000000e+02 -5.862856934596e-01
1.194000000000e+02 -5.862856934696e-01
1.195000000000e+02 -5.862856934815e-01
1.196000000000e+02 -5.862856934952e-01
1.197000000000e+02 -5.862856935106e-01
1.198000000000e+02 -5.862856935273e-01
1.199000000000e+02 -5.862856935452e-01
1.200000000000e+02 -5.862856935640e-01
1.201000000000e+02 -5.862856935837e-01
1.202000000000e+02 -5.862856936040e-01
1.203000000000e+02 -5.862856936252e-01
1.204000000000e+02 -5.862856936470e-01
1.205000000000e+02 -5.862856936695e-01
1.206000000000e+02 -5.862856936929e-01
1.207000000000e+02 -5.862856937172e-01
1.208000000000e+02 -5.862856937425e-01
1.209000000000e+02 -5.862856937688e-01
1.210000000000e+02 -5.862856937960e-01
1.211000000000e+02 -5.862856938241e-01
1.212000000000e+02 -5.862856938529e-01
1.213000000000e+02 -5.862856938820e-01
1.214000000000e+02 -5.862856939113e-01
1.215000000000e+02 -5.862856939404e-01
1.216000000000e+02 -5.862856939686e-01
1.217000000000e+02 -5.862856939958e-01
1.218000000000e+02 -5.862856940216e-01
1.219000000000e+02 -5.862856940453e-01
1.220000000000e+02 -5.862856940670e-01
1.221000000000e+02 -5.862856940861e-01
1.222000000000e+02 -5.862856941025e-01
1.223000000000e+02 -5.862856941163e-01
1.224000000000e+02 -5.862856941273e-01
1.225000000000e+02 -5.862856941357e-01
1.226000000000e+02 -5.862856941416e-01
1.227000000000e+02 -5.862856941454e-01
1.228000000000e+02 -5.862856941470e-01
1.229000000000e+02 -5.862856941468e-01
1.230000000000e+02 -5.862856941450e-01
1.231000000000e+02 -5.862856941417e-01
1.232000000000e+02 -5.862856941371e-01
1.233000000000e+02 -5.862856941311e-01
1.234000000000e+02 -5.862856941238e-01
1.235000000000e+02 -5.862856941151e-01
1.236000000000e+02 -5.862856941049e-01
1.237000000000e+02 -5.862856940931e-01
1.238000000000e+02 -5.862856940796e-01
1.239000000000e+02 -5.862856940645e-01
1.240000000000e+02 -5.862856940475e-01
1.241000000000e+02 -5.862856940288e-01
1.242000000000e+02 -5.862856940085e-01
1.243000000000e+02 -5.862856939867e-01
1.244000000000e+02 -5.862856939636e-01
1.245000000000e+02 -5.862856939396e-01
1.246000000000e+02 -5.862856939149e-01
1.247000000000e+02 -5.862856938899e-01
1.248000000000e+02 -5.862856938651e-01
1.249000000000e+02 -5.862856938406e-01
1.250000000000e+02 -5.862856938169e-01
1.251000000000e+02 -5.862856937942e-01
1.252000000000e+02 -5.862856937726e-01
1.253000000000e+02 -5.862856937523e-01
1.254000000000e+02 -5.862856937333e-01
1.255000000000e+02 -5.862856937154e-01
1.256000000000e+02 -5.862856936986e-01
1.257000000000e+02 -5.862856936827e-01
1.258000000000e+02 -5.862856936675e-01
1.259000000000e+02 -5.862856936527e-01
1.260000000000e+02 -5.862856936383e-01
1.261000000000e+02 -5.862856936240e-01
1.262000000000e+02 -5.862856936097e-01
1.263000000000e+02 -5.862856935953e-01
1.264000000000e+02 -5.862856935810e-01
1.265000000000e+02 -5.862856935669e-01
1.266000000000e+02 -5.862856935530e-01
1.267000000000e+02 -5.862856935396e-01
1.268000000000e+02 -5.862856935269e-01
1.269000000000e+02 -5.862856935151e-01
1.270000000000e+02 -5.862856935046e-01
1.271000000000e+02 -5.862856934955e-01
1.272000000000e+02 -5.862856934878e-01
1.273000000000e+02 -5.862856934818e-01
1.274000000000e+02 -5.862856934773e-01
1.275000000000e+02 -5.862856934745e-01
1.276000000000e+02 -5.862856934730e-01
1.277000000000e+02 -5.862856934728e-01
1.278000000000e+02 -5.862856934737e-01
1.279000000000e+02 -5.862856934756e-01
1.280000000000e+02 -5.862856934781e-01
1.281000000000e+02 -5.862856934812e-01
1.282000000000e+02 -5.862856934849e-01
1.283000000000e+02 -5.862856934890e-01
1.284000000000e+02 -5.862856934937e-01
1.285000000000e+02 -5.862856934992e-01
1.286000000000e+02 -5.862856935054e-01
1.287000000000e+02 -5.862856935127e-01
1.288000000000e+02 -5.862856935213e-01
1.289000000000e+02 -5.862856935313e-01
1.290000000000e+02 -5.862856935433e-01
1.291000000000e+02 -5.862856935572e-01
1.292000000000e+02 -5.862856935731e-01
1.293000000000e+02 -5.862856935912e-01
1.294000000000e+02 -5.862856936114e-01
1.295000000000e+02 -5.862856936334e-01
1.296000000000e+02 -5.862856936572e-01
1.297000000000e+02 -5.862856936823e-01
1.298000000000e+02 -5.862856937085e-01
1.299000000000e+02 -5.862856937355e-01
1.300000000000e+02 -5.862856937629e-01
1.301000000000e+02 -5.862856937902e-01
1.302000000000e+02 -5.862856938175e-01
1.303000000000e+02 -5.862856938441e-01
1.304000000000e+02 -5.862856938701e-01
1.305000000000e+02 -5.862856938954e-01
1.306000000000e+02 -5.862856939197e-01
1.307000000000e+02 -5.862856939431e-01
1.308000000000e+02 -5.862856939657e-01
1.309000000000e+02 -5.862856939873e-01
1.310000000000e+02 -5.862856940082e-01
1.311000000000e+02 -5.862856940285e-01
1.312000000000e+02 -5.862856940480e-01
1.313000000000e+02 -5.862856940668e-01
1.314000000000e+02 -5.862856940847e-01
1.315000000000e+02 -5.862856941014e-01
1.316000000000e+02 -5.862856941170e-01
1.317000000000e+02 -5.862856941311e-01
1.318000000000e+02 -5.862856941433e-01
1.319000000000e+02 -5.862856941535e-01
1.320000000000e+02 -5.862856941613e-01
1.321000000000e+02 -5.862856941664e-01
1.322000000000e+02 -5.862856941687e-01
1.323000000000e+02 -5.862856941680e-01
1.324000000000e+02 -5.862856941642e-01
1.325000000000e+02 -5.862856941575e-01
1.326000000000e+02 -5.862856941480e-01
1.327000000000e+02 -5.862856941358e-01
1.328000000000e+02 -5.862856941212e-01
1.329000000000e+02 -5.862856941045e-01
1.330000000000e+02 -5.862856940861e-01
1.331000000000e+02 -5.862856940664e-01
1.332000000000e+02 -5.862856940456e-01
1.333000000000e+02 -5.862856940240e-01
1.334000000000e+02 -5.862856940020e-01
1.335000000000e+02 -5.862856939797e-01
1.336000000000e+02 -5.862856939572e-01
1.337000000000e+02 -5.862856939346e-01
1.338000000000e+02 -5.862856939119e-01
1.339000000000e+02 -5.862856938890e-01
1.340000000000e+02 -5.862856938660e-01
1.341000000000e+02 -5.862856938426e-01
1.342000000000e+02 -5.862856938188e-01
1.343000000000e+02 -5.862856937948e-01
1.344000000000e+02 -5.862856937704e-01
1.345000000000e+02 -5.862856937457e-01
1.346000000000e+02 -5.862856937209e-01
1.347000000000e+02 -5.862856936962e-01
1.348000000000e+02 -5.862856936720e-01
1.349000000000e+02 -5.862856936485e-01
1.350000000000e+02 -5.862856936260e-01
1.351000000000e+02 -5.862856936048e-01
1.352000000000e+02 -5.862856935853e-01
1.353000000000e+02 -5.862856935676e-01
1.354000000000e+02 -5.862856935519e-01
1.355000000000e+02 -5.862856935384e-01
1.356000000000e+02 -5.862856935269e-01
1.357000000000e+02 -5.862856935173e-01
1.358000000000e+02 -5.862856935096e-01
1.359000000000e+02 -5.862856935035e-01
1.360000000000e+02 -5.862856934987e-01
1.361000000000e+02 -5.862856934951e-01
1.362000000000e+02 -5.862856934921e-01
1.363000000000e+02 -5.862856934897e-01
1.364000000000e+02 -5.862856934877e-01
1.365000000000e+02 -5.862856934859e-01
1.366000000000e+02 -5.862856934844e-01
1.367000000000e+02 -5.862856934832e-01
1.368000000000e+02 -5.862856934822e-01
1.369000000000e+02 -5.862856934819e-01
1.370000000000e+02 -5.862856934824e-01
1.371000000000e+02 -5.862856934838e-01
1.372000000000e+02 -5.862856934865e-01
1.373000000000e+02 -5.862856934906e-01
1.374000000000e+02 -5.862856934963e-01
1.375000000000e+02 -5.862856935037e-01
1.376000000000e+02 -5.862856935128e-01
1.377000000000e+02 -5.862856935235e-01
1.378000000000e+02 -5.862856935357e-01
1.379000000000e+02 -5.862856935492e-01
1.380000000000e+02 -5.862856935637e-01
1.381000000000e+02 -5.862856935792e-01
1.382000000000e+02 -5.862856935952e-01
1.383000000000e+02 -5.862856936115e-01
1.384000000000e+02 -5.862856936280e-01
1.385000000000e+02 -5.862856936447e-01
1.386000000000e+02 -5.862856936614e-01
1.387000000000e+02 -5.862856936783e-01
1.388000000000e+02 -5.862856936954e-01
1.389000000000e+02 -5.862856937127e-01
1.390000000000e+02 -5.862856937307e-01
1.391000000000e+02 -5.862856937493e-01
1.392000000000e+02 -5.862856937687e-01
1.393000000000e+02 -5.862856937892e-01
1.394000000000e+02 -5.862856938106e-01
1.395000000000e+02 -5.862856938332e-01
1.396000000000e+02 -5.862856938568e-01
1.397000000000e+02 -5.862856938813e-01
1.398000000000e+02 -5.862856939064e-01
1.399000000000e+02 -5.862856939318e-01
1.400000000000e+02 -5.862856939572e-01
1.401000000000e+02 -5.862856939821e-01
1.402000000000e+02 -5.862856940063e-01
1.403000000000e+02 -5.862856940292e-01
1.404000000000e+02 -5.862856940505e-01
1.405000000000e+02 -5.862856940700e-01
1.406000000000e+02 -5.862856940873e-01
1.407000000000e+02 -5.862856941023e-01
1.408000000000e+02 -5.862856941151e-01
1.409000000000e+02 -5.862856941255e-01
1.410000000000e+02 -5.862856941336e-01
1.411000000000e+02 -5.862856941397e-01
1.412000000000e+02 -5.862856941437e-01
1.413000000000e+02 -5.862856941460e-01
1.414000000000e+02 -5.862856941466e-01
1.415000000000e+02 -5.862856941456e-01
1.416000000000e+02 -5.862856941432e-01
1.417000000000e+02 -5.862856941393e-01
1.418000000000e+02 -5.862856941337e-01
1.419000000000e+02 -5.862856941267e-01
1.420000000000e+02 -5.862856941179e-01
1.421000000000e+02 -5.862856941072e-01
1.422000000000e+02 -5.862856940945e-01
1.423000000000e+02 -5.862856940796e-01
1.424000000000e+02 -5.862856940623e-01
1.425000000000e+02 -5.862856940428e-01
1.426000000000e+02 -5.862856940210e-01
1.427000000000e+02 -5.862856939970e-01
1.428000000000e+02 -5.862856939712e-01
1.429000000000e+02 -5.862856939436e-01
1.430000000000e+02 -5.862856939148e-01
1.431000000000e+02 -5.862856938852e-01
1.432000000000e+02 -5.862856938551e-01
1.433000000000e+02 -5.862856938250e-01
1.434000000000e+02 -5.862856937954e-01
1.435000000000e+02 -5.862856937665e-01
1.436000000000e+02 -5.862856937387e-01
1.437000000000e+02 -5.862856937124e-01
1.438000000000e+02 -5.862856936875e-01
1.439000000000e+02 -5.862856936641e-01
1.440000000000e+02 -5.862856936423e-01
1.441000000000e+02 -5.862856936220e-01
1.442000000000e+02 -5.862856936030e-01
1.443000000000e+02 -5.862856935853e-01
1.444000000000e+02 -5.862856935686e-01
1.445000000000e+02 -5.862856935528e-01
1.446000000000e+02 -5.862856935379e-01
1.447000000000e+02 -5.862856935236e-01
1.448000000000e+02 -5.862856935101e-01
1.449000000000e+02 -5.862856934975e-01
1.450000000000e+02 -5.862856934858e-01
1.451000000000e+02 -5.862856934753e-01
1.452000000000e+02 -5.862856934664e-01
1.453000000000e+02 -5.862856934589e-01
1.454000000000e+02 -5.862856934534e-01
1.455000000000e+02 -5.862856934500e-01
1.456000000000e+02 -5.862856934485e-01
1.457000000000e+02 -5.862856934492e-01
1.458000000000e+02 -5.862856934520e-01
1.459000000000e+02 -5.862856934566e-01
1.460000000000e+02 -5.862856934632e-01
1.461000000000e+02 -5.862856934714e-01
1.462000000000e+02 -5.862856934806e-01
1.463000000000e+02 -5.862856934910e-01
1.464000000000e+02 -5.862856935021e-01
1.465000000000e+02 -5.862856935133e-01
1.466000000000e+02 -5.862856935249e-01
1.467000000000e+02 -5.862856935365e-01
1.468000000000e+02 -5.862856935478e-01
1.469000000000e+02 -5.862856935592e-01
1.470000000000e+02 -5.862856935705e-01
1.471000000000e+02 -5.862856935818e-01
1.472000000000e+02 -5.862856935936e-01
1.473000000000e+02 -5.862856936059e-01
1.474000000000e+02 -5.862856936189e-01
1.475000000000e+02 -5.862856936331e-01
1.476000000000e+02 -5.862856936483e-01
1.477000000000e+02 -5.862856936648e-01
1.478000000000e+02 -5.862856936828e-01
1.479000000000e+02 -5.862856937020e-01
1.480000000000e+02 -5.862856937224e-01
1.481000000000e+02 -5.862856937438e-01
1.482000000000e+02 -5.862856937660e-01
1.483000000000e+02 -5.862856937886e-01
1.484000000000e+02 -5.862856938115e-01
1.485000000000e+02 -5.862856938342e-01
1.486000000000e+02 -5.862856938564e-01
1.487000000000e+02 -5.862856938781e-01
1.488000000000e+02 -5.862856938990e-01
1.489000000000e+02 -5.862856939189e-01
1.490000000000e+02 -5.862856939379e-01
1.491000000000e+02 -5.862856939559e-01
1.492000000000e+02 -5.862856939731e-01
1.493000000000e+02 -5.862856939897e-01
1.494000000000e+02 -5.862856940057e-01
1.495000000000e+02 -5.862856940213e-01
1.496000000000e+02 -5.862856940367e-01
1.497000000000e+02 -5.862856940518e-01
1.498000000000e+02 -5.862856940666e-01
1.499000000000e+02 -5.862856940813e-01
1.500000000000e+02 -5.862856940953e-01
1.501000000000e+02 -5.862856941085e-01
1.502000000000e+02 -5.862856941208e-01
1.503000000000e+02 -5.862856941316e-01
1.504000000000e+02 -5.862856941406e-01
1.505000000000e+02 -5.862856941476e-01
1.506000000000e+02 -5.862856941520e-01
1.507000000000e+02 -5.862856941539e-01
1.508000000000e+02 -5.862856941529e-01
1.509000000000e+02 -5.862856941489e-01
1.510000000000e+02 -5.862856941420e-01
1.511000000000e+02 -5.862856941323e-01
1.512000000000e+02 -5.862856941199e-01
1.513000000000e+02 -5.862856941052e-01
1.514000000000e+02 -5.862856940884e-01
1.515000000000e+02 -5.862856940698e-01
1.516000000000e+02 -5.862856940498e-01
1.517000000000e+02 -5.862856940287e-01
1.518000000000e+02 -5.862856940066e-01
1.519000000000e+02 -5.862856939840e-01
1.520000000000e+02 -5.862856939607e-01
1.521000000000e+02 -5.862856939370e-01
1.522000000000e+02 -5.862856939128e-01
1.523000000000e+02 -5.862856938881e-01
1.524000000000e+02 -5.862856938627e-01
1.525000000000e+02 -5.862856938368e-01
1.526000000000e+02 -5.862856938102e-01
1.527000000000e+02 -5.862856937828e-01
1.528000000000e+02 -5.862856937549e-01
1.529000000000e+02 -5.862856937264e-01
1.530000000000e+02 -5.862856936975e-01
1.531000000000e+02 -5.862856936686e-01
1.532000000000e+02 -5.862856936400e-01
1.533000000000e+02 -5.862856936119e-01
1.534000000000e+02 -5.862856935850e-01
1.535000000000e+02 -5.862856935594e-01
1.536000000000e+02 -5.862856935356e-01
1.537000000000e+02 -5.862856935141e-01
1.538000000000e+02 -5.862856934949e-01
1.539000000000e+02 -5.862856934783e-01
1.540000000000e+02 -5.862856934645e-01
1.541000000000e+02 -5.862856934533e-01
1.542000000000e+02 -5.862856934448e-01
1.543000000000e+02 -5.862856934388e-01
1.544000000000e+02 -5.862856934348e-01
1.545000000000e+02 -5.862856934329e-01
1.546000000000e+02 -5.862856934327e-01
1.547000000000e+02 -5.862856934337e-01
1.548000000000e+02 -5.862856934360e-01
1.549000000000e+02 -5.862856934393e-01
1.550000000000e+02 -5.862856934433e-01
1.551000000000e+02 -5.862856934481e-01
1.552000000000e+02 -5.862856934538e-01
1.553000000000e+02 -5.862856934602e-01
1.554000000000e+02 -5.862856934677e-01
1.555000000000e+02 -5.862856934763e-01
1.556000000000e+02 -5.862856934862e-01
1.557000000000e+02 -5.862856934977e-01
1.558000000000e+02 -5.862856935107e-01
1.559000000000e+02 -5.862856935252e-01
1.560000000000e+02 -5.862856935415e-01
1.561000000000e+02 -5.862856935591e-01
1.562000000000e+02 -5.862856935778e-01
1.563000000000e+02 -5.862856935977e-01
1.564000000000e+02 -5.862856936183e-01
1.565000000000e+02 -5.862856936391e-01
1.566000000000e+02 -5.862856936601e-01
1.567000000000e+02 -5.862856936808e-01
1.568000000000e+02 -5.862856937010e-01
1.569000000000e+02 -5.862856937205e-01
1.570000000000e+02 -5.862856937392e-01
1.571000000000e+02 -5.862856937569e-01
1.572000000000e+02 -5.862856937740e-01
1.573000000000e+02 -5.862856937902e-01
1.574000000000e+02 -5.862856938059e-01
1.575000000000e+02 -5.862856938215e-01
1.576000000000e+02 -5.862856938369e-01
1.577000000000e+02 -5.862856938525e-01
1.578000000000e+02 -5.862856938687e-01
1.579000000000e+02 -5.862856938854e-01
1.580000000000e+02 -5.862856939027e-01
1.581000000000e+02 -5.862856939208e-01
1.582000000000e+02 -5.862856939393e-01
1.583000000000e+02 -5.862856939582e-01
1.584000000000e+02 -5.862856939772e-01
1.585000000000e+02 -5.862856939960e-01
1.586000000000e+02 -5.862856940142e-01
1.587000000000e+02 -5.862856940317e-01
1.588000000000e+02 -5.862856940478e-01
1.589000000000e+02 -5.862856940625e-01
1.590000000000e+02 -5.862856940756e-01
1.591000000000e+02 -5.862856940868e-01
1.592000000000e+02 -5.862856940962e-01
1.593000000000e+02 -5.862856941038e-01
1.594000000000e+02 -5.862856941095e-01
1.595000000000e+02 -5.862856941136e-01
1.596000000000e+02 -5.862856941163e-01
1.597000000000e+02 -5.862856941176e-01
1.598000000000e+02 -5.862856941179e-01
1.599000000000e+02 -5.862856941171e-01
1.600000000000e+02 -5.862856941152e-01
1.601000000000e+02 -5.862856941125e-01
1.602000000000e+02 -5.862856941086e-01
1.603000000000e+02 -5.862856941036e-01
1.604000000000e+02 -5.862856940974e-01
1.605000000000e+02 -5.862856940895e-01
1.606000000000e+02 -5.862856940798e-01
1.607000000000e+02 -5.862856940682e-01
1.608000000000e+02 -5.862856940543e-01
1.609000000000e+02 -5.862856940380e-01
1.610000000000e+02 -5.862856940192e-01
1.611000000000e+02 -5.862856939980e-01
1.612000000000e+02 -5.862856939745e-01
1.613000000000e+02 -5.862856939489e-01
1.614000000000e+02 -5.862856939214e-01
1.615000000000e+02 -5.862856938924e-01
1.616000000000e+02 -5.862856938624e-01
1.617000000000e+02 -5.862856938318e-01
1.618000000000e+02 -5.862856938011e-01
1.619000000000e+02 -5.862856937707e-01
1.620000000000e+02 -5.862856937408e-01
1.621000000000e+02 -5.862856937118e-01
1.622000000000e+02 -5.862856936841e-01
1.623000000000e+02 -5.862856936575e-01
1.624000000000e+02 -5.862856936323e-01
1.625000000000e+02 -5.862856936085e-01
1.626000000000e+02 -5.862856935860e-01
1.627000000000e+02 -5.862856935647e-01
1.628000000000e+02 -5.862856935444e-01
1.629000000000e+02 -5.862856935252e-01
1.630000000000e+02 -5.862856935069e-01
1.631000000000e+02 -5.862856934896e-01
1.632000000000e+02 -5.862856934732e-01
1.633000000000e+02 -5.862856934580e-01
1.634000000000e+02 -5.862856934441e-01
1.635000000000e+02 -5.862856934317e-01
1.636000000000e+02 -5.862856934212e-01
1.637000000000e+02 -5.862856934127e-01
1.638000000000e+02 -5.862856934065e-01
1.639000000000e+02 -5.862856934030e-01
1.640000000000e+02 -5.862856934022e-01
1.641000000000e+02 -5.862856934042e-01
1.642000000000e+02 -5.862856934091e-01
1.643000000000e+02 -5.862856934167e-01
1.644000000000e+02 -5.862856934269e-01
1.645000000000e+02 -5.862856934394e-01
1.646000000000e+02 -5.862856934539e-01
1.647000000000e+02 -5.862856934700e-01
1.648000000000e+02 -5.862856934873e-01
1.649000000000e+02 -5.862856935054e-01
1.650000000000e+02 -5.862856935240e-01
1.651000000000e+02 -5.862856935428e-01
1.652000000000e+02 -5.862856935617e-01
1.653000000000e+02 -5.862856935804e-01
1.654000000000e+02 -5.862856935990e-01
1.655000000000e+02 -5.862856936173e-01
1.656000000000e+02 -5.862856936356e-01
1.657000000000e+02 -5.862856936539e-01
1.658000000000e+02 -5.862856936724e-01
1.659000000000e+02 -5.862856936912e-01
1.660000000000e+02 -5.862856937105e-01
1.661000000000e+02 -5.862856937303e-01
1.662000000000e+02 -5.862856937507e-01
1.663000000000e+02 -5.862856937717e-01
1.664000000000e+02 -5.862856937931e-01
1.665000000000e+02 -5.862856938148e-01
1.666000000000e+02 -5.862856938365e-01
1.667000000000e+02 -5.862856938580e-01
1.668000000000e+02 -5.862856938789e-01
1.669000000000e+02 -5.862856938991e-01
1.670000000000e+02 -5.862856939183e-01
1.671000000000e+02 -5.862856939362e-01
1.672000000000e+02 -5.862856939527e-01
1.673000000000e+02 -5.862856939678e-01
1.674000000000e+02 -5.862856939814e-01
1.675000000000e+02 -5.862856939936e-01
1.676000000000e+02 -5.862856940046e-01
1.677000000000e+02 -5.862856940145e-01
1.678000000000e+02 -5.862856940236e-01
1.679000000000e+02 -5.862856940321e-01
1.680000000000e+02 -5.862856940401e-01
1.681000000000e+02 -5.862856940481e-01
1.682000000000e+02 -5.862856940558e-01
1.683000000000e+02 -5.862856940635e-01
1.684000000000e+02 -5.862856940712e-01
1.685000000000e+02 -5.862856940786e-01
1.686000000000e+02 -5.862856940856e-01
1.687000000000e+02 -5.862856940920e-01
1.688000000000e+02 -5.862856940974e-01
1.689000000000e+02 -5.862856941016e-01
1.690000000000e+02 -5.862856941042e-01
1.691000000000e+02 -5.862856941049e-01
1.692000000000e+02 -5.862856941036e-01
1.693000000000e+02 -5.862856941001e-01
1.694000000000e+02 -5.862856940942e-01
1.695000000000e+02 -5.862856940862e-01
1.696000000000e+02 -5.862856940760e-01
1.697000000000e+02 -5.862856940638e-01
1.698000000000e+02 -5.862856940499e-01
1.699000000000e+02 -5.862856940344e-01
1.700000000000e+02 -5.862856940176e-01
1.701000000000e+02 -5.862856939999e-01
1.702000000000e+02 -5.862856939813e-01
1.703000000000e+02 -5.862856939622e-01
1.704000000000e+02 -5.862856939425e-01
1.705000000000e+02 -5.862856939224e-01
1.706000000000e+02 -5.862856939016e-01
1.707000000000e+02 -5.862856938804e-01
1.708000000000e+02 -5.862856938584e-01
1.709000000000e+02 -5.862856938355e-01
1.710000000000e+02 -5.862856938117e-01
1.711000000000e+02 -5.862856937869e-01
1.712000000000e+02 -5.862856937609e-01
1.713000000000e+02 -5.862856937340e-01
1.714000000000e+02 -5.862856937060e-01
1.715000000000e+02 -5.862856936774e-01
1.716000000000e+02 -5.862856936485e-01
1.717000000000e+02 -5.862856936194e-01
1.718000000000e+02 -5.862856935907e-01
1.719000000000e+02 -5.862856935629e-01
1.720000000000e+02 -5.862856935364e-01
1.721000000000e+02 -5.862856935116e-01
1.722000000000e+02 -5.862856934889e-01
1.723000000000e+02 -5.862856934685e-01
1.724000000000e+02 -5.862856934509e-01
1.725000000000e+02 -5.862856934360e-01
1.726000000000e+02 -5.862856934237e-01
1.727000000000e+02 -5.862856934143e-01
1.728000000000e+02 -5.862856934074e-01
1.729000000000e+02 -5.862856934030e-01
1.730000000000e+02 -5.862856934007e-01
1.731000000000e+02 -5.862856934005e-01
1.732000000000e+02 -5.862856934020e-01
1.733000000000e+02 -5.862856934051e-01
1.734000000000e+02 -5.862856934098e-01
1.735000000000e+02 -5.862856934158e-01
1.736000000000e+02 -5.862856934232e-01
1.737000000000e+02 -5.862856934321e-01
1.738000000000e+02 -5.862856934424e-01
1.739000000000e+02 -5.862856934545e-01
1.740000000000e+02 -5.862856934682e-01
1.741000000000e+02 -5.862856934838e-01
1.742000000000e+02 -5.862856935014e-01
1.743000000000e+02 -5.862856935209e-01
1.744000000000e+02 -5.862856935422e-01
1.745000000000e+02 -5.862856935653e-01
1.746000000000e+02 -5.862856935899e-01
1.747000000000e+02 -5.862856936157e-01
1.748000000000e+02 -5.862856936424e-01
1.749000000000e+02 -5.862856936696e-01
1.750000000000e+02 -5.862856936968e-01
1.751000000000e+02 -5.862856937239e-01
1.752000000000e+02 -5.862856937502e-01
1.753000000000e+02 -5.862856937756e-01
1.754000000000e+02 -5.862856937997e-01
1.755000000000e+02 -5.862856938223e-01
1.756000000000e+02 -5.862856938434e-01
1.757000000000e+02 -5.862856938631e-01
1.758000000000e+02 -5.862856938813e-01
1.759000000000e+02 -5.862856938984e-01
1.760000000000e+02 -5.862856939144e-01
1.761000000000e+02 -5.862856939295e-01
1.762000000000e+02 -5.862856939440e-01
1.763000000000e+02 -5.862856939581e-01
1.764000000000e+02 -5.862856939718e-01
1.765000000000e+02 -5.862856939854e-01
1.766000000000e+02 -5.862856939987e-01
1.767000000000e+02 -5.862856940117e-01
1.768000000000e+02 -5.862856940244e-01
1.769000000000e+02 -5.862856940364e-01
1.770000000000e+02 -5.862856940475e-01
1.771000000000e+02 -5.862856940577e-01
1.772000000000e+02 -5.862856940666e-01
1.773000000000e+02 -5.862856940739e-01
1.774000000000e+02 -5.862856940797e-01
1.775000000000e+02 -5.862856940837e-01
1.776000000000e+02 -5.862856940859e-01
1.777000000000e+02 -5.862856940866e-01
1.778000000000e+02 -5.862856940857e-01
1.779000000000e+02 -5.862856940834e-01
1.780000000000e+02 -5.862856940801e-01
1.781000000000e+02 -5.862856940758e-01
1.782000000000e+02 -5.862856940708e-01
1.783000000000e+02 -5.862856940654e-01
1.784000000000e+02 -5.862856940595e-01
1.785000000000e+02 -5.862856940534e-01
1.786000000000e+02 -5.862856940472e-01
1.787000000000e+02 -5.862856940405e-01
1.788000000000e+02 -5.862856940334e-01
1.789000000000e+02 -5.862856940257e-01
1.790000000000e+02 -5.862856940170e-01
1.791000000000e+02 -5.862856940072e-01
1.792000000000e+02 -5.862856939961e-01
1.793000000000e+02 -5.862856939832e-01
1.794000000000e+02 -5.862856939686e-01
1.795000000000e+02 -5.862856939521e-01
1.796000000000e+02 -5.862856939336e-01
1.797000000000e+02 -5.862856939133e-01
1.798000000000e+02 -5.862856938913e-01
1.799000000000e+02 -5.862856938679e-01
1.800000000000e+02 -5.862856938432e-01
1.801000000000e+02 -5.862856938178e-01
1.802000000000e+02 -5.862856937917e-01
1.803000000000e+02 -5.862856937656e-01
1.804000000000e+02 -5.862856937396e-01
1.805000000000e+02 -5.862856937140e-01
1.806000000000e+02 -5.862856936890e-01
1.807000000000e+02 -5.862856936650e-01
1.808000000000e+02 -5.862856936418e-01
1.809000000000e+02 -5.862856936195e-01
1.810000000000e+02 -5.862856935981e-01
1.811000000000e+02 -5.862856935775e-01
1.812000000000e+02 -5.862856935576e-01
1.813000000000e+02 -5.862856935384e-01
1.814000000000e+02 -5.862856935198e-01
1.815000000000e+02 -5.862856935018e-01
1.816000000000e+02 -5.862856934844e-01
1.817000000000e+02 -5.862856934678e-01
1.818000000000e+02 -5.862856934522e-01
1.819000000000e+02 -5.862856934377e-01
1.820000000000e+02 -5.862856934246e-01
1.821000000000e+02 -5.862856934134e-01
1.822000000000e+02 -5.862856934042e-01
1.823000000000e+02 -5.862856933974e-01
1.824000000000e+02 -5.862856933933e-01
1.825000000000e+02 -5.862856933921e-01
1.826000000000e+02 -5.862856933939e-01
1.827000000000e+02 -5.862856933988e-01
1.828000000000e+02 -5.862856934068e-01
1.829000000000e+02 -5.862856934177e-01
1.830000000000e+02 -5.862856934312e-01
1.831000000000e+02 -5.862856934471e-01
1.832000000000e+02 -5.862856934651e-01
1.833000000000e+02 -5.862856934846e-01
1.834000000000e+02 -5.862856935053e-01
1.835000000000e+02 -5.862856935269e-01
1.836000000000e+02 -5.862856935492e-01
1.837000000000e+02 -5.862856935718e-01
1.838000000000e+02 -5.862856935946e-01
1.839000000000e+02 -5.862856936177e-01
1.840000000000e+02 -5.862856936409e-01
1.841000000000e+02 -5.862856936642e-01
1.842000000000e+02 -5.862856936878e-01
1.843000000000e+02 -5.862856937117e-01
1.844000000000e+02 -5.862856937360e-01
1.845000000000e+02 -5.862856937608e-01
1.846000000000e+02 -5.862856937859e-01
1.847000000000e+02 -5.862856938113e-01
1.848000000000e+02 -5.862856938370e-01
1.849000000000e+02 -5.862856938627e-01
1.850000000000e+02 -5.862856938880e-01
1.851000000000e+02 -5.862856939128e-01
1.852000000000e+02 -5.862856939365e-01
1.853000000000e+02 -5.862856939588e-01
1.854000000000e+02 -5.862856939796e-01
1.855000000000e+02 -5.862856939985e-01
1.856000000000e+02 -5.862856940152e-01
1.857000000000e+02 -5.862856940297e-01
1.858000000000e+02 -5.862856940419e-01
1.859000000000e+02 -5.862856940518e-01
1.860000000000e+02 -5.862856940597e-01
1.861000000000e+02 -5.862856940656e-01
1.862000000000e+02 -5.862856940699e-01
1.863000000000e+02 -5.862856940729e-01
1.864000000000e+02 -5.862856940748e-01
1.865000000000e+02 -5.862856940759e-01
1.866000000000e+02 -5.862856940764e-01
1.867000000000e+02 -5.862856940765e-01
1.868000000000e+02 -5.862856940762e-01
1.869000000000e+02 -5.862856940756e-01
1.870000000000e+02 -5.862856940745e-01
1.871000000000e+02 -5.862856940729e-01
1.872000000000e+02 -5.862856940707e-01
1.873000000000e+02 -5.862856940675e-01
1.874000000000e+02 -5.862856940633e-01
1.875000000000e+02 -5.862856940579e-01
1.876000000000e+02 -5.862856940510e-01
1.877000000000e+02 -5.862856940427e-01
1.878000000000e+02 -5.862856940329e-01
1.879000000000e+02 -5.862856940215e-01
1.880000000000e+02 -5.862856940087e-01
1.881000000000e+02 -5.862856939947e-01
1.882000000000e+02 -5.862856939796e-01
1.883000000000e+02 -5.862856939638e-01
1.884000000000e+02 -5.862856939474e-01
1.885000000000e+02 -5.862856939307e-01
1.886000000000e+02 -5.862856939139e-01
1.887000000000e+02 -5.862856938971e-01
1.888000000000e+02 -5.862856938804e-01
1.889000000000e+02 -5.862856938639e-01
1.890000000000e+02 -5.862856938474e-01
1.891000000000e+02 -5.862856938309e-01
1.892000000000e+02 -5.862856938144e-01
1.893000000000e+02 -5.862856937975e-01
1.894000000000e+02 -5.862856937799e-01
1.895000000000e+02 -5.862856937616e-01
1.896000000000e+02 -5.862856937425e-01
1.897000000000e+02 -5.862856937223e-01
1.898000000000e+02 -5.862856937012e-01
1.899000000000e+02 -5.862856936791e-01
1.900000000000e+02 -5.862856936563e-01
1.901000000000e+02 -5.862856936330e-01
1.902000000000e+02 -5.862856936093e-01
1.903000000000e+02 -5.862856935858e-01
1.904000000000e+02 -5.862856935628e-01
1.905000000000e+02 -5.862856935406e-01
1.906000000000e+02 -5.862856935197e-01
1.907000000000e+02 -5.862856935004e-01
1.908000000000e+02 -5.862856934830e-01
1.909000000000e+02 -5.862856934676e-01
1.910000000000e+02 -5.862856934545e-01
1.911000000000e+02 -5.862856934436e-01
1.912000000000e+02 -5.862856934349e-01
1.913000000000e+02 -5.862856934284e-01
1.914000000000e+02 -5.862856934238e-01
1.915000000000e+02 -5.862856934212e-01
1.916000000000e+02 -5.862856934202e-01
1.917000000000e+02 -5.862856934207e-01
1.918000000000e+02 -5.862856934227e-01
1.919000000000e+02 -5.862856934261e-01
1.920000000000e+02 -5.862856934309e-01
1.921000000000e+02 -5.862856934372e-01
1.922000000000e+02 -5.862856934451e-01
1.923000000000e+02 -5.862856934546e-01
1.924000000000e+02 -5.862856934662e-01
1.925000000000e+02 -5.862856934799e-01
1.926000000000e+02 -5.862856934957e-01
1.927000000000e+02 -5.862856935139e-01
1.928000000000e+02 -5.862856935345e-01
1.929000000000e+02 -5.862856935572e-01
1.930000000000e+02 -5.862856935821e-01
1.931000000000e+02 -5.862856936088e-01
1.932000000000e+02 -5.862856936370e-01
1.933000000000e+02 -5.862856936666e-01
1.934000000000e+02 -5.862856936968e-01
1.935000000000e+02 -5.862856937273e-01
1.936000000000e+02 -5.862856937577e-01
1.937000000000e+02 -5.862856937875e-01
1.938000000000e+02 -5.862856938163e-01
1.939000000000e+02 -5.862856938440e-01
1.940000000000e+02 -5.862856938701e-01
1.941000000000e+02 -5.862856938946e-01
1.942000000000e+02 -5.862856939177e-01
1.943000000000e+02 -5.862856939392e-01
1.944000000000e+02 -5.862856939591e-01
1.945000000000e+02 -5.862856939777e-01
1.946000000000e+02 -5.862856939950e-01
1.947000000000e+02 -5.862856940112e-01
1.948000000000e+02 -5.862856940266e-01
1.949000000000e+02 -5.862856940410e-01
1.950000000000e+02 -5.862856940544e-01
1.951000000000e+02 -5.862856940671e-01
1.952000000000e+02 -5.862856940786e-01
1.953000000000e+02 -5.862856940888e-01
1.954000000000e+02 -5.862856940978e-01
1.955000000000e+02 -5.862856941049e-01
1.956000000000e+02 -5.862856941102e-01
1.957000000000e+02 -5.862856941136e-01
1.958000000000e+02 -5.862856941146e-01
1.959000000000e+02 -5.862856941134e-01
1.960000000000e+02 -5.862856941100e-01
1.961000000000e+02 -5.862856941042e-01
1.962000000000e+02 -5.862856940965e-01
1.963000000000e+02 -5.862856940870e-01
1.964000000000e+02 -5.862856940759e-01
1.965000000000e+02 -5.862856940638e-01
1.966000000000e+02 -5.862856940508e-01
1.967000000000e+02 -5.862856940372e-01
1.968000000000e+02 -5.862856940236e-01
1.969000000000e+02 -5.862856940099e-01
1.970000000000e+02 -5.862856939963e-01
1.971000000000e+02 -5.862856939831e-01
1.972000000000e+02 -5.862856939700e-01
1.973000000000e+02 -5.862856939570e-01
1.974000000000e+02 -5.862856939441e-01
1.975000000000e+02 -5.862856939310e-01
1.976000000000e+02 -5.862856939173e-01
1.977000000000e+02 -5.862856939032e-01
1.978000000000e+02 -5.862856938882e-01
1.979000000000e+02 -5.862856938722e-01
1.980000000000e+02 -5.862856938553e-01
1.981000000000e+02 -5.862856938372e-01
1.982000000000e+02 -5.862856938181e-01
1.983000000000e+02 -5.862856937982e-01
1.984000000000e+02 -5.862856937777e-01
1.985000000000e+02 -5.862856937567e-01
1.986000000000e+02 -5.862856937358e-01
1.987000000000e+02 -5.862856937149e-01
1.988000000000e+02 -5.862856936944e-01
1.989000000000e+02 -5.862856936749e-01
1.990000000000e+02 -5.862856936560e-01
1.991000000000e+02 -5.862856936380e-01
1.992000000000e+02 -5.862856936211e-01
1.993000000000e+02 -5.862856936051e-01
1.994000000000e+02 -5.862856935899e-01
1.995000000000e+02 -5.862856935755e-01
1.996000000000e+02 -5.862856935615e-01
1.997000000000e+02 -5.862856935480e-01
1.998000000000e+02 -5.862856935348e-01
1.999000000000e+02 -5.862856935216e-01
2.000000000000e+02 -5.862856935086e-01
